MycGrotzsch 23 00000111110111111111100 400 16 570
1123 45
1571 45
132131 45
1049635 45
2097251 45
2097699 45
1219 45
1667 45
132227 45
1049731 45
2097347 45
2097795 45
651 45
32907 45
1048715 45
66627 45
67075 45
197635 45
1115139 45
4263939 45
4292611 45
4390915 45
5308419 45
263235 45
263683 45
394243 45
1311747 45
262667 45
294923 45
1310731 45
4460547 45
4489219 45
4587523 45
5505027 45
8715 45
40971 45
1056779 45
4206595 45
4235267 45
4333571 45
5251075 45
4200451 45
4229123 45
4327427 45
5244931 45
341 45
4373 45
131349 45
1361 45
1809 45
132369 45
1049873 45
2097489 45
2097937 45
16469 45
20501 45
147477 45
4214801 45
4243473 45
4341777 45
5259281 45
524373 45
528405 45
655381 45
525393 45
525841 45
656401 45
1573905 45
4722705 45
4751377 45
4849681 45
5767185 45
1137 45
1585 45
132145 45
1049649 45
2097265 45
2097713 45
66641 45
67089 45
197649 45
1115153 45
4263953 45
4292625 45
4390929 45
5308433 45
4200465 45
4229137 45
4327441 45
5244945 45
310 45
2326 45
65814 45
1318 45
1414 45
66822 45
263430 45
2097446 45
2097542 45
16438 45
18454 45
81942 45
4212742 45
4218886 45
4276230 45
4472838 45
524342 45
526358 45
589846 45
525350 45
525446 45
590854 45
787462 45
4720646 45
4726790 45
4784134 45
4980742 45
1126 45
1222 45
66630 45
263238 45
2097254 45
2097350 45
132134 45
132230 45
197638 45
394246 45
4327430 45
4333574 45
4390918 45
4587526 45
4200454 45
4206598 45
4263942 45
4460550 45
589 45
4621 45
131597 45
1612 45
1804 45
132620 45
525836 45
2097740 45
2097932 45
32845 45
36877 45
163853 45
4231180 45
4243468 45
4358156 45
4751372 45
1048653 45
1052685 45
1179661 45
1049676 45
1049868 45
1180684 45
1573900 45
5246988 45
5259276 45
5373964 45
5767180 45
1228 45
1420 45
132236 45
525452 45
2097356 45
2097548 45
263244 45
263436 45
394252 45
787468 45
4460556 45
4472844 45
4587532 45
4980748 45
4206604 45
4218892 45
4333580 45
4726796 45
186 45
8250 45
262202 45
1208 45
1592 45
263224 45
1049656 45
2097336 45
2097720 45
2202 45
10266 45
264218 45
4204568 45
4229144 45
4458520 45
5244952 45
65690 45
73754 45
327706 45
66712 45
67096 45
328728 45
1115160 45
4268056 45
4292632 45
4522008 45
5308440 45
1432 45
1816 45
263448 45
1049880 45
2097560 45
2097944 45
525464 45
525848 45
787480 45
1573912 45
4726808 45
4751384 45
4980760 45
5767192 45
4218904 45
4243480 45
4472856 45
5259288 45
4200482 28
4200496 28
4206626 28
4263970 28
4263984 28
4264992 28
4460578 28
4461600 28
4214832 28
4722736 28
4723744 28
4330528 28
5248032 28
4404 28
5412 28
2101540 28
20532 28
528436 28
529444 28
5220 28
2101348 28
136228 28
5217 28
2101345 28
5665 28
2101793 28
136225 28
1053729 28
32938 28
33960 28
2130088 28
41002 28
294954 28
295976 28
34344 28
2130472 28
1082408 28
4229154 28
4229168 28
4235298 28
4292642 28
4292656 28
4293664 28
4489250 28
4490272 28
4243504 28
4751408 28
4752416 28
4359200 28
5276704 28
33889 28
2130017 28
34337 28
2130465 28
164897 28
1082401 28
4200513 28
4200516 28
4229185 28
4327489 28
4327492 28
4328512 28
5244993 28
5246016 28
4212804 28
4720708 28
4721728 28
4262976 28
4459584 28
2388 28
3408 28
2099536 28
18516 28
526420 28
527440 28
3184 28
2099312 28
68688 28
3170 28
2099298 28
3266 28
2099394 28
68674 28
265282 28
8777 28
9800 28
2105928 28
41033 28
1056841 28
1057864 28
9416 28
2105544 28
271432 28
4206657 28
4206660 28
4235329 28
4333633 28
4333636 28
4334656 28
5251137 28
5252160 28
4218948 28
4726852 28
4727872 28
4269120 28
4465728 28
9314 28
2105442 28
9410 28
2105538 28
74818 28
271426 28
4200578 28
4206722 28
4206728 28
4264066 28
4265088 28
4460674 28
4460680 28
4461696 28
4231304 28
5247112 28
5248128 28
4330624 28
4723840 28
4745 28
5761 28
2101889 28
37001 28
1052809 28
1053825 28
5313 28
2101441 28
136321 28
5316 28
2101444 28
5508 28
2101636 28
136324 28
529540 28
16562 28
17584 28
2113712 28
18578 28
82066 28
83088 28
17808 28
2113936 28
541840 28
4212866 28
4219010 28
4219016 28
4276354 28
4277376 28
4472962 28
4472968 28
4473984 28
4243592 28
5259400 28
5260416 28
4342912 28
4736128 28
17604 28
2113732 28
17796 28
2113924 28
148612 28
541828 28
4206852 28
4219140 28
4219152 28
4333828 28
4334848 28
4727044 28
4727056 28
4728064 28
4204816 28
4268304 28
4269312 28
4465920 28
5252352 28
8498 28
9506 28
2105634 28
10514 28
74002 28
75010 28
9602 28
2105730 28
271618 28
9608 28
2105736 28
9992 28
2106120 28
271624 28
1058056 28
33093 28
34113 28
2130241 28
37125 28
164101 28
165121 28
34561 28
2130689 28
1082625 28
4231428 28
4243716 28
4243728 28
4358404 28
4359424 28
4751620 28
4751632 28
4752640 28
4229392 28
4292880 28
4293888 28
4490496 28
5276928 28
34184 28
2130312 28
34568 28
2130696 28
296200 28
1082632 28
4200961 28
4229633 28
4229640 28
4327937 28
4328960 28
5245441 28
5245448 28
5246464 28
4205064 28
4459016 28
4460032 28
4263424 28
4722176 28
2698 28
3714 28
2099842 28
10762 28
264714 28
265730 28
3618 28
2099746 28
69122 28
3632 28
2099760 28
3856 28
2099984 28
69136 28
527888 28
16965 28
17988 28
2114116 28
20997 28
147973 28
148996 28
18180 28
2114308 28
542212 28
4215297 28
4243969 28
4243976 28
4342273 28
4343296 28
5259777 28
5259784 28
5260800 28
4219400 28
4473352 28
4474368 28
4277760 28
4736512 28
17968 28
2114096 28
18192 28
2114320 28
83472 28
542224 28
6293538 65
6293634 65
6293552 65
6293776 65
6299682 65
6299778 65
6299784 65
6300168 65
6357026 65
6357122 65
6357040 65
6357264 65
6358048 65
6358080 65
6358144 65
6358272 65
6358528 65
6553634 65
6553730 65
6554656 65
6554688 65
6554752 65
6554880 65
6555136 65
6553736 65
6554120 65
6307888 65
6308112 65
6307908 65
6308100 65
6815792 65
6816016 65
6816800 65
6816832 65
6816896 65
6817024 65
6817280 65
6815812 65
6816004 65
6423584 65
6423616 65
6423680 65
6423808 65
6424064 65
6422593 65
6423041 65
6422596 65
6422788 65
7341088 65
7341120 65
7341184 65
7341312 65
7341568 65
7340097 65
7340545 65
7340168 65
7340552 65
6295617 65
6296065 65
6295620 65
6295812 65
6324289 65
6324737 65
6324360 65
6324744 65
