# templates read=251888 evaluated=251888 bipartite_skipped=0
0.0399992510  L?AA@?OaBOBwBw  25g=0.999981276   x=[0.00000,0.00000,0.00000,0.20000,0.05000,0.05000,0.05000,0.05000,0.20000,0.00000,0.00000,0.20000,0.20000]
0.0399992415  L?AA@AO[FOBwB{  25g=0.999981038   x=[0.00000,0.00000,0.00000,0.19999,0.05000,0.05000,0.05000,0.05000,0.10000,0.10000,0.00000,0.20000,0.20000]
0.0399992406  L??CA?oICXIqDs  25g=0.999981016   x=[0.00000,0.20000,0.00000,0.05000,0.00000,0.05000,0.05000,0.20000,0.00000,0.05000,0.00000,0.20000,0.20000]
0.0399992381  L??CA?_eAgDwBw  25g=0.999980952   x=[0.00000,0.00000,0.20000,0.00000,0.05000,0.05000,0.05000,0.05000,0.20000,0.00000,0.00000,0.20000,0.20000]
0.0399992376  L??CA?oiCgHsBw  25g=0.999980940   x=[0.00000,0.20000,0.00000,0.00000,0.05000,0.05000,0.05000,0.20000,0.05000,0.00000,0.00000,0.20000,0.20000]
0.0399992321  L??CA?oaLGJoFo  25g=0.999980802   x=[0.00000,0.20001,0.00000,0.05000,0.05000,0.05000,0.05000,0.20000,0.00000,0.00000,0.00000,0.20000,0.20000]
0.0399992287  L??CA?oyFG@{Fo  25g=0.999980718   x=[0.00000,0.00000,0.00000,0.20000,0.05000,0.05000,0.05000,0.05000,0.20000,0.00000,0.00000,0.20000,0.20000]
0.0399992283  L?AA@?OqDOBwBw  25g=0.999980707   x=[0.00000,0.00000,0.00000,0.20000,0.05000,0.05000,0.05000,0.05000,0.20000,0.00000,0.00000,0.20000,0.20000]
0.0399992257  L??CA?oiBGBwBw  25g=0.999980642   x=[0.00000,0.00000,0.00000,0.20000,0.05000,0.05000,0.05000,0.05000,0.20000,0.00000,0.00000,0.20000,0.20000]
0.0399992252  L??CA?oICGJoFo  25g=0.999980630   x=[0.00000,0.20000,0.00000,0.05000,0.05000,0.05000,0.05000,0.20001,0.00000,0.00000,0.00000,0.20000,0.20000]
0.0399992220  L?AA@?Oq@KBwBw  25g=0.999980549   x=[0.00000,0.00000,0.00000,0.20000,0.05000,0.05000,0.05000,0.05000,0.20000,0.00000,0.00000,0.20000,0.20000]
0.0399992206  L?AA@?OaF?BwBw  25g=0.999980515   x=[0.00000,0.00000,0.00000,0.20000,0.05000,0.05000,0.05000,0.05000,0.20000,0.00000,0.00000,0.20000,0.20000]
0.0399992205  L??CA?oICHJoFo  25g=0.999980511   x=[0.00000,0.20000,0.00000,0.05000,0.05000,0.05000,0.05000,0.20000,0.00000,0.00000,0.00000,0.20000,0.20000]
0.0399992176  L??CA?_EFG}_Bw  25g=0.999980440   x=[0.05000,0.05000,0.05000,0.20000,0.00000,0.05000,0.00000,0.00000,0.00000,0.20000,0.20000,0.20000,0.00000]
0.0399992125  L??CA?oqFGBwBw  25g=0.999980311   x=[0.00000,0.00000,0.00000,0.20000,0.05000,0.05000,0.05000,0.05000,0.20000,0.00000,0.00000,0.20000,0.20000]
0.0399992103  L?AA@?OqBGBwBw  25g=0.999980258   x=[0.00000,0.00000,0.00000,0.20000,0.05000,0.05000,0.05000,0.05000,0.20000,0.00000,0.00000,0.20000,0.20000]
0.0399992081  L?AA@?OwBWRWaw  25g=0.999980202   x=[0.05000,0.00000,0.00000,0.20000,0.05000,0.00000,0.05000,0.05000,0.20000,0.00000,0.00000,0.20000,0.20000]
0.0399992054  L??CAA_EAgDwHs  25g=0.999980134   x=[0.00000,0.00000,0.05000,0.00000,0.20000,0.05000,0.05000,0.05000,0.00000,0.20000,0.00000,0.20000,0.20000]
0.0399992029  L??CA?oIEGBwBw  25g=0.999980073   x=[0.00000,0.00000,0.00000,0.20000,0.05000,0.05000,0.05000,0.05000,0.20000,0.00000,0.00000,0.20000,0.20000]
0.0399992012  L?AA@?OyF_BwBw  25g=0.999980030   x=[0.00000,0.00000,0.00000,0.20000,0.05000,0.05000,0.05000,0.05000,0.20000,0.00000,0.00000,0.20000,0.20000]
0.0399992012  L?AA@?OaB_@{Fo  25g=0.999980029   x=[0.00000,0.00000,0.00000,0.20000,0.05000,0.05000,0.05000,0.05000,0.20000,0.00000,0.00000,0.20000,0.20000]
0.0399991987  L??CA?oiEGBwBw  25g=0.999979968   x=[0.00000,0.00000,0.00000,0.20000,0.05000,0.05000,0.05000,0.05000,0.20000,0.00000,0.00000,0.20000,0.20000]
0.0399991957  L??CA?oICgHsBw  25g=0.999979892   x=[0.00000,0.20000,0.00000,0.00000,0.05000,0.05000,0.05000,0.20000,0.05000,0.00000,0.00000,0.20000,0.20000]
0.0399991948  L??CA?oIEHBwDs  25g=0.999979869   x=[0.00000,0.00000,0.00000,0.05000,0.20001,0.05000,0.05000,0.05000,0.00000,0.20000,0.00000,0.20000,0.20000]
0.0399991901  L??CAA_EEgDwHs  25g=0.999979751   x=[0.00000,0.00000,0.05000,0.00000,0.20000,0.05000,0.05000,0.05000,0.00000,0.20000,0.00000,0.20000,0.20000]
0.0399991895  L?AA@?OAF_@{@{  25g=0.999979736   x=[0.00000,0.00000,0.00000,0.00000,0.20000,0.05000,0.05000,0.05000,0.05000,0.20000,0.00000,0.20000,0.20000]
0.0399991888  L?AA@AOsAPFoFo  25g=0.999979719   x=[0.00000,0.00000,0.20000,0.05000,0.05000,0.05000,0.05000,0.20000,0.00000,0.00000,0.00000,0.20000,0.20000]
0.0399991844  L?AA@?OwEo@{Jg  25g=0.999979610   x=[0.00000,0.00000,0.20000,0.00000,0.05000,0.05000,0.05000,0.20000,0.05000,0.00000,0.00000,0.20000,0.20000]
0.0399991803  L??CA?_EEgDwBw  25g=0.999979509   x=[0.00000,0.00000,0.20000,0.00000,0.05000,0.05000,0.05000,0.05000,0.20000,0.00000,0.00000,0.20000,0.20000]
0.0399991743  L??CA?oIFGBwBw  25g=0.999979357   x=[0.00000,0.00000,0.00000,0.20000,0.05000,0.05000,0.05000,0.05000,0.20000,0.00000,0.00000,0.20000,0.20000]
