# templates read=36540 evaluated=29584 bipartite_skipped=6956
0.0399999999  J?BEF_u}@{?  25g=0.999999998   x=[0.10000,0.10000,0.10000,0.10000,0.00000,0.10000,0.10000,0.10000,0.10000,0.10000,0.10000]
0.0399999998  J?BEFboN`{?  25g=0.999999996   x=[0.10000,0.10000,0.10000,0.10000,0.00000,0.10000,0.10000,0.10000,0.10000,0.10000,0.10000]
0.0399997023  J???C@_~b}?  25g=0.999992558   x=[0.20000,0.03333,0.03333,0.03333,0.03333,0.03333,0.03333,0.20000,0.00000,0.20000,0.20000]
0.0399997002  J???C@o~b}?  25g=0.999992505   x=[0.20000,0.03333,0.03333,0.03333,0.03333,0.03333,0.03333,0.20000,0.00000,0.20000,0.20000]
0.0399996310  J???CB?~b}?  25g=0.999990774   x=[0.20000,0.03333,0.03333,0.03333,0.03333,0.03333,0.03333,0.20000,0.00000,0.20000,0.20000]
0.0399996128  J????A?~r~?  25g=0.999990320   x=[0.20000,0.02857,0.02857,0.02857,0.02857,0.02857,0.02857,0.02857,0.20000,0.20000,0.20000]
0.0399995734  J??E@r_Fmw?  25g=0.999989334   x=[0.10000,0.10000,0.00000,0.06667,0.06667,0.06667,0.10000,0.00000,0.10000,0.20000,0.20000]
0.0399995723  J???EA_Nv{?  25g=0.999989309   x=[0.10000,0.10000,0.04000,0.04000,0.04000,0.04000,0.04000,0.20000,0.00000,0.20000,0.20000]
0.0399995120  J???EB?~`~?  25g=0.999987801   x=[0.10000,0.10000,0.04000,0.04000,0.04000,0.04000,0.04000,0.10000,0.10000,0.19999,0.19999]
0.0399995113  J???EB?n`}?  25g=0.999987783   x=[0.20000,0.00000,0.04000,0.04000,0.04000,0.04000,0.04000,0.20000,0.00000,0.19999,0.19999]

real	1m52.786s
user	0m0.015s
sys	0m0.030s
