# templates read=251888 evaluated=251888 bipartite_skipped=0
0.0400000000  L??CB@OI?oO_Do  25g=1.000000000   x=[0.20000,0.00000,0.00000,0.00000,0.00000,0.20000,0.20000,0.00000,0.00000,0.00000,0.00000,0.20000,0.20000]
0.0400000000  L???CB?K@WBOPo  25g=1.000000000   x=[0.20000,0.20000,0.00000,0.00000,0.00000,0.00000,0.00000,0.20000,0.20000,0.00000,0.00000,0.00000,0.20000]
0.0400000000  L??CA?oICGJ_Eo  25g=1.000000000   x=[0.00000,0.20000,0.00000,0.14188,0.05812,0.00000,0.00000,0.20000,0.00000,0.00000,0.00000,0.20000,0.20000]
0.0400000000  L??CA?_c?WL?Dw  25g=1.000000000   x=[0.20000,0.00000,0.00000,0.20000,0.00000,0.00000,0.20000,0.00000,0.00000,0.20000,0.00000,0.00000,0.20000]
0.0400000000  L??CE@AK@O@adA  25g=1.000000000   x=[0.20000,0.20000,0.00000,0.00000,0.00000,0.00000,0.20000,0.20000,0.20000,0.00000,0.00000,0.00000,0.00000]
0.0400000000  L??CA?oICGJ?@w  25g=1.000000000   x=[0.20000,0.00000,0.00000,0.00000,0.00000,0.20000,0.20000,0.00000,0.00000,0.00000,0.20000,0.00000,0.20000]
0.0400000000  L?AA@?OaB_EOBW  25g=1.000000000   x=[0.20000,0.00000,0.00000,0.00000,0.20000,0.20000,0.00000,0.00000,0.00000,0.20000,0.00000,0.00000,0.20000]
0.0400000000  L??CAA_S?WDODO  25g=1.000000000   x=[0.00000,0.20000,0.00000,0.20000,0.00000,0.00000,0.00000,0.20000,0.00000,0.20000,0.00000,0.00000,0.20000]
0.0400000000  L??CA?_c?sK_BW  25g=1.000000000   x=[0.20000,0.00000,0.00000,0.20000,0.00000,0.00000,0.20000,0.00000,0.00000,0.20000,0.20000,0.00000,0.00000]
0.0400000000  L??CAA_EAGagY_  25g=1.000000000   x=[0.20000,0.00000,0.20000,0.00000,0.00000,0.00000,0.20000,0.00000,0.20000,0.00000,0.00000,0.00000,0.20000]
0.0400000000  L??CE@AM@gD_f?  25g=1.000000000   x=[0.20000,0.20000,0.00000,0.00000,0.00000,0.00000,0.20000,0.20000,0.20000,0.00000,0.00000,0.00000,0.00000]
0.0400000000  L??CAA_EAGagI`  25g=1.000000000   x=[0.20000,0.00000,0.20000,0.00000,0.00000,0.00000,0.20000,0.00000,0.20000,0.00000,0.00000,0.00000,0.20000]
0.0400000000  L?AAD@OICoAWPC  25g=1.000000000   x=[0.00000,0.20000,0.00000,0.20000,0.00000,0.00000,0.20000,0.00000,0.20000,0.00000,0.00000,0.20000,0.00000]
0.0400000000  L??CB@Oa@GAgAg  25g=1.000000000   x=[0.20000,0.00000,0.00000,0.00000,0.20000,0.00000,0.20000,0.00000,0.00000,0.20000,0.00000,0.00000,0.20000]
0.0400000000  L??CA?oICGJ?Ho  25g=1.000000000   x=[0.20000,0.00000,0.00000,0.00000,0.00000,0.20000,0.20000,0.00000,0.00000,0.00000,0.20000,0.00000,0.20000]
0.0400000000  L??CAA_S@OP_Do  25g=1.000000000   x=[0.00000,0.20000,0.00000,0.20000,0.00000,0.00000,0.00000,0.20000,0.00000,0.20000,0.00000,0.00000,0.20000]
0.0400000000  L???CB?K?WDOTo  25g=1.000000000   x=[0.20000,0.20000,0.00000,0.00000,0.00000,0.00000,0.00000,0.20000,0.20000,0.00000,0.00000,0.00000,0.20000]
0.0400000000  L??CAA_EEGEOBP  25g=1.000000000   x=[0.00000,0.00000,0.00000,0.20000,0.20000,0.00000,0.00000,0.00000,0.00000,0.20000,0.00000,0.20000,0.20000]
0.0400000000  L??CAA_S@O@oDO  25g=1.000000000   x=[0.00000,0.20000,0.00000,0.20000,0.00000,0.00000,0.00000,0.20000,0.00000,0.20000,0.00000,0.00000,0.20000]
0.0400000000  L??CAA_S?WDOLO  25g=1.000000000   x=[0.00000,0.20000,0.00000,0.20000,0.00000,0.00000,0.00000,0.20000,0.00000,0.20000,0.00000,0.00000,0.20000]
0.0400000000  L??CA?_cBO?kF_  25g=1.000000000   x=[0.20000,0.00000,0.00000,0.20000,0.00000,0.00000,0.20000,0.00000,0.00000,0.20000,0.00000,0.00000,0.20000]
0.0400000000  L??CAA_G_oI_bO  25g=1.000000000   x=[0.20000,0.00000,0.20000,0.00000,0.00000,0.00000,0.20000,0.00000,0.20000,0.20000,0.00000,0.00000,0.00000]
0.0400000000  L??CAA_EAgCgIa  25g=1.000000000   x=[0.00000,0.00000,0.00000,0.20000,0.20000,0.00000,0.00000,0.00000,0.00000,0.20000,0.20000,0.00000,0.20000]
0.0400000000  L??CAA_S?WDOdO  25g=1.000000000   x=[0.00000,0.20000,0.00000,0.20000,0.00000,0.00000,0.00000,0.20000,0.00000,0.20000,0.00000,0.00000,0.20000]
0.0400000000  L?AA@AOQ@g@WI_  25g=1.000000000   x=[0.20000,0.00000,0.00000,0.20000,0.00000,0.20000,0.00000,0.00000,0.20000,0.00000,0.20000,0.00000,0.00000]
0.0400000000  L??CB@Oa@GBGBo  25g=1.000000000   x=[0.00000,0.00000,0.20000,0.00000,0.00000,0.20000,0.00000,0.20000,0.00000,0.00000,0.20000,0.00000,0.20000]
0.0400000000  L?AA@AODAODOoO  25g=1.000000000   x=[0.20000,0.00000,0.00000,0.20000,0.00000,0.20000,0.00000,0.00000,0.20000,0.20000,0.00000,0.00000,0.00000]
0.0400000000  L??CB@Oa@GBODO  25g=1.000000000   x=[0.20000,0.00000,0.00000,0.00000,0.20000,0.00000,0.20000,0.00000,0.00000,0.20000,0.00000,0.20000,0.00000]
0.0400000000  L?AA@?OqAWVOaw  25g=1.000000000   x=[0.07548,0.00000,0.20000,0.00000,0.06234,0.00000,0.06219,0.20000,0.00000,0.00000,0.00000,0.20000,0.20000]
0.0400000000  L?AA@?OaB_?[J_  25g=1.000000000   x=[0.20000,0.00000,0.00000,0.00000,0.20000,0.20000,0.00000,0.00000,0.00000,0.20000,0.00000,0.00000,0.20000]
