=== order-9 per-root-MaxCut ENVELOPE (U_7) LP -- rigorous Step-1 deficit fix ===
ns=1897 t=0.08; precompute k=7 ...
  107 types [8s]
iter0: eta(sum_sigma min g)=+2.2981479e-02
it1: +1cuts +25m eta=+1.1005331e-02 meig=-5.0e-03 [1s]
it2: +12cuts +27m eta=+6.0664399e-03 meig=-2.9e-03 [1s]
it3: +14cuts +25m eta=+4.3412529e-03 meig=-7.4e-04 [1s]
it4: +21cuts +26m eta=+2.9984886e-03 meig=-3.5e-04 [1s]
it5: +31cuts +27m eta=+2.3042408e-03 meig=-3.5e-04 [1s]
it6: +47cuts +26m eta=+2.0614153e-03 meig=-2.0e-04 [2s]
it7: +38cuts +26m eta=+1.8284785e-03 meig=-8.7e-05 [2s]
it8: +43cuts +26m eta=+1.6060338e-03 meig=-1.1e-04 [2s]
it9: +59cuts +26m eta=+1.4686715e-03 meig=-7.3e-05 [2s]
it10: +57cuts +27m eta=+1.3863645e-03 meig=-5.5e-05 [2s]
it11: +61cuts +26m eta=+1.2372929e-03 meig=-4.1e-05 [3s]
it12: +60cuts +26m eta=+1.1224962e-03 meig=-4.4e-05 [3s]
it13: +74cuts +26m eta=+1.0655906e-03 meig=-3.8e-05 [3s]
it14: +75cuts +26m eta=+1.0204595e-03 meig=-2.3e-05 [3s]
it15: +72cuts +26m eta=+9.7633232e-04 meig=-2.7e-05 [4s]
it16: +77cuts +26m eta=+9.3846907e-04 meig=-2.9e-05 [4s]
it17: +77cuts +26m eta=+8.9313787e-04 meig=-2.0e-05 [4s]
it18: +80cuts +25m eta=+8.6463130e-04 meig=-1.6e-05 [5s]
it19: +76cuts +27m eta=+8.4258361e-04 meig=-1.8e-05 [5s]
it20: +75cuts +27m eta=+8.1552689e-04 meig=-1.7e-05 [5s]
it21: +87cuts +26m eta=+7.9266233e-04 meig=-1.3e-05 [6s]
it22: +74cuts +26m eta=+7.7744833e-04 meig=-1.4e-05 [6s]
it23: +79cuts +26m eta=+7.5743129e-04 meig=-1.4e-05 [6s]
it24: +86cuts +26m eta=+7.4585218e-04 meig=-1.1e-05 [7s]
it25: +83cuts +26m eta=+7.3512603e-04 meig=-6.8e-06 [7s]
it26: +86cuts +26m eta=+7.2243625e-04 meig=-6.8e-06 [8s]
it27: +86cuts +26m eta=+7.1059640e-04 meig=-8.4e-06 [8s]
it28: +84cuts +27m eta=+7.0121350e-04 meig=-8.9e-06 [9s]
it29: +84cuts +26m eta=+6.9442304e-04 meig=-7.9e-06 [10s]
it30: +88cuts +26m eta=+6.8645152e-04 meig=-6.0e-06 [10s]
it31: +83cuts +26m eta=+6.8020512e-04 meig=-6.4e-06 [11s]
it32: +85cuts +26m eta=+6.7252445e-04 meig=-5.2e-06 [11s]
it33: +88cuts +25m eta=+6.6766035e-04 meig=-5.5e-06 [12s]
it34: +75cuts +26m eta=+6.6268680e-04 meig=-4.7e-06 [12s]
it35: +82cuts +26m eta=+6.5788976e-04 meig=-4.7e-06 [13s]
it36: +79cuts +26m eta=+6.5471394e-04 meig=-5.4e-06 [13s]
it37: +81cuts +26m eta=+6.5055857e-04 meig=-5.2e-06 [14s]
it38: +78cuts +26m eta=+6.4718241e-04 meig=-4.6e-06 [14s]
it39: +73cuts +26m eta=+6.4307866e-04 meig=-4.0e-06 [15s]
it40: +69cuts +26m eta=+6.4004622e-04 meig=-3.4e-06 [16s]
it41: +64cuts +26m eta=+6.3805883e-04 meig=-3.2e-06 [17s]
it42: +70cuts +26m eta=+6.3535221e-04 meig=-3.1e-06 [14s]
it43: +71cuts +27m eta=+6.3278840e-04 meig=-2.9e-06 [15s]
it44: +69cuts +26m eta=+6.3009565e-04 meig=-3.1e-06 [15s]
it45: +68cuts +26m eta=+6.2812640e-04 meig=-2.9e-06 [16s]
it46: +62cuts +25m eta=+6.2622741e-04 meig=-2.4e-06 [16s]
it47: +64cuts +25m eta=+6.2447043e-04 meig=-2.3e-06 [17s]
it48: +59cuts +27m eta=+6.2288794e-04 meig=-2.7e-06 [18s]
it49: +59cuts +26m eta=+6.2102149e-04 meig=-2.3e-06 [18s]
it50: +62cuts +26m eta=+6.1936662e-04 meig=-2.1e-06 [18s]
it51: +65cuts +26m eta=+6.1778029e-04 meig=-2.1e-06 [19s]
it52: +62cuts +27m eta=+6.1622780e-04 meig=-2.2e-06 [19s]
it53: +50cuts +26m eta=+6.1479757e-04 meig=-1.8e-06 [19s]
it54: +58cuts +26m eta=+6.1354184e-04 meig=-1.7e-06 [19s]
it55: +58cuts +26m eta=+6.1176756e-04 meig=-1.4e-06 [20s]
it56: +57cuts +27m eta=+6.1046079e-04 meig=-2.1e-06 [21s]
it57: +44cuts +26m eta=+6.0962348e-04 meig=-1.6e-06 [21s]
it58: +47cuts +27m eta=+6.0832909e-04 meig=-1.4e-06 [22s]
it59: +43cuts +26m eta=+6.0741489e-04 meig=-1.5e-06 [22s]
it60: +46cuts +27m eta=+6.0633699e-04 meig=-1.2e-06 [23s]
FINAL envelope-k7 eta = max_band sum_sigma min_c g = +6.0633699e-04  (closed iff <=0)
>>> eta=+6.063e-04 > 0 -> k=7 envelope insufficient; escalate to k=8 (U_8) per GPT
DONE
