n=6: 38 tri-free graphs, max U_8=0.064799 (2/25=0.080000), all <=2/25 [33s]
n=7: 107 tri-free graphs, max U_8=0.059265 (2/25=0.080000), all <=2/25 [222s]
