5 27
Z27
0 1 2 3 4 5 6 7 8 9 10 11 12 13 14 15 16 17 18 19 20 21 22 23 24 25 26
1 2 3 4 5 6 7 8 9 10 11 12 13 14 15 16 17 18 19 20 21 22 23 24 25 26 0
2 3 4 5 6 7 8 9 10 11 12 13 14 15 16 17 18 19 20 21 22 23 24 25 26 0 1
3 4 5 6 7 8 9 10 11 12 13 14 15 16 17 18 19 20 21 22 23 24 25 26 0 1 2
4 5 6 7 8 9 10 11 12 13 14 15 16 17 18 19 20 21 22 23 24 25 26 0 1 2 3
5 6 7 8 9 10 11 12 13 14 15 16 17 18 19 20 21 22 23 24 25 26 0 1 2 3 4
6 7 8 9 10 11 12 13 14 15 16 17 18 19 20 21 22 23 24 25 26 0 1 2 3 4 5
7 8 9 10 11 12 13 14 15 16 17 18 19 20 21 22 23 24 25 26 0 1 2 3 4 5 6
8 9 10 11 12 13 14 15 16 17 18 19 20 21 22 23 24 25 26 0 1 2 3 4 5 6 7
9 10 11 12 13 14 15 16 17 18 19 20 21 22 23 24 25 26 0 1 2 3 4 5 6 7 8
10 11 12 13 14 15 16 17 18 19 20 21 22 23 24 25 26 0 1 2 3 4 5 6 7 8 9
11 12 13 14 15 16 17 18 19 20 21 22 23 24 25 26 0 1 2 3 4 5 6 7 8 9 10
12 13 14 15 16 17 18 19 20 21 22 23 24 25 26 0 1 2 3 4 5 6 7 8 9 10 11
13 14 15 16 17 18 19 20 21 22 23 24 25 26 0 1 2 3 4 5 6 7 8 9 10 11 12
14 15 16 17 18 19 20 21 22 23 24 25 26 0 1 2 3 4 5 6 7 8 9 10 11 12 13
15 16 17 18 19 20 21 22 23 24 25 26 0 1 2 3 4 5 6 7 8 9 10 11 12 13 14
16 17 18 19 20 21 22 23 24 25 26 0 1 2 3 4 5 6 7 8 9 10 11 12 13 14 15
17 18 19 20 21 22 23 24 25 26 0 1 2 3 4 5 6 7 8 9 10 11 12 13 14 15 16
18 19 20 21 22 23 24 25 26 0 1 2 3 4 5 6 7 8 9 10 11 12 13 14 15 16 17
19 20 21 22 23 24 25 26 0 1 2 3 4 5 6 7 8 9 10 11 12 13 14 15 16 17 18
20 21 22 23 24 25 26 0 1 2 3 4 5 6 7 8 9 10 11 12 13 14 15 16 17 18 19
21 22 23 24 25 26 0 1 2 3 4 5 6 7 8 9 10 11 12 13 14 15 16 17 18 19 20
22 23 24 25 26 0 1 2 3 4 5 6 7 8 9 10 11 12 13 14 15 16 17 18 19 20 21
23 24 25 26 0 1 2 3 4 5 6 7 8 9 10 11 12 13 14 15 16 17 18 19 20 21 22
24 25 26 0 1 2 3 4 5 6 7 8 9 10 11 12 13 14 15 16 17 18 19 20 21 22 23
25 26 0 1 2 3 4 5 6 7 8 9 10 11 12 13 14 15 16 17 18 19 20 21 22 23 24
26 0 1 2 3 4 5 6 7 8 9 10 11 12 13 14 15 16 17 18 19 20 21 22 23 24 25
Z9xZ3
0 1 2 3 4 5 6 7 8 9 10 11 12 13 14 15 16 17 18 19 20 21 22 23 24 25 26
1 2 0 4 5 3 7 8 6 10 11 9 13 14 12 16 17 15 19 20 18 22 23 21 25 26 24
2 0 1 5 3 4 8 6 7 11 9 10 14 12 13 17 15 16 20 18 19 23 21 22 26 24 25
3 4 5 6 7 8 9 10 11 12 13 14 15 16 17 18 19 20 21 22 23 24 25 26 0 1 2
4 5 3 7 8 6 10 11 9 13 14 12 16 17 15 19 20 18 22 23 21 25 26 24 1 2 0
5 3 4 8 6 7 11 9 10 14 12 13 17 15 16 20 18 19 23 21 22 26 24 25 2 0 1
6 7 8 9 10 11 12 13 14 15 16 17 18 19 20 21 22 23 24 25 26 0 1 2 3 4 5
7 8 6 10 11 9 13 14 12 16 17 15 19 20 18 22 23 21 25 26 24 1 2 0 4 5 3
8 6 7 11 9 10 14 12 13 17 15 16 20 18 19 23 21 22 26 24 25 2 0 1 5 3 4
9 10 11 12 13 14 15 16 17 18 19 20 21 22 23 24 25 26 0 1 2 3 4 5 6 7 8
10 11 9 13 14 12 16 17 15 19 20 18 22 23 21 25 26 24 1 2 0 4 5 3 7 8 6
11 9 10 14 12 13 17 15 16 20 18 19 23 21 22 26 24 25 2 0 1 5 3 4 8 6 7
12 13 14 15 16 17 18 19 20 21 22 23 24 25 26 0 1 2 3 4 5 6 7 8 9 10 11
13 14 12 16 17 15 19 20 18 22 23 21 25 26 24 1 2 0 4 5 3 7 8 6 10 11 9
14 12 13 17 15 16 20 18 19 23 21 22 26 24 25 2 0 1 5 3 4 8 6 7 11 9 10
15 16 17 18 19 20 21 22 23 24 25 26 0 1 2 3 4 5 6 7 8 9 10 11 12 13 14
16 17 15 19 20 18 22 23 21 25 26 24 1 2 0 4 5 3 7 8 6 10 11 9 13 14 12
17 15 16 20 18 19 23 21 22 26 24 25 2 0 1 5 3 4 8 6 7 11 9 10 14 12 13
18 19 20 21 22 23 24 25 26 0 1 2 3 4 5 6 7 8 9 10 11 12 13 14 15 16 17
19 20 18 22 23 21 25 26 24 1 2 0 4 5 3 7 8 6 10 11 9 13 14 12 16 17 15
20 18 19 23 21 22 26 24 25 2 0 1 5 3 4 8 6 7 11 9 10 14 12 13 17 15 16
21 22 23 24 25 26 0 1 2 3 4 5 6 7 8 9 10 11 12 13 14 15 16 17 18 19 20
22 23 21 25 26 24 1 2 0 4 5 3 7 8 6 10 11 9 13 14 12 16 17 15 19 20 18
23 21 22 26 24 25 2 0 1 5 3 4 8 6 7 11 9 10 14 12 13 17 15 16 20 18 19
24 25 26 0 1 2 3 4 5 6 7 8 9 10 11 12 13 14 15 16 17 18 19 20 21 22 23
25 26 24 1 2 0 4 5 3 7 8 6 10 11 9 13 14 12 16 17 15 19 20 18 22 23 21
26 24 25 2 0 1 5 3 4 8 6 7 11 9 10 14 12 13 17 15 16 20 18 19 23 21 22
Z3xZ3xZ3
0 1 2 3 4 5 6 7 8 9 10 11 12 13 14 15 16 17 18 19 20 21 22 23 24 25 26
1 2 0 4 5 3 7 8 6 10 11 9 13 14 12 16 17 15 19 20 18 22 23 21 25 26 24
2 0 1 5 3 4 8 6 7 11 9 10 14 12 13 17 15 16 20 18 19 23 21 22 26 24 25
3 4 5 6 7 8 0 1 2 12 13 14 15 16 17 9 10 11 21 22 23 24 25 26 18 19 20
4 5 3 7 8 6 1 2 0 13 14 12 16 17 15 10 11 9 22 23 21 25 26 24 19 20 18
5 3 4 8 6 7 2 0 1 14 12 13 17 15 16 11 9 10 23 21 22 26 24 25 20 18 19
6 7 8 0 1 2 3 4 5 15 16 17 9 10 11 12 13 14 24 25 26 18 19 20 21 22 23
7 8 6 1 2 0 4 5 3 16 17 15 10 11 9 13 14 12 25 26 24 19 20 18 22 23 21
8 6 7 2 0 1 5 3 4 17 15 16 11 9 10 14 12 13 26 24 25 20 18 19 23 21 22
9 10 11 12 13 14 15 16 17 18 19 20 21 22 23 24 25 26 0 1 2 3 4 5 6 7 8
10 11 9 13 14 12 16 17 15 19 20 18 22 23 21 25 26 24 1 2 0 4 5 3 7 8 6
11 9 10 14 12 13 17 15 16 20 18 19 23 21 22 26 24 25 2 0 1 5 3 4 8 6 7
12 13 14 15 16 17 9 10 11 21 22 23 24 25 26 18 19 20 3 4 5 6 7 8 0 1 2
13 14 12 16 17 15 10 11 9 22 23 21 25 26 24 19 20 18 4 5 3 7 8 6 1 2 0
14 12 13 17 15 16 11 9 10 23 21 22 26 24 25 20 18 19 5 3 4 8 6 7 2 0 1
15 16 17 9 10 11 12 13 14 24 25 26 18 19 20 21 22 23 6 7 8 0 1 2 3 4 5
16 17 15 10 11 9 13 14 12 25 26 24 19 20 18 22 23 21 7 8 6 1 2 0 4 5 3
17 15 16 11 9 10 14 12 13 26 24 25 20 18 19 23 21 22 8 6 7 2 0 1 5 3 4
18 19 20 21 22 23 24 25 26 0 1 2 3 4 5 6 7 8 9 10 11 12 13 14 15 16 17
19 20 18 22 23 21 25 26 24 1 2 0 4 5 3 7 8 6 10 11 9 13 14 12 16 17 15
20 18 19 23 21 22 26 24 25 2 0 1 5 3 4 8 6 7 11 9 10 14 12 13 17 15 16
21 22 23 24 25 26 18 19 20 3 4 5 6 7 8 0 1 2 12 13 14 15 16 17 9 10 11
22 23 21 25 26 24 19 20 18 4 5 3 7 8 6 1 2 0 13 14 12 16 17 15 10 11 9
23 21 22 26 24 25 20 18 19 5 3 4 8 6 7 2 0 1 14 12 13 17 15 16 11 9 10
24 25 26 18 19 20 21 22 23 6 7 8 0 1 2 3 4 5 15 16 17 9 10 11 12 13 14
25 26 24 19 20 18 22 23 21 7 8 6 1 2 0 4 5 3 16 17 15 10 11 9 13 14 12
26 24 25 20 18 19 23 21 22 8 6 7 2 0 1 5 3 4 17 15 16 11 9 10 14 12 13
Z9:Z3
0 1 2 3 4 5 6 7 8 9 10 11 12 13 14 15 16 17 18 19 20 21 22 23 24 25 26
1 2 0 13 14 12 25 26 24 10 11 9 22 23 21 7 8 6 19 20 18 4 5 3 16 17 15
2 0 1 23 21 22 17 15 16 11 9 10 5 3 4 26 24 25 20 18 19 14 12 13 8 6 7
3 4 5 6 7 8 9 10 11 12 13 14 15 16 17 18 19 20 21 22 23 24 25 26 0 1 2
4 5 3 16 17 15 1 2 0 13 14 12 25 26 24 10 11 9 22 23 21 7 8 6 19 20 18
5 3 4 26 24 25 20 18 19 14 12 13 8 6 7 2 0 1 23 21 22 17 15 16 11 9 10
6 7 8 9 10 11 12 13 14 15 16 17 18 19 20 21 22 23 24 25 26 0 1 2 3 4 5
7 8 6 19 20 18 4 5 3 16 17 15 1 2 0 13 14 12 25 26 24 10 11 9 22 23 21
8 6 7 2 0 1 23 21 22 17 15 16 11 9 10 5 3 4 26 24 25 20 18 19 14 12 13
9 10 11 12 13 14 15 16 17 18 19 20 21 22 23 24 25 26 0 1 2 3 4 5 6 7 8
10 11 9 22 23 21 7 8 6 19 20 18 4 5 3 16 17 15 1 2 0 13 14 12 25 26 24
11 9 10 5 3 4 26 24 25 20 18 19 14 12 13 8 6 7 2 0 1 23 21 22 17 15 16
12 13 14 15 16 17 18 19 20 21 22 23 24 25 26 0 1 2 3 4 5 6 7 8 9 10 11
13 14 12 25 26 24 10 11 9 22 23 21 7 8 6 19 20 18 4 5 3 16 17 15 1 2 0
14 12 13 8 6 7 2 0 1 23 21 22 17 15 16 11 9 10 5 3 4 26 24 25 20 18 19
15 16 17 18 19 20 21 22 23 24 25 26 0 1 2 3 4 5 6 7 8 9 10 11 12 13 14
16 17 15 1 2 0 13 14 12 25 26 24 10 11 9 22 23 21 7 8 6 19 20 18 4 5 3
17 15 16 11 9 10 5 3 4 26 24 25 20 18 19 14 12 13 8 6 7 2 0 1 23 21 22
18 19 20 21 22 23 24 25 26 0 1 2 3 4 5 6 7 8 9 10 11 12 13 14 15 16 17
19 20 18 4 5 3 16 17 15 1 2 0 13 14 12 25 26 24 10 11 9 22 23 21 7 8 6
20 18 19 14 12 13 8 6 7 2 0 1 23 21 22 17 15 16 11 9 10 5 3 4 26 24 25
21 22 23 24 25 26 0 1 2 3 4 5 6 7 8 9 10 11 12 13 14 15 16 17 18 19 20
22 23 21 7 8 6 19 20 18 4 5 3 16 17 15 1 2 0 13 14 12 25 26 24 10 11 9
23 21 22 17 15 16 11 9 10 5 3 4 26 24 25 20 18 19 14 12 13 8 6 7 2 0 1
24 25 26 0 1 2 3 4 5 6 7 8 9 10 11 12 13 14 15 16 17 18 19 20 21 22 23
25 26 24 10 11 9 22 23 21 7 8 6 19 20 18 4 5 3 16 17 15 1 2 0 13 14 12
26 24 25 20 18 19 14 12 13 8 6 7 2 0 1 23 21 22 17 15 16 11 9 10 5 3 4
Z3xZ3:Z3
0 1 2 3 4 5 6 7 8 9 10 11 12 13 14 15 16 17 18 19 20 21 22 23 24 25 26
1 2 0 4 5 3 7 8 6 13 14 12 16 17 15 10 11 9 25 26 24 19 20 18 22 23 21
2 0 1 5 3 4 8 6 7 17 15 16 11 9 10 14 12 13 23 21 22 26 24 25 20 18 19
3 4 5 6 7 8 0 1 2 12 13 14 15 16 17 9 10 11 21 22 23 24 25 26 18 19 20
4 5 3 7 8 6 1 2 0 16 17 15 10 11 9 13 14 12 19 20 18 22 23 21 25 26 24
5 3 4 8 6 7 2 0 1 11 9 10 14 12 13 17 15 16 26 24 25 20 18 19 23 21 22
6 7 8 0 1 2 3 4 5 15 16 17 9 10 11 12 13 14 24 25 26 18 19 20 21 22 23
7 8 6 1 2 0 4 5 3 10 11 9 13 14 12 16 17 15 22 23 21 25 26 24 19 20 18
8 6 7 2 0 1 5 3 4 14 12 13 17 15 16 11 9 10 20 18 19 23 21 22 26 24 25
9 10 11 12 13 14 15 16 17 18 19 20 21 22 23 24 25 26 0 1 2 3 4 5 6 7 8
10 11 9 13 14 12 16 17 15 22 23 21 25 26 24 19 20 18 7 8 6 1 2 0 4 5 3
11 9 10 14 12 13 17 15 16 26 24 25 20 18 19 23 21 22 5 3 4 8 6 7 2 0 1
12 13 14 15 16 17 9 10 11 21 22 23 24 25 26 18 19 20 3 4 5 6 7 8 0 1 2
13 14 12 16 17 15 10 11 9 25 26 24 19 20 18 22 23 21 1 2 0 4 5 3 7 8 6
14 12 13 17 15 16 11 9 10 20 18 19 23 21 22 26 24 25 8 6 7 2 0 1 5 3 4
15 16 17 9 10 11 12 13 14 24 25 26 18 19 20 21 22 23 6 7 8 0 1 2 3 4 5
16 17 15 10 11 9 13 14 12 19 20 18 22 23 21 25 26 24 4 5 3 7 8 6 1 2 0
17 15 16 11 9 10 14 12 13 23 21 22 26 24 25 20 18 19 2 0 1 5 3 4 8 6 7
18 19 20 21 22 23 24 25 26 0 1 2 3 4 5 6 7 8 9 10 11 12 13 14 15 16 17
19 20 18 22 23 21 25 26 24 4 5 3 7 8 6 1 2 0 16 17 15 10 11 9 13 14 12
20 18 19 23 21 22 26 24 25 8 6 7 2 0 1 5 3 4 14 12 13 17 15 16 11 9 10
21 22 23 24 25 26 18 19 20 3 4 5 6 7 8 0 1 2 12 13 14 15 16 17 9 10 11
22 23 21 25 26 24 19 20 18 7 8 6 1 2 0 4 5 3 10 11 9 13 14 12 16 17 15
23 21 22 26 24 25 20 18 19 2 0 1 5 3 4 8 6 7 17 15 16 11 9 10 14 12 13
24 25 26 18 19 20 21 22 23 6 7 8 0 1 2 3 4 5 15 16 17 9 10 11 12 13 14
25 26 24 19 20 18 22 23 21 1 2 0 4 5 3 7 8 6 13 14 12 16 17 15 10 11 9
26 24 25 20 18 19 23 21 22 5 3 4 8 6 7 2 0 1 11 9 10 14 12 13 17 15 16
