1 51
Z3xZ17
0 1 2 3 4 5 6 7 8 9 10 11 12 13 14 15 16 17 18 19 20 21 22 23 24 25 26 27 28 29 30 31 32 33 34 35 36 37 38 39 40 41 42 43 44 45 46 47 48 49 50
1 2 3 4 5 6 7 8 9 10 11 12 13 14 15 16 0 18 19 20 21 22 23 24 25 26 27 28 29 30 31 32 33 17 35 36 37 38 39 40 41 42 43 44 45 46 47 48 49 50 34
2 3 4 5 6 7 8 9 10 11 12 13 14 15 16 0 1 19 20 21 22 23 24 25 26 27 28 29 30 31 32 33 17 18 36 37 38 39 40 41 42 43 44 45 46 47 48 49 50 34 35
3 4 5 6 7 8 9 10 11 12 13 14 15 16 0 1 2 20 21 22 23 24 25 26 27 28 29 30 31 32 33 17 18 19 37 38 39 40 41 42 43 44 45 46 47 48 49 50 34 35 36
4 5 6 7 8 9 10 11 12 13 14 15 16 0 1 2 3 21 22 23 24 25 26 27 28 29 30 31 32 33 17 18 19 20 38 39 40 41 42 43 44 45 46 47 48 49 50 34 35 36 37
5 6 7 8 9 10 11 12 13 14 15 16 0 1 2 3 4 22 23 24 25 26 27 28 29 30 31 32 33 17 18 19 20 21 39 40 41 42 43 44 45 46 47 48 49 50 34 35 36 37 38
6 7 8 9 10 11 12 13 14 15 16 0 1 2 3 4 5 23 24 25 26 27 28 29 30 31 32 33 17 18 19 20 21 22 40 41 42 43 44 45 46 47 48 49 50 34 35 36 37 38 39
7 8 9 10 11 12 13 14 15 16 0 1 2 3 4 5 6 24 25 26 27 28 29 30 31 32 33 17 18 19 20 21 22 23 41 42 43 44 45 46 47 48 49 50 34 35 36 37 38 39 40
8 9 10 11 12 13 14 15 16 0 1 2 3 4 5 6 7 25 26 27 28 29 30 31 32 33 17 18 19 20 21 22 23 24 42 43 44 45 46 47 48 49 50 34 35 36 37 38 39 40 41
9 10 11 12 13 14 15 16 0 1 2 3 4 5 6 7 8 26 27 28 29 30 31 32 33 17 18 19 20 21 22 23 24 25 43 44 45 46 47 48 49 50 34 35 36 37 38 39 40 41 42
10 11 12 13 14 15 16 0 1 2 3 4 5 6 7 8 9 27 28 29 30 31 32 33 17 18 19 20 21 22 23 24 25 26 44 45 46 47 48 49 50 34 35 36 37 38 39 40 41 42 43
11 12 13 14 15 16 0 1 2 3 4 5 6 7 8 9 10 28 29 30 31 32 33 17 18 19 20 21 22 23 24 25 26 27 45 46 47 48 49 50 34 35 36 37 38 39 40 41 42 43 44
12 13 14 15 16 0 1 2 3 4 5 6 7 8 9 10 11 29 30 31 32 33 17 18 19 20 21 22 23 24 25 26 27 28 46 47 48 49 50 34 35 36 37 38 39 40 41 42 43 44 45
13 14 15 16 0 1 2 3 4 5 6 7 8 9 10 11 12 30 31 32 33 17 18 19 20 21 22 23 24 25 26 27 28 29 47 48 49 50 34 35 36 37 38 39 40 41 42 43 44 45 46
14 15 16 0 1 2 3 4 5 6 7 8 9 10 11 12 13 31 32 33 17 18 19 20 21 22 23 24 25 26 27 28 29 30 48 49 50 34 35 36 37 38 39 40 41 42 43 44 45 46 47
15 16 0 1 2 3 4 5 6 7 8 9 10 11 12 13 14 32 33 17 18 19 20 21 22 23 24 25 26 27 28 29 30 31 49 50 34 35 36 37 38 39 40 41 42 43 44 45 46 47 48
16 0 1 2 3 4 5 6 7 8 9 10 11 12 13 14 15 33 17 18 19 20 21 22 23 24 25 26 27 28 29 30 31 32 50 34 35 36 37 38 39 40 41 42 43 44 45 46 47 48 49
17 18 19 20 21 22 23 24 25 26 27 28 29 30 31 32 33 34 35 36 37 38 39 40 41 42 43 44 45 46 47 48 49 50 0 1 2 3 4 5 6 7 8 9 10 11 12 13 14 15 16
18 19 20 21 22 23 24 25 26 27 28 29 30 31 32 33 17 35 36 37 38 39 40 41 42 43 44 45 46 47 48 49 50 34 1 2 3 4 5 6 7 8 9 10 11 12 13 14 15 16 0
19 20 21 22 23 24 25 26 27 28 29 30 31 32 33 17 18 36 37 38 39 40 41 42 43 44 45 46 47 48 49 50 34 35 2 3 4 5 6 7 8 9 10 11 12 13 14 15 16 0 1
20 21 22 23 24 25 26 27 28 29 30 31 32 33 17 18 19 37 38 39 40 41 42 43 44 45 46 47 48 49 50 34 35 36 3 4 5 6 7 8 9 10 11 12 13 14 15 16 0 1 2
21 22 23 24 25 26 27 28 29 30 31 32 33 17 18 19 20 38 39 40 41 42 43 44 45 46 47 48 49 50 34 35 36 37 4 5 6 7 8 9 10 11 12 13 14 15 16 0 1 2 3
22 23 24 25 26 27 28 29 30 31 32 33 17 18 19 20 21 39 40 41 42 43 44 45 46 47 48 49 50 34 35 36 37 38 5 6 7 8 9 10 11 12 13 14 15 16 0 1 2 3 4
23 24 25 26 27 28 29 30 31 32 33 17 18 19 20 21 22 40 41 42 43 44 45 46 47 48 49 50 34 35 36 37 38 39 6 7 8 9 10 11 12 13 14 15 16 0 1 2 3 4 5
24 25 26 27 28 29 30 31 32 33 17 18 19 20 21 22 23 41 42 43 44 45 46 47 48 49 50 34 35 36 37 38 39 40 7 8 9 10 11 12 13 14 15 16 0 1 2 3 4 5 6
25 26 27 28 29 30 31 32 33 17 18 19 20 21 22 23 24 42 43 44 45 46 47 48 49 50 34 35 36 37 38 39 40 41 8 9 10 11 12 13 14 15 16 0 1 2 3 4 5 6 7
26 27 28 29 30 31 32 33 17 18 19 20 21 22 23 24 25 43 44 45 46 47 48 49 50 34 35 36 37 38 39 40 41 42 9 10 11 12 13 14 15 16 0 1 2 3 4 5 6 7 8
27 28 29 30 31 32 33 17 18 19 20 21 22 23 24 25 26 44 45 46 47 48 49 50 34 35 36 37 38 39 40 41 42 43 10 11 12 13 14 15 16 0 1 2 3 4 5 6 7 8 9
28 29 30 31 32 33 17 18 19 20 21 22 23 24 25 26 27 45 46 47 48 49 50 34 35 36 37 38 39 40 41 42 43 44 11 12 13 14 15 16 0 1 2 3 4 5 6 7 8 9 10
29 30 31 32 33 17 18 19 20 21 22 23 24 25 26 27 28 46 47 48 49 50 34 35 36 37 38 39 40 41 42 43 44 45 12 13 14 15 16 0 1 2 3 4 5 6 7 8 9 10 11
30 31 32 33 17 18 19 20 21 22 23 24 25 26 27 28 29 47 48 49 50 34 35 36 37 38 39 40 41 42 43 44 45 46 13 14 15 16 0 1 2 3 4 5 6 7 8 9 10 11 12
31 32 33 17 18 19 20 21 22 23 24 25 26 27 28 29 30 48 49 50 34 35 36 37 38 39 40 41 42 43 44 45 46 47 14 15 16 0 1 2 3 4 5 6 7 8 9 10 11 12 13
32 33 17 18 19 20 21 22 23 24 25 26 27 28 29 30 31 49 50 34 35 36 37 38 39 40 41 42 43 44 45 46 47 48 15 16 0 1 2 3 4 5 6 7 8 9 10 11 12 13 14
33 17 18 19 20 21 22 23 24 25 26 27 28 29 30 31 32 50 34 35 36 37 38 39 40 41 42 43 44 45 46 47 48 49 16 0 1 2 3 4 5 6 7 8 9 10 11 12 13 14 15
34 35 36 37 38 39 40 41 42 43 44 45 46 47 48 49 50 0 1 2 3 4 5 6 7 8 9 10 11 12 13 14 15 16 17 18 19 20 21 22 23 24 25 26 27 28 29 30 31 32 33
35 36 37 38 39 40 41 42 43 44 45 46 47 48 49 50 34 1 2 3 4 5 6 7 8 9 10 11 12 13 14 15 16 0 18 19 20 21 22 23 24 25 26 27 28 29 30 31 32 33 17
36 37 38 39 40 41 42 43 44 45 46 47 48 49 50 34 35 2 3 4 5 6 7 8 9 10 11 12 13 14 15 16 0 1 19 20 21 22 23 24 25 26 27 28 29 30 31 32 33 17 18
37 38 39 40 41 42 43 44 45 46 47 48 49 50 34 35 36 3 4 5 6 7 8 9 10 11 12 13 14 15 16 0 1 2 20 21 22 23 24 25 26 27 28 29 30 31 32 33 17 18 19
38 39 40 41 42 43 44 45 46 47 48 49 50 34 35 36 37 4 5 6 7 8 9 10 11 12 13 14 15 16 0 1 2 3 21 22 23 24 25 26 27 28 29 30 31 32 33 17 18 19 20
39 40 41 42 43 44 45 46 47 48 49 50 34 35 36 37 38 5 6 7 8 9 10 11 12 13 14 15 16 0 1 2 3 4 22 23 24 25 26 27 28 29 30 31 32 33 17 18 19 20 21
40 41 42 43 44 45 46 47 48 49 50 34 35 36 37 38 39 6 7 8 9 10 11 12 13 14 15 16 0 1 2 3 4 5 23 24 25 26 27 28 29 30 31 32 33 17 18 19 20 21 22
41 42 43 44 45 46 47 48 49 50 34 35 36 37 38 39 40 7 8 9 10 11 12 13 14 15 16 0 1 2 3 4 5 6 24 25 26 27 28 29 30 31 32 33 17 18 19 20 21 22 23
42 43 44 45 46 47 48 49 50 34 35 36 37 38 39 40 41 8 9 10 11 12 13 14 15 16 0 1 2 3 4 5 6 7 25 26 27 28 29 30 31 32 33 17 18 19 20 21 22 23 24
43 44 45 46 47 48 49 50 34 35 36 37 38 39 40 41 42 9 10 11 12 13 14 15 16 0 1 2 3 4 5 6 7 8 26 27 28 29 30 31 32 33 17 18 19 20 21 22 23 24 25
44 45 46 47 48 49 50 34 35 36 37 38 39 40 41 42 43 10 11 12 13 14 15 16 0 1 2 3 4 5 6 7 8 9 27 28 29 30 31 32 33 17 18 19 20 21 22 23 24 25 26
45 46 47 48 49 50 34 35 36 37 38 39 40 41 42 43 44 11 12 13 14 15 16 0 1 2 3 4 5 6 7 8 9 10 28 29 30 31 32 33 17 18 19 20 21 22 23 24 25 26 27
46 47 48 49 50 34 35 36 37 38 39 40 41 42 43 44 45 12 13 14 15 16 0 1 2 3 4 5 6 7 8 9 10 11 29 30 31 32 33 17 18 19 20 21 22 23 24 25 26 27 28
47 48 49 50 34 35 36 37 38 39 40 41 42 43 44 45 46 13 14 15 16 0 1 2 3 4 5 6 7 8 9 10 11 12 30 31 32 33 17 18 19 20 21 22 23 24 25 26 27 28 29
48 49 50 34 35 36 37 38 39 40 41 42 43 44 45 46 47 14 15 16 0 1 2 3 4 5 6 7 8 9 10 11 12 13 31 32 33 17 18 19 20 21 22 23 24 25 26 27 28 29 30
49 50 34 35 36 37 38 39 40 41 42 43 44 45 46 47 48 15 16 0 1 2 3 4 5 6 7 8 9 10 11 12 13 14 32 33 17 18 19 20 21 22 23 24 25 26 27 28 29 30 31
50 34 35 36 37 38 39 40 41 42 43 44 45 46 47 48 49 16 0 1 2 3 4 5 6 7 8 9 10 11 12 13 14 15 33 17 18 19 20 21 22 23 24 25 26 27 28 29 30 31 32
