14 36
Z4xZ9
0 1 2 3 4 5 6 7 8 9 10 11 12 13 14 15 16 17 18 19 20 21 22 23 24 25 26 27 28 29 30 31 32 33 34 35
1 2 3 4 5 6 7 8 0 10 11 12 13 14 15 16 17 9 19 20 21 22 23 24 25 26 18 28 29 30 31 32 33 34 35 27
2 3 4 5 6 7 8 0 1 11 12 13 14 15 16 17 9 10 20 21 22 23 24 25 26 18 19 29 30 31 32 33 34 35 27 28
3 4 5 6 7 8 0 1 2 12 13 14 15 16 17 9 10 11 21 22 23 24 25 26 18 19 20 30 31 32 33 34 35 27 28 29
4 5 6 7 8 0 1 2 3 13 14 15 16 17 9 10 11 12 22 23 24 25 26 18 19 20 21 31 32 33 34 35 27 28 29 30
5 6 7 8 0 1 2 3 4 14 15 16 17 9 10 11 12 13 23 24 25 26 18 19 20 21 22 32 33 34 35 27 28 29 30 31
6 7 8 0 1 2 3 4 5 15 16 17 9 10 11 12 13 14 24 25 26 18 19 20 21 22 23 33 34 35 27 28 29 30 31 32
7 8 0 1 2 3 4 5 6 16 17 9 10 11 12 13 14 15 25 26 18 19 20 21 22 23 24 34 35 27 28 29 30 31 32 33
8 0 1 2 3 4 5 6 7 17 9 10 11 12 13 14 15 16 26 18 19 20 21 22 23 24 25 35 27 28 29 30 31 32 33 34
9 10 11 12 13 14 15 16 17 18 19 20 21 22 23 24 25 26 27 28 29 30 31 32 33 34 35 0 1 2 3 4 5 6 7 8
10 11 12 13 14 15 16 17 9 19 20 21 22 23 24 25 26 18 28 29 30 31 32 33 34 35 27 1 2 3 4 5 6 7 8 0
11 12 13 14 15 16 17 9 10 20 21 22 23 24 25 26 18 19 29 30 31 32 33 34 35 27 28 2 3 4 5 6 7 8 0 1
12 13 14 15 16 17 9 10 11 21 22 23 24 25 26 18 19 20 30 31 32 33 34 35 27 28 29 3 4 5 6 7 8 0 1 2
13 14 15 16 17 9 10 11 12 22 23 24 25 26 18 19 20 21 31 32 33 34 35 27 28 29 30 4 5 6 7 8 0 1 2 3
14 15 16 17 9 10 11 12 13 23 24 25 26 18 19 20 21 22 32 33 34 35 27 28 29 30 31 5 6 7 8 0 1 2 3 4
15 16 17 9 10 11 12 13 14 24 25 26 18 19 20 21 22 23 33 34 35 27 28 29 30 31 32 6 7 8 0 1 2 3 4 5
16 17 9 10 11 12 13 14 15 25 26 18 19 20 21 22 23 24 34 35 27 28 29 30 31 32 33 7 8 0 1 2 3 4 5 6
17 9 10 11 12 13 14 15 16 26 18 19 20 21 22 23 24 25 35 27 28 29 30 31 32 33 34 8 0 1 2 3 4 5 6 7
18 19 20 21 22 23 24 25 26 27 28 29 30 31 32 33 34 35 0 1 2 3 4 5 6 7 8 9 10 11 12 13 14 15 16 17
19 20 21 22 23 24 25 26 18 28 29 30 31 32 33 34 35 27 1 2 3 4 5 6 7 8 0 10 11 12 13 14 15 16 17 9
20 21 22 23 24 25 26 18 19 29 30 31 32 33 34 35 27 28 2 3 4 5 6 7 8 0 1 11 12 13 14 15 16 17 9 10
21 22 23 24 25 26 18 19 20 30 31 32 33 34 35 27 28 29 3 4 5 6 7 8 0 1 2 12 13 14 15 16 17 9 10 11
22 23 24 25 26 18 19 20 21 31 32 33 34 35 27 28 29 30 4 5 6 7 8 0 1 2 3 13 14 15 16 17 9 10 11 12
23 24 25 26 18 19 20 21 22 32 33 34 35 27 28 29 30 31 5 6 7 8 0 1 2 3 4 14 15 16 17 9 10 11 12 13
24 25 26 18 19 20 21 22 23 33 34 35 27 28 29 30 31 32 6 7 8 0 1 2 3 4 5 15 16 17 9 10 11 12 13 14
25 26 18 19 20 21 22 23 24 34 35 27 28 29 30 31 32 33 7 8 0 1 2 3 4 5 6 16 17 9 10 11 12 13 14 15
26 18 19 20 21 22 23 24 25 35 27 28 29 30 31 32 33 34 8 0 1 2 3 4 5 6 7 17 9 10 11 12 13 14 15 16
27 28 29 30 31 32 33 34 35 0 1 2 3 4 5 6 7 8 9 10 11 12 13 14 15 16 17 18 19 20 21 22 23 24 25 26
28 29 30 31 32 33 34 35 27 1 2 3 4 5 6 7 8 0 10 11 12 13 14 15 16 17 9 19 20 21 22 23 24 25 26 18
29 30 31 32 33 34 35 27 28 2 3 4 5 6 7 8 0 1 11 12 13 14 15 16 17 9 10 20 21 22 23 24 25 26 18 19
30 31 32 33 34 35 27 28 29 3 4 5 6 7 8 0 1 2 12 13 14 15 16 17 9 10 11 21 22 23 24 25 26 18 19 20
31 32 33 34 35 27 28 29 30 4 5 6 7 8 0 1 2 3 13 14 15 16 17 9 10 11 12 22 23 24 25 26 18 19 20 21
32 33 34 35 27 28 29 30 31 5 6 7 8 0 1 2 3 4 14 15 16 17 9 10 11 12 13 23 24 25 26 18 19 20 21 22
33 34 35 27 28 29 30 31 32 6 7 8 0 1 2 3 4 5 15 16 17 9 10 11 12 13 14 24 25 26 18 19 20 21 22 23
34 35 27 28 29 30 31 32 33 7 8 0 1 2 3 4 5 6 16 17 9 10 11 12 13 14 15 25 26 18 19 20 21 22 23 24
35 27 28 29 30 31 32 33 34 8 0 1 2 3 4 5 6 7 17 9 10 11 12 13 14 15 16 26 18 19 20 21 22 23 24 25
Z4xZ3xZ3
0 1 2 3 4 5 6 7 8 9 10 11 12 13 14 15 16 17 18 19 20 21 22 23 24 25 26 27 28 29 30 31 32 33 34 35
1 2 0 4 5 3 7 8 6 10 11 9 13 14 12 16 17 15 19 20 18 22 23 21 25 26 24 28 29 27 31 32 30 34 35 33
2 0 1 5 3 4 8 6 7 11 9 10 14 12 13 17 15 16 20 18 19 23 21 22 26 24 25 29 27 28 32 30 31 35 33 34
3 4 5 6 7 8 0 1 2 12 13 14 15 16 17 9 10 11 21 22 23 24 25 26 18 19 20 30 31 32 33 34 35 27 28 29
4 5 3 7 8 6 1 2 0 13 14 12 16 17 15 10 11 9 22 23 21 25 26 24 19 20 18 31 32 30 34 35 33 28 29 27
5 3 4 8 6 7 2 0 1 14 12 13 17 15 16 11 9 10 23 21 22 26 24 25 20 18 19 32 30 31 35 33 34 29 27 28
6 7 8 0 1 2 3 4 5 15 16 17 9 10 11 12 13 14 24 25 26 18 19 20 21 22 23 33 34 35 27 28 29 30 31 32
7 8 6 1 2 0 4 5 3 16 17 15 10 11 9 13 14 12 25 26 24 19 20 18 22 23 21 34 35 33 28 29 27 31 32 30
8 6 7 2 0 1 5 3 4 17 15 16 11 9 10 14 12 13 26 24 25 20 18 19 23 21 22 35 33 34 29 27 28 32 30 31
9 10 11 12 13 14 15 16 17 18 19 20 21 22 23 24 25 26 27 28 29 30 31 32 33 34 35 0 1 2 3 4 5 6 7 8
10 11 9 13 14 12 16 17 15 19 20 18 22 23 21 25 26 24 28 29 27 31 32 30 34 35 33 1 2 0 4 5 3 7 8 6
11 9 10 14 12 13 17 15 16 20 18 19 23 21 22 26 24 25 29 27 28 32 30 31 35 33 34 2 0 1 5 3 4 8 6 7
12 13 14 15 16 17 9 10 11 21 22 23 24 25 26 18 19 20 30 31 32 33 34 35 27 28 29 3 4 5 6 7 8 0 1 2
13 14 12 16 17 15 10 11 9 22 23 21 25 26 24 19 20 18 31 32 30 34 35 33 28 29 27 4 5 3 7 8 6 1 2 0
14 12 13 17 15 16 11 9 10 23 21 22 26 24 25 20 18 19 32 30 31 35 33 34 29 27 28 5 3 4 8 6 7 2 0 1
15 16 17 9 10 11 12 13 14 24 25 26 18 19 20 21 22 23 33 34 35 27 28 29 30 31 32 6 7 8 0 1 2 3 4 5
16 17 15 10 11 9 13 14 12 25 26 24 19 20 18 22 23 21 34 35 33 28 29 27 31 32 30 7 8 6 1 2 0 4 5 3
17 15 16 11 9 10 14 12 13 26 24 25 20 18 19 23 21 22 35 33 34 29 27 28 32 30 31 8 6 7 2 0 1 5 3 4
18 19 20 21 22 23 24 25 26 27 28 29 30 31 32 33 34 35 0 1 2 3 4 5 6 7 8 9 10 11 12 13 14 15 16 17
19 20 18 22 23 21 25 26 24 28 29 27 31 32 30 34 35 33 1 2 0 4 5 3 7 8 6 10 11 9 13 14 12 16 17 15
20 18 19 23 21 22 26 24 25 29 27 28 32 30 31 35 33 34 2 0 1 5 3 4 8 6 7 11 9 10 14 12 13 17 15 16
21 22 23 24 25 26 18 19 20 30 31 32 33 34 35 27 28 29 3 4 5 6 7 8 0 1 2 12 13 14 15 16 17 9 10 11
22 23 21 25 26 24 19 20 18 31 32 30 34 35 33 28 29 27 4 5 3 7 8 6 1 2 0 13 14 12 16 17 15 10 11 9
23 21 22 26 24 25 20 18 19 32 30 31 35 33 34 29 27 28 5 3 4 8 6 7 2 0 1 14 12 13 17 15 16 11 9 10
24 25 26 18 19 20 21 22 23 33 34 35 27 28 29 30 31 32 6 7 8 0 1 2 3 4 5 15 16 17 9 10 11 12 13 14
25 26 24 19 20 18 22 23 21 34 35 33 28 29 27 31 32 30 7 8 6 1 2 0 4 5 3 16 17 15 10 11 9 13 14 12
26 24 25 20 18 19 23 21 22 35 33 34 29 27 28 32 30 31 8 6 7 2 0 1 5 3 4 17 15 16 11 9 10 14 12 13
27 28 29 30 31 32 33 34 35 0 1 2 3 4 5 6 7 8 9 10 11 12 13 14 15 16 17 18 19 20 21 22 23 24 25 26
28 29 27 31 32 30 34 35 33 1 2 0 4 5 3 7 8 6 10 11 9 13 14 12 16 17 15 19 20 18 22 23 21 25 26 24
29 27 28 32 30 31 35 33 34 2 0 1 5 3 4 8 6 7 11 9 10 14 12 13 17 15 16 20 18 19 23 21 22 26 24 25
30 31 32 33 34 35 27 28 29 3 4 5 6 7 8 0 1 2 12 13 14 15 16 17 9 10 11 21 22 23 24 25 26 18 19 20
31 32 30 34 35 33 28 29 27 4 5 3 7 8 6 1 2 0 13 14 12 16 17 15 10 11 9 22 23 21 25 26 24 19 20 18
32 30 31 35 33 34 29 27 28 5 3 4 8 6 7 2 0 1 14 12 13 17 15 16 11 9 10 23 21 22 26 24 25 20 18 19
33 34 35 27 28 29 30 31 32 6 7 8 0 1 2 3 4 5 15 16 17 9 10 11 12 13 14 24 25 26 18 19 20 21 22 23
34 35 33 28 29 27 31 32 30 7 8 6 1 2 0 4 5 3 16 17 15 10 11 9 13 14 12 25 26 24 19 20 18 22 23 21
35 33 34 29 27 28 32 30 31 8 6 7 2 0 1 5 3 4 17 15 16 11 9 10 14 12 13 26 24 25 20 18 19 23 21 22
Z2xZ2xZ9
0 1 2 3 4 5 6 7 8 9 10 11 12 13 14 15 16 17 18 19 20 21 22 23 24 25 26 27 28 29 30 31 32 33 34 35
1 2 3 4 5 6 7 8 0 10 11 12 13 14 15 16 17 9 19 20 21 22 23 24 25 26 18 28 29 30 31 32 33 34 35 27
2 3 4 5 6 7 8 0 1 11 12 13 14 15 16 17 9 10 20 21 22 23 24 25 26 18 19 29 30 31 32 33 34 35 27 28
3 4 5 6 7 8 0 1 2 12 13 14 15 16 17 9 10 11 21 22 23 24 25 26 18 19 20 30 31 32 33 34 35 27 28 29
4 5 6 7 8 0 1 2 3 13 14 15 16 17 9 10 11 12 22 23 24 25 26 18 19 20 21 31 32 33 34 35 27 28 29 30
5 6 7 8 0 1 2 3 4 14 15 16 17 9 10 11 12 13 23 24 25 26 18 19 20 21 22 32 33 34 35 27 28 29 30 31
6 7 8 0 1 2 3 4 5 15 16 17 9 10 11 12 13 14 24 25 26 18 19 20 21 22 23 33 34 35 27 28 29 30 31 32
7 8 0 1 2 3 4 5 6 16 17 9 10 11 12 13 14 15 25 26 18 19 20 21 22 23 24 34 35 27 28 29 30 31 32 33
8 0 1 2 3 4 5 6 7 17 9 10 11 12 13 14 15 16 26 18 19 20 21 22 23 24 25 35 27 28 29 30 31 32 33 34
9 10 11 12 13 14 15 16 17 0 1 2 3 4 5 6 7 8 27 28 29 30 31 32 33 34 35 18 19 20 21 22 23 24 25 26
10 11 12 13 14 15 16 17 9 1 2 3 4 5 6 7 8 0 28 29 30 31 32 33 34 35 27 19 20 21 22 23 24 25 26 18
11 12 13 14 15 16 17 9 10 2 3 4 5 6 7 8 0 1 29 30 31 32 33 34 35 27 28 20 21 22 23 24 25 26 18 19
12 13 14 15 16 17 9 10 11 3 4 5 6 7 8 0 1 2 30 31 32 33 34 35 27 28 29 21 22 23 24 25 26 18 19 20
13 14 15 16 17 9 10 11 12 4 5 6 7 8 0 1 2 3 31 32 33 34 35 27 28 29 30 22 23 24 25 26 18 19 20 21
14 15 16 17 9 10 11 12 13 5 6 7 8 0 1 2 3 4 32 33 34 35 27 28 29 30 31 23 24 25 26 18 19 20 21 22
15 16 17 9 10 11 12 13 14 6 7 8 0 1 2 3 4 5 33 34 35 27 28 29 30 31 32 24 25 26 18 19 20 21 22 23
16 17 9 10 11 12 13 14 15 7 8 0 1 2 3 4 5 6 34 35 27 28 29 30 31 32 33 25 26 18 19 20 21 22 23 24
17 9 10 11 12 13 14 15 16 8 0 1 2 3 4 5 6 7 35 27 28 29 30 31 32 33 34 26 18 19 20 21 22 23 24 25
18 19 20 21 22 23 24 25 26 27 28 29 30 31 32 33 34 35 0 1 2 3 4 5 6 7 8 9 10 11 12 13 14 15 16 17
19 20 21 22 23 24 25 26 18 28 29 30 31 32 33 34 35 27 1 2 3 4 5 6 7 8 0 10 11 12 13 14 15 16 17 9
20 21 22 23 24 25 26 18 19 29 30 31 32 33 34 35 27 28 2 3 4 5 6 7 8 0 1 11 12 13 14 15 16 17 9 10
21 22 23 24 25 26 18 19 20 30 31 32 33 34 35 27 28 29 3 4 5 6 7 8 0 1 2 12 13 14 15 16 17 9 10 11
22 23 24 25 26 18 19 20 21 31 32 33 34 35 27 28 29 30 4 5 6 7 8 0 1 2 3 13 14 15 16 17 9 10 11 12
23 24 25 26 18 19 20 21 22 32 33 34 35 27 28 29 30 31 5 6 7 8 0 1 2 3 4 14 15 16 17 9 10 11 12 13
24 25 26 18 19 20 21 22 23 33 34 35 27 28 29 30 31 32 6 7 8 0 1 2 3 4 5 15 16 17 9 10 11 12 13 14
25 26 18 19 20 21 22 23 24 34 35 27 28 29 30 31 32 33 7 8 0 1 2 3 4 5 6 16 17 9 10 11 12 13 14 15
26 18 19 20 21 22 23 24 25 35 27 28 29 30 31 32 33 34 8 0 1 2 3 4 5 6 7 17 9 10 11 12 13 14 15 16
27 28 29 30 31 32 33 34 35 18 19 20 21 22 23 24 25 26 9 10 11 12 13 14 15 16 17 0 1 2 3 4 5 6 7 8
28 29 30 31 32 33 34 35 27 19 20 21 22 23 24 25 26 18 10 11 12 13 14 15 16 17 9 1 2 3 4 5 6 7 8 0
29 30 31 32 33 34 35 27 28 20 21 22 23 24 25 26 18 19 11 12 13 14 15 16 17 9 10 2 3 4 5 6 7 8 0 1
30 31 32 33 34 35 27 28 29 21 22 23 24 25 26 18 19 20 12 13 14 15 16 17 9 10 11 3 4 5 6 7 8 0 1 2
31 32 33 34 35 27 28 29 30 22 23 24 25 26 18 19 20 21 13 14 15 16 17 9 10 11 12 4 5 6 7 8 0 1 2 3
32 33 34 35 27 28 29 30 31 23 24 25 26 18 19 20 21 22 14 15 16 17 9 10 11 12 13 5 6 7 8 0 1 2 3 4
33 34 35 27 28 29 30 31 32 24 25 26 18 19 20 21 22 23 15 16 17 9 10 11 12 13 14 6 7 8 0 1 2 3 4 5
34 35 27 28 29 30 31 32 33 25 26 18 19 20 21 22 23 24 16 17 9 10 11 12 13 14 15 7 8 0 1 2 3 4 5 6
35 27 28 29 30 31 32 33 34 26 18 19 20 21 22 23 24 25 17 9 10 11 12 13 14 15 16 8 0 1 2 3 4 5 6 7
Z2xZ2xZ3xZ3
0 1 2 3 4 5 6 7 8 9 10 11 12 13 14 15 16 17 18 19 20 21 22 23 24 25 26 27 28 29 30 31 32 33 34 35
1 2 0 4 5 3 7 8 6 10 11 9 13 14 12 16 17 15 19 20 18 22 23 21 25 26 24 28 29 27 31 32 30 34 35 33
2 0 1 5 3 4 8 6 7 11 9 10 14 12 13 17 15 16 20 18 19 23 21 22 26 24 25 29 27 28 32 30 31 35 33 34
3 4 5 6 7 8 0 1 2 12 13 14 15 16 17 9 10 11 21 22 23 24 25 26 18 19 20 30 31 32 33 34 35 27 28 29
4 5 3 7 8 6 1 2 0 13 14 12 16 17 15 10 11 9 22 23 21 25 26 24 19 20 18 31 32 30 34 35 33 28 29 27
5 3 4 8 6 7 2 0 1 14 12 13 17 15 16 11 9 10 23 21 22 26 24 25 20 18 19 32 30 31 35 33 34 29 27 28
6 7 8 0 1 2 3 4 5 15 16 17 9 10 11 12 13 14 24 25 26 18 19 20 21 22 23 33 34 35 27 28 29 30 31 32
7 8 6 1 2 0 4 5 3 16 17 15 10 11 9 13 14 12 25 26 24 19 20 18 22 23 21 34 35 33 28 29 27 31 32 30
8 6 7 2 0 1 5 3 4 17 15 16 11 9 10 14 12 13 26 24 25 20 18 19 23 21 22 35 33 34 29 27 28 32 30 31
9 10 11 12 13 14 15 16 17 0 1 2 3 4 5 6 7 8 27 28 29 30 31 32 33 34 35 18 19 20 21 22 23 24 25 26
10 11 9 13 14 12 16 17 15 1 2 0 4 5 3 7 8 6 28 29 27 31 32 30 34 35 33 19 20 18 22 23 21 25 26 24
11 9 10 14 12 13 17 15 16 2 0 1 5 3 4 8 6 7 29 27 28 32 30 31 35 33 34 20 18 19 23 21 22 26 24 25
12 13 14 15 16 17 9 10 11 3 4 5 6 7 8 0 1 2 30 31 32 33 34 35 27 28 29 21 22 23 24 25 26 18 19 20
13 14 12 16 17 15 10 11 9 4 5 3 7 8 6 1 2 0 31 32 30 34 35 33 28 29 27 22 23 21 25 26 24 19 20 18
14 12 13 17 15 16 11 9 10 5 3 4 8 6 7 2 0 1 32 30 31 35 33 34 29 27 28 23 21 22 26 24 25 20 18 19
15 16 17 9 10 11 12 13 14 6 7 8 0 1 2 3 4 5 33 34 35 27 28 29 30 31 32 24 25 26 18 19 20 21 22 23
16 17 15 10 11 9 13 14 12 7 8 6 1 2 0 4 5 3 34 35 33 28 29 27 31 32 30 25 26 24 19 20 18 22 23 21
17 15 16 11 9 10 14 12 13 8 6 7 2 0 1 5 3 4 35 33 34 29 27 28 32 30 31 26 24 25 20 18 19 23 21 22
18 19 20 21 22 23 24 25 26 27 28 29 30 31 32 33 34 35 0 1 2 3 4 5 6 7 8 9 10 11 12 13 14 15 16 17
19 20 18 22 23 21 25 26 24 28 29 27 31 32 30 34 35 33 1 2 0 4 5 3 7 8 6 10 11 9 13 14 12 16 17 15
20 18 19 23 21 22 26 24 25 29 27 28 32 30 31 35 33 34 2 0 1 5 3 4 8 6 7 11 9 10 14 12 13 17 15 16
21 22 23 24 25 26 18 19 20 30 31 32 33 34 35 27 28 29 3 4 5 6 7 8 0 1 2 12 13 14 15 16 17 9 10 11
22 23 21 25 26 24 19 20 18 31 32 30 34 35 33 28 29 27 4 5 3 7 8 6 1 2 0 13 14 12 16 17 15 10 11 9
23 21 22 26 24 25 20 18 19 32 30 31 35 33 34 29 27 28 5 3 4 8 6 7 2 0 1 14 12 13 17 15 16 11 9 10
24 25 26 18 19 20 21 22 23 33 34 35 27 28 29 30 31 32 6 7 8 0 1 2 3 4 5 15 16 17 9 10 11 12 13 14
25 26 24 19 20 18 22 23 21 34 35 33 28 29 27 31 32 30 7 8 6 1 2 0 4 5 3 16 17 15 10 11 9 13 14 12
26 24 25 20 18 19 23 21 22 35 33 34 29 27 28 32 30 31 8 6 7 2 0 1 5 3 4 17 15 16 11 9 10 14 12 13
27 28 29 30 31 32 33 34 35 18 19 20 21 22 23 24 25 26 9 10 11 12 13 14 15 16 17 0 1 2 3 4 5 6 7 8
28 29 27 31 32 30 34 35 33 19 20 18 22 23 21 25 26 24 10 11 9 13 14 12 16 17 15 1 2 0 4 5 3 7 8 6
29 27 28 32 30 31 35 33 34 20 18 19 23 21 22 26 24 25 11 9 10 14 12 13 17 15 16 2 0 1 5 3 4 8 6 7
30 31 32 33 34 35 27 28 29 21 22 23 24 25 26 18 19 20 12 13 14 15 16 17 9 10 11 3 4 5 6 7 8 0 1 2
31 32 30 34 35 33 28 29 27 22 23 21 25 26 24 19 20 18 13 14 12 16 17 15 10 11 9 4 5 3 7 8 6 1 2 0
32 30 31 35 33 34 29 27 28 23 21 22 26 24 25 20 18 19 14 12 13 17 15 16 11 9 10 5 3 4 8 6 7 2 0 1
33 34 35 27 28 29 30 31 32 24 25 26 18 19 20 21 22 23 15 16 17 9 10 11 12 13 14 6 7 8 0 1 2 3 4 5
34 35 33 28 29 27 31 32 30 25 26 24 19 20 18 22 23 21 16 17 15 10 11 9 13 14 12 7 8 6 1 2 0 4 5 3
35 33 34 29 27 28 32 30 31 26 24 25 20 18 19 23 21 22 17 15 16 11 9 10 14 12 13 8 6 7 2 0 1 5 3 4
D36
0 1 2 3 4 5 6 7 8 9 10 11 12 13 14 15 16 17 18 19 20 21 22 23 24 25 26 27 28 29 30 31 32 33 34 35
1 0 35 34 33 32 31 30 29 28 27 26 25 24 23 22 21 20 19 18 17 16 15 14 13 12 11 10 9 8 7 6 5 4 3 2
2 3 4 5 6 7 8 9 10 11 12 13 14 15 16 17 18 19 20 21 22 23 24 25 26 27 28 29 30 31 32 33 34 35 0 1
3 2 1 0 35 34 33 32 31 30 29 28 27 26 25 24 23 22 21 20 19 18 17 16 15 14 13 12 11 10 9 8 7 6 5 4
4 5 6 7 8 9 10 11 12 13 14 15 16 17 18 19 20 21 22 23 24 25 26 27 28 29 30 31 32 33 34 35 0 1 2 3
5 4 3 2 1 0 35 34 33 32 31 30 29 28 27 26 25 24 23 22 21 20 19 18 17 16 15 14 13 12 11 10 9 8 7 6
6 7 8 9 10 11 12 13 14 15 16 17 18 19 20 21 22 23 24 25 26 27 28 29 30 31 32 33 34 35 0 1 2 3 4 5
7 6 5 4 3 2 1 0 35 34 33 32 31 30 29 28 27 26 25 24 23 22 21 20 19 18 17 16 15 14 13 12 11 10 9 8
8 9 10 11 12 13 14 15 16 17 18 19 20 21 22 23 24 25 26 27 28 29 30 31 32 33 34 35 0 1 2 3 4 5 6 7
9 8 7 6 5 4 3 2 1 0 35 34 33 32 31 30 29 28 27 26 25 24 23 22 21 20 19 18 17 16 15 14 13 12 11 10
10 11 12 13 14 15 16 17 18 19 20 21 22 23 24 25 26 27 28 29 30 31 32 33 34 35 0 1 2 3 4 5 6 7 8 9
11 10 9 8 7 6 5 4 3 2 1 0 35 34 33 32 31 30 29 28 27 26 25 24 23 22 21 20 19 18 17 16 15 14 13 12
12 13 14 15 16 17 18 19 20 21 22 23 24 25 26 27 28 29 30 31 32 33 34 35 0 1 2 3 4 5 6 7 8 9 10 11
13 12 11 10 9 8 7 6 5 4 3 2 1 0 35 34 33 32 31 30 29 28 27 26 25 24 23 22 21 20 19 18 17 16 15 14
14 15 16 17 18 19 20 21 22 23 24 25 26 27 28 29 30 31 32 33 34 35 0 1 2 3 4 5 6 7 8 9 10 11 12 13
15 14 13 12 11 10 9 8 7 6 5 4 3 2 1 0 35 34 33 32 31 30 29 28 27 26 25 24 23 22 21 20 19 18 17 16
16 17 18 19 20 21 22 23 24 25 26 27 28 29 30 31 32 33 34 35 0 1 2 3 4 5 6 7 8 9 10 11 12 13 14 15
17 16 15 14 13 12 11 10 9 8 7 6 5 4 3 2 1 0 35 34 33 32 31 30 29 28 27 26 25 24 23 22 21 20 19 18
18 19 20 21 22 23 24 25 26 27 28 29 30 31 32 33 34 35 0 1 2 3 4 5 6 7 8 9 10 11 12 13 14 15 16 17
19 18 17 16 15 14 13 12 11 10 9 8 7 6 5 4 3 2 1 0 35 34 33 32 31 30 29 28 27 26 25 24 23 22 21 20
20 21 22 23 24 25 26 27 28 29 30 31 32 33 34 35 0 1 2 3 4 5 6 7 8 9 10 11 12 13 14 15 16 17 18 19
21 20 19 18 17 16 15 14 13 12 11 10 9 8 7 6 5 4 3 2 1 0 35 34 33 32 31 30 29 28 27 26 25 24 23 22
22 23 24 25 26 27 28 29 30 31 32 33 34 35 0 1 2 3 4 5 6 7 8 9 10 11 12 13 14 15 16 17 18 19 20 21
23 22 21 20 19 18 17 16 15 14 13 12 11 10 9 8 7 6 5 4 3 2 1 0 35 34 33 32 31 30 29 28 27 26 25 24
24 25 26 27 28 29 30 31 32 33 34 35 0 1 2 3 4 5 6 7 8 9 10 11 12 13 14 15 16 17 18 19 20 21 22 23
25 24 23 22 21 20 19 18 17 16 15 14 13 12 11 10 9 8 7 6 5 4 3 2 1 0 35 34 33 32 31 30 29 28 27 26
26 27 28 29 30 31 32 33 34 35 0 1 2 3 4 5 6 7 8 9 10 11 12 13 14 15 16 17 18 19 20 21 22 23 24 25
27 26 25 24 23 22 21 20 19 18 17 16 15 14 13 12 11 10 9 8 7 6 5 4 3 2 1 0 35 34 33 32 31 30 29 28
28 29 30 31 32 33 34 35 0 1 2 3 4 5 6 7 8 9 10 11 12 13 14 15 16 17 18 19 20 21 22 23 24 25 26 27
29 28 27 26 25 24 23 22 21 20 19 18 17 16 15 14 13 12 11 10 9 8 7 6 5 4 3 2 1 0 35 34 33 32 31 30
30 31 32 33 34 35 0 1 2 3 4 5 6 7 8 9 10 11 12 13 14 15 16 17 18 19 20 21 22 23 24 25 26 27 28 29
31 30 29 28 27 26 25 24 23 22 21 20 19 18 17 16 15 14 13 12 11 10 9 8 7 6 5 4 3 2 1 0 35 34 33 32
32 33 34 35 0 1 2 3 4 5 6 7 8 9 10 11 12 13 14 15 16 17 18 19 20 21 22 23 24 25 26 27 28 29 30 31
33 32 31 30 29 28 27 26 25 24 23 22 21 20 19 18 17 16 15 14 13 12 11 10 9 8 7 6 5 4 3 2 1 0 35 34
34 35 0 1 2 3 4 5 6 7 8 9 10 11 12 13 14 15 16 17 18 19 20 21 22 23 24 25 26 27 28 29 30 31 32 33
35 34 33 32 31 30 29 28 27 26 25 24 23 22 21 20 19 18 17 16 15 14 13 12 11 10 9 8 7 6 5 4 3 2 1 0
Dic9
0 1 2 3 4 5 6 7 8 9 10 11 12 13 14 15 16 17 18 19 20 21 22 23 24 25 26 27 28 29 30 31 32 33 34 35
1 18 35 16 33 14 31 12 29 10 27 8 25 6 23 4 21 2 19 0 17 34 15 32 13 30 11 28 9 26 7 24 5 22 3 20
2 3 4 5 6 7 8 9 10 11 12 13 14 15 16 17 18 19 20 21 22 23 24 25 26 27 28 29 30 31 32 33 34 35 0 1
3 20 1 18 35 16 33 14 31 12 29 10 27 8 25 6 23 4 21 2 19 0 17 34 15 32 13 30 11 28 9 26 7 24 5 22
4 5 6 7 8 9 10 11 12 13 14 15 16 17 18 19 20 21 22 23 24 25 26 27 28 29 30 31 32 33 34 35 0 1 2 3
5 22 3 20 1 18 35 16 33 14 31 12 29 10 27 8 25 6 23 4 21 2 19 0 17 34 15 32 13 30 11 28 9 26 7 24
6 7 8 9 10 11 12 13 14 15 16 17 18 19 20 21 22 23 24 25 26 27 28 29 30 31 32 33 34 35 0 1 2 3 4 5
7 24 5 22 3 20 1 18 35 16 33 14 31 12 29 10 27 8 25 6 23 4 21 2 19 0 17 34 15 32 13 30 11 28 9 26
8 9 10 11 12 13 14 15 16 17 18 19 20 21 22 23 24 25 26 27 28 29 30 31 32 33 34 35 0 1 2 3 4 5 6 7
9 26 7 24 5 22 3 20 1 18 35 16 33 14 31 12 29 10 27 8 25 6 23 4 21 2 19 0 17 34 15 32 13 30 11 28
10 11 12 13 14 15 16 17 18 19 20 21 22 23 24 25 26 27 28 29 30 31 32 33 34 35 0 1 2 3 4 5 6 7 8 9
11 28 9 26 7 24 5 22 3 20 1 18 35 16 33 14 31 12 29 10 27 8 25 6 23 4 21 2 19 0 17 34 15 32 13 30
12 13 14 15 16 17 18 19 20 21 22 23 24 25 26 27 28 29 30 31 32 33 34 35 0 1 2 3 4 5 6 7 8 9 10 11
13 30 11 28 9 26 7 24 5 22 3 20 1 18 35 16 33 14 31 12 29 10 27 8 25 6 23 4 21 2 19 0 17 34 15 32
14 15 16 17 18 19 20 21 22 23 24 25 26 27 28 29 30 31 32 33 34 35 0 1 2 3 4 5 6 7 8 9 10 11 12 13
15 32 13 30 11 28 9 26 7 24 5 22 3 20 1 18 35 16 33 14 31 12 29 10 27 8 25 6 23 4 21 2 19 0 17 34
16 17 18 19 20 21 22 23 24 25 26 27 28 29 30 31 32 33 34 35 0 1 2 3 4 5 6 7 8 9 10 11 12 13 14 15
17 34 15 32 13 30 11 28 9 26 7 24 5 22 3 20 1 18 35 16 33 14 31 12 29 10 27 8 25 6 23 4 21 2 19 0
18 19 20 21 22 23 24 25 26 27 28 29 30 31 32 33 34 35 0 1 2 3 4 5 6 7 8 9 10 11 12 13 14 15 16 17
19 0 17 34 15 32 13 30 11 28 9 26 7 24 5 22 3 20 1 18 35 16 33 14 31 12 29 10 27 8 25 6 23 4 21 2
20 21 22 23 24 25 26 27 28 29 30 31 32 33 34 35 0 1 2 3 4 5 6 7 8 9 10 11 12 13 14 15 16 17 18 19
21 2 19 0 17 34 15 32 13 30 11 28 9 26 7 24 5 22 3 20 1 18 35 16 33 14 31 12 29 10 27 8 25 6 23 4
22 23 24 25 26 27 28 29 30 31 32 33 34 35 0 1 2 3 4 5 6 7 8 9 10 11 12 13 14 15 16 17 18 19 20 21
23 4 21 2 19 0 17 34 15 32 13 30 11 28 9 26 7 24 5 22 3 20 1 18 35 16 33 14 31 12 29 10 27 8 25 6
24 25 26 27 28 29 30 31 32 33 34 35 0 1 2 3 4 5 6 7 8 9 10 11 12 13 14 15 16 17 18 19 20 21 22 23
25 6 23 4 21 2 19 0 17 34 15 32 13 30 11 28 9 26 7 24 5 22 3 20 1 18 35 16 33 14 31 12 29 10 27 8
26 27 28 29 30 31 32 33 34 35 0 1 2 3 4 5 6 7 8 9 10 11 12 13 14 15 16 17 18 19 20 21 22 23 24 25
27 8 25 6 23 4 21 2 19 0 17 34 15 32 13 30 11 28 9 26 7 24 5 22 3 20 1 18 35 16 33 14 31 12 29 10
28 29 30 31 32 33 34 35 0 1 2 3 4 5 6 7 8 9 10 11 12 13 14 15 16 17 18 19 20 21 22 23 24 25 26 27
29 10 27 8 25 6 23 4 21 2 19 0 17 34 15 32 13 30 11 28 9 26 7 24 5 22 3 20 1 18 35 16 33 14 31 12
30 31 32 33 34 35 0 1 2 3 4 5 6 7 8 9 10 11 12 13 14 15 16 17 18 19 20 21 22 23 24 25 26 27 28 29
31 12 29 10 27 8 25 6 23 4 21 2 19 0 17 34 15 32 13 30 11 28 9 26 7 24 5 22 3 20 1 18 35 16 33 14
32 33 34 35 0 1 2 3 4 5 6 7 8 9 10 11 12 13 14 15 16 17 18 19 20 21 22 23 24 25 26 27 28 29 30 31
33 14 31 12 29 10 27 8 25 6 23 4 21 2 19 0 17 34 15 32 13 30 11 28 9 26 7 24 5 22 3 20 1 18 35 16
34 35 0 1 2 3 4 5 6 7 8 9 10 11 12 13 14 15 16 17 18 19 20 21 22 23 24 25 26 27 28 29 30 31 32 33
35 16 33 14 31 12 29 10 27 8 25 6 23 4 21 2 19 0 17 34 15 32 13 30 11 28 9 26 7 24 5 22 3 20 1 18
Z3:Z4xZ3
0 1 2 3 4 5 6 7 8 9 10 11 12 13 14 15 16 17 18 19 20 21 22 23 24 25 26 27 28 29 30 31 32 33 34 35
1 2 0 4 5 3 7 8 6 10 11 9 13 14 12 16 17 15 19 20 18 22 23 21 25 26 24 28 29 27 31 32 30 34 35 33
2 0 1 5 3 4 8 6 7 11 9 10 14 12 13 17 15 16 20 18 19 23 21 22 26 24 25 29 27 28 32 30 31 35 33 34
3 4 5 6 7 8 9 10 11 0 1 2 27 28 29 30 31 32 33 34 35 24 25 26 15 16 17 18 19 20 21 22 23 12 13 14
4 5 3 7 8 6 10 11 9 1 2 0 28 29 27 31 32 30 34 35 33 25 26 24 16 17 15 19 20 18 22 23 21 13 14 12
5 3 4 8 6 7 11 9 10 2 0 1 29 27 28 32 30 31 35 33 34 26 24 25 17 15 16 20 18 19 23 21 22 14 12 13
6 7 8 9 10 11 0 1 2 3 4 5 18 19 20 21 22 23 12 13 14 15 16 17 30 31 32 33 34 35 24 25 26 27 28 29
7 8 6 10 11 9 1 2 0 4 5 3 19 20 18 22 23 21 13 14 12 16 17 15 31 32 30 34 35 33 25 26 24 28 29 27
8 6 7 11 9 10 2 0 1 5 3 4 20 18 19 23 21 22 14 12 13 17 15 16 32 30 31 35 33 34 26 24 25 29 27 28
9 10 11 0 1 2 3 4 5 6 7 8 33 34 35 24 25 26 27 28 29 30 31 32 21 22 23 12 13 14 15 16 17 18 19 20
10 11 9 1 2 0 4 5 3 7 8 6 34 35 33 25 26 24 28 29 27 31 32 30 22 23 21 13 14 12 16 17 15 19 20 18
11 9 10 2 0 1 5 3 4 8 6 7 35 33 34 26 24 25 29 27 28 32 30 31 23 21 22 14 12 13 17 15 16 20 18 19
12 13 14 15 16 17 18 19 20 21 22 23 24 25 26 27 28 29 30 31 32 33 34 35 0 1 2 3 4 5 6 7 8 9 10 11
13 14 12 16 17 15 19 20 18 22 23 21 25 26 24 28 29 27 31 32 30 34 35 33 1 2 0 4 5 3 7 8 6 10 11 9
14 12 13 17 15 16 20 18 19 23 21 22 26 24 25 29 27 28 32 30 31 35 33 34 2 0 1 5 3 4 8 6 7 11 9 10
15 16 17 18 19 20 21 22 23 12 13 14 3 4 5 6 7 8 9 10 11 0 1 2 27 28 29 30 31 32 33 34 35 24 25 26
16 17 15 19 20 18 22 23 21 13 14 12 4 5 3 7 8 6 10 11 9 1 2 0 28 29 27 31 32 30 34 35 33 25 26 24
17 15 16 20 18 19 23 21 22 14 12 13 5 3 4 8 6 7 11 9 10 2 0 1 29 27 28 32 30 31 35 33 34 26 24 25
18 19 20 21 22 23 12 13 14 15 16 17 30 31 32 33 34 35 24 25 26 27 28 29 6 7 8 9 10 11 0 1 2 3 4 5
19 20 18 22 23 21 13 14 12 16 17 15 31 32 30 34 35 33 25 26 24 28 29 27 7 8 6 10 11 9 1 2 0 4 5 3
20 18 19 23 21 22 14 12 13 17 15 16 32 30 31 35 33 34 26 24 25 29 27 28 8 6 7 11 9 10 2 0 1 5 3 4
21 22 23 12 13 14 15 16 17 18 19 20 9 10 11 0 1 2 3 4 5 6 7 8 33 34 35 24 25 26 27 28 29 30 31 32
22 23 21 13 14 12 16 17 15 19 20 18 10 11 9 1 2 0 4 5 3 7 8 6 34 35 33 25 26 24 28 29 27 31 32 30
23 21 22 14 12 13 17 15 16 20 18 19 11 9 10 2 0 1 5 3 4 8 6 7 35 33 34 26 24 25 29 27 28 32 30 31
24 25 26 27 28 29 30 31 32 33 34 35 0 1 2 3 4 5 6 7 8 9 10 11 12 13 14 15 16 17 18 19 20 21 22 23
25 26 24 28 29 27 31 32 30 34 35 33 1 2 0 4 5 3 7 8 6 10 11 9 13 14 12 16 17 15 19 20 18 22 23 21
26 24 25 29 27 28 32 30 31 35 33 34 2 0 1 5 3 4 8 6 7 11 9 10 14 12 13 17 15 16 20 18 19 23 21 22
27 28 29 30 31 32 33 34 35 24 25 26 15 16 17 18 19 20 21 22 23 12 13 14 3 4 5 6 7 8 9 10 11 0 1 2
28 29 27 31 32 30 34 35 33 25 26 24 16 17 15 19 20 18 22 23 21 13 14 12 4 5 3 7 8 6 10 11 9 1 2 0
29 27 28 32 30 31 35 33 34 26 24 25 17 15 16 20 18 19 23 21 22 14 12 13 5 3 4 8 6 7 11 9 10 2 0 1
30 31 32 33 34 35 24 25 26 27 28 29 6 7 8 9 10 11 0 1 2 3 4 5 18 19 20 21 22 23 12 13 14 15 16 17
31 32 30 34 35 33 25 26 24 28 29 27 7 8 6 10 11 9 1 2 0 4 5 3 19 20 18 22 23 21 13 14 12 16 17 15
32 30 31 35 33 34 26 24 25 29 27 28 8 6 7 11 9 10 2 0 1 5 3 4 20 18 19 23 21 22 14 12 13 17 15 16
33 34 35 24 25 26 27 28 29 30 31 32 21 22 23 12 13 14 15 16 17 18 19 20 9 10 11 0 1 2 3 4 5 6 7 8
34 35 33 25 26 24 28 29 27 31 32 30 22 23 21 13 14 12 16 17 15 19 20 18 10 11 9 1 2 0 4 5 3 7 8 6
35 33 34 26 24 25 29 27 28 32 30 31 23 21 22 14 12 13 17 15 16 20 18 19 11 9 10 2 0 1 5 3 4 8 6 7
Z3:Z2xZ2xZ3
0 1 2 3 4 5 6 7 8 9 10 11 12 13 14 15 16 17 18 19 20 21 22 23 24 25 26 27 28 29 30 31 32 33 34 35
1 2 0 4 5 3 7 8 6 10 11 9 13 14 12 16 17 15 19 20 18 22 23 21 25 26 24 28 29 27 31 32 30 34 35 33
2 0 1 5 3 4 8 6 7 11 9 10 14 12 13 17 15 16 20 18 19 23 21 22 26 24 25 29 27 28 32 30 31 35 33 34
3 4 5 0 1 2 9 10 11 6 7 8 15 16 17 12 13 14 21 22 23 18 19 20 27 28 29 24 25 26 33 34 35 30 31 32
4 5 3 1 2 0 10 11 9 7 8 6 16 17 15 13 14 12 22 23 21 19 20 18 28 29 27 25 26 24 34 35 33 31 32 30
5 3 4 2 0 1 11 9 10 8 6 7 17 15 16 14 12 13 23 21 22 20 18 19 29 27 28 26 24 25 35 33 34 32 30 31
6 7 8 9 10 11 0 1 2 3 4 5 30 31 32 33 34 35 24 25 26 27 28 29 18 19 20 21 22 23 12 13 14 15 16 17
7 8 6 10 11 9 1 2 0 4 5 3 31 32 30 34 35 33 25 26 24 28 29 27 19 20 18 22 23 21 13 14 12 16 17 15
8 6 7 11 9 10 2 0 1 5 3 4 32 30 31 35 33 34 26 24 25 29 27 28 20 18 19 23 21 22 14 12 13 17 15 16
9 10 11 6 7 8 3 4 5 0 1 2 33 34 35 30 31 32 27 28 29 24 25 26 21 22 23 18 19 20 15 16 17 12 13 14
10 11 9 7 8 6 4 5 3 1 2 0 34 35 33 31 32 30 28 29 27 25 26 24 22 23 21 19 20 18 16 17 15 13 14 12
11 9 10 8 6 7 5 3 4 2 0 1 35 33 34 32 30 31 29 27 28 26 24 25 23 21 22 20 18 19 17 15 16 14 12 13
12 13 14 15 16 17 18 19 20 21 22 23 24 25 26 27 28 29 30 31 32 33 34 35 0 1 2 3 4 5 6 7 8 9 10 11
13 14 12 16 17 15 19 20 18 22 23 21 25 26 24 28 29 27 31 32 30 34 35 33 1 2 0 4 5 3 7 8 6 10 11 9
14 12 13 17 15 16 20 18 19 23 21 22 26 24 25 29 27 28 32 30 31 35 33 34 2 0 1 5 3 4 8 6 7 11 9 10
15 16 17 12 13 14 21 22 23 18 19 20 27 28 29 24 25 26 33 34 35 30 31 32 3 4 5 0 1 2 9 10 11 6 7 8
16 17 15 13 14 12 22 23 21 19 20 18 28 29 27 25 26 24 34 35 33 31 32 30 4 5 3 1 2 0 10 11 9 7 8 6
17 15 16 14 12 13 23 21 22 20 18 19 29 27 28 26 24 25 35 33 34 32 30 31 5 3 4 2 0 1 11 9 10 8 6 7
18 19 20 21 22 23 12 13 14 15 16 17 6 7 8 9 10 11 0 1 2 3 4 5 30 31 32 33 34 35 24 25 26 27 28 29
19 20 18 22 23 21 13 14 12 16 17 15 7 8 6 10 11 9 1 2 0 4 5 3 31 32 30 34 35 33 25 26 24 28 29 27
20 18 19 23 21 22 14 12 13 17 15 16 8 6 7 11 9 10 2 0 1 5 3 4 32 30 31 35 33 34 26 24 25 29 27 28
21 22 23 18 19 20 15 16 17 12 13 14 9 10 11 6 7 8 3 4 5 0 1 2 33 34 35 30 31 32 27 28 29 24 25 26
22 23 21 19 20 18 16 17 15 13 14 12 10 11 9 7 8 6 4 5 3 1 2 0 34 35 33 31 32 30 28 29 27 25 26 24
23 21 22 20 18 19 17 15 16 14 12 13 11 9 10 8 6 7 5 3 4 2 0 1 35 33 34 32 30 31 29 27 28 26 24 25
24 25 26 27 28 29 30 31 32 33 34 35 0 1 2 3 4 5 6 7 8 9 10 11 12 13 14 15 16 17 18 19 20 21 22 23
25 26 24 28 29 27 31 32 30 34 35 33 1 2 0 4 5 3 7 8 6 10 11 9 13 14 12 16 17 15 19 20 18 22 23 21
26 24 25 29 27 28 32 30 31 35 33 34 2 0 1 5 3 4 8 6 7 11 9 10 14 12 13 17 15 16 20 18 19 23 21 22
27 28 29 24 25 26 33 34 35 30 31 32 3 4 5 0 1 2 9 10 11 6 7 8 15 16 17 12 13 14 21 22 23 18 19 20
28 29 27 25 26 24 34 35 33 31 32 30 4 5 3 1 2 0 10 11 9 7 8 6 16 17 15 13 14 12 22 23 21 19 20 18
29 27 28 26 24 25 35 33 34 32 30 31 5 3 4 2 0 1 11 9 10 8 6 7 17 15 16 14 12 13 23 21 22 20 18 19
30 31 32 33 34 35 24 25 26 27 28 29 18 19 20 21 22 23 12 13 14 15 16 17 6 7 8 9 10 11 0 1 2 3 4 5
31 32 30 34 35 33 25 26 24 28 29 27 19 20 18 22 23 21 13 14 12 16 17 15 7 8 6 10 11 9 1 2 0 4 5 3
32 30 31 35 33 34 26 24 25 29 27 28 20 18 19 23 21 22 14 12 13 17 15 16 8 6 7 11 9 10 2 0 1 5 3 4
33 34 35 30 31 32 27 28 29 24 25 26 21 22 23 18 19 20 15 16 17 12 13 14 9 10 11 6 7 8 3 4 5 0 1 2
34 35 33 31 32 30 28 29 27 25 26 24 22 23 21 19 20 18 16 17 15 13 14 12 10 11 9 7 8 6 4 5 3 1 2 0
35 33 34 32 30 31 29 27 28 26 24 25 23 21 22 20 18 19 17 15 16 14 12 13 11 9 10 8 6 7 5 3 4 2 0 1
Z3:D12
0 1 2 3 4 5 6 7 8 9 10 11 12 13 14 15 16 17 18 19 20 21 22 23 24 25 26 27 28 29 30 31 32 33 34 35
1 0 11 10 9 8 7 6 5 4 3 2 25 24 35 34 33 32 31 30 29 28 27 26 13 12 23 22 21 20 19 18 17 16 15 14
2 3 4 5 6 7 8 9 10 11 0 1 14 15 16 17 18 19 20 21 22 23 12 13 26 27 28 29 30 31 32 33 34 35 24 25
3 2 1 0 11 10 9 8 7 6 5 4 27 26 25 24 35 34 33 32 31 30 29 28 15 14 13 12 23 22 21 20 19 18 17 16
4 5 6 7 8 9 10 11 0 1 2 3 16 17 18 19 20 21 22 23 12 13 14 15 28 29 30 31 32 33 34 35 24 25 26 27
5 4 3 2 1 0 11 10 9 8 7 6 29 28 27 26 25 24 35 34 33 32 31 30 17 16 15 14 13 12 23 22 21 20 19 18
6 7 8 9 10 11 0 1 2 3 4 5 18 19 20 21 22 23 12 13 14 15 16 17 30 31 32 33 34 35 24 25 26 27 28 29
7 6 5 4 3 2 1 0 11 10 9 8 31 30 29 28 27 26 25 24 35 34 33 32 19 18 17 16 15 14 13 12 23 22 21 20
8 9 10 11 0 1 2 3 4 5 6 7 20 21 22 23 12 13 14 15 16 17 18 19 32 33 34 35 24 25 26 27 28 29 30 31
9 8 7 6 5 4 3 2 1 0 11 10 33 32 31 30 29 28 27 26 25 24 35 34 21 20 19 18 17 16 15 14 13 12 23 22
10 11 0 1 2 3 4 5 6 7 8 9 22 23 12 13 14 15 16 17 18 19 20 21 34 35 24 25 26 27 28 29 30 31 32 33
11 10 9 8 7 6 5 4 3 2 1 0 35 34 33 32 31 30 29 28 27 26 25 24 23 22 21 20 19 18 17 16 15 14 13 12
12 13 14 15 16 17 18 19 20 21 22 23 24 25 26 27 28 29 30 31 32 33 34 35 0 1 2 3 4 5 6 7 8 9 10 11
13 12 23 22 21 20 19 18 17 16 15 14 1 0 11 10 9 8 7 6 5 4 3 2 25 24 35 34 33 32 31 30 29 28 27 26
14 15 16 17 18 19 20 21 22 23 12 13 26 27 28 29 30 31 32 33 34 35 24 25 2 3 4 5 6 7 8 9 10 11 0 1
15 14 13 12 23 22 21 20 19 18 17 16 3 2 1 0 11 10 9 8 7 6 5 4 27 26 25 24 35 34 33 32 31 30 29 28
16 17 18 19 20 21 22 23 12 13 14 15 28 29 30 31 32 33 34 35 24 25 26 27 4 5 6 7 8 9 10 11 0 1 2 3
17 16 15 14 13 12 23 22 21 20 19 18 5 4 3 2 1 0 11 10 9 8 7 6 29 28 27 26 25 24 35 34 33 32 31 30
18 19 20 21 22 23 12 13 14 15 16 17 30 31 32 33 34 35 24 25 26 27 28 29 6 7 8 9 10 11 0 1 2 3 4 5
19 18 17 16 15 14 13 12 23 22 21 20 7 6 5 4 3 2 1 0 11 10 9 8 31 30 29 28 27 26 25 24 35 34 33 32
20 21 22 23 12 13 14 15 16 17 18 19 32 33 34 35 24 25 26 27 28 29 30 31 8 9 10 11 0 1 2 3 4 5 6 7
21 20 19 18 17 16 15 14 13 12 23 22 9 8 7 6 5 4 3 2 1 0 11 10 33 32 31 30 29 28 27 26 25 24 35 34
22 23 12 13 14 15 16 17 18 19 20 21 34 35 24 25 26 27 28 29 30 31 32 33 10 11 0 1 2 3 4 5 6 7 8 9
23 22 21 20 19 18 17 16 15 14 13 12 11 10 9 8 7 6 5 4 3 2 1 0 35 34 33 32 31 30 29 28 27 26 25 24
24 25 26 27 28 29 30 31 32 33 34 35 0 1 2 3 4 5 6 7 8 9 10 11 12 13 14 15 16 17 18 19 20 21 22 23
25 24 35 34 33 32 31 30 29 28 27 26 13 12 23 22 21 20 19 18 17 16 15 14 1 0 11 10 9 8 7 6 5 4 3 2
26 27 28 29 30 31 32 33 34 35 24 25 2 3 4 5 6 7 8 9 10 11 0 1 14 15 16 17 18 19 20 21 22 23 12 13
27 26 25 24 35 34 33 32 31 30 29 28 15 14 13 12 23 22 21 20 19 18 17 16 3 2 1 0 11 10 9 8 7 6 5 4
28 29 30 31 32 33 34 35 24 25 26 27 4 5 6 7 8 9 10 11 0 1 2 3 16 17 18 19 20 21 22 23 12 13 14 15
29 28 27 26 25 24 35 34 33 32 31 30 17 16 15 14 13 12 23 22 21 20 19 18 5 4 3 2 1 0 11 10 9 8 7 6
30 31 32 33 34 35 24 25 26 27 28 29 6 7 8 9 10 11 0 1 2 3 4 5 18 19 20 21 22 23 12 13 14 15 16 17
31 30 29 28 27 26 25 24 35 34 33 32 19 18 17 16 15 14 13 12 23 22 21 20 7 6 5 4 3 2 1 0 11 10 9 8
32 33 34 35 24 25 26 27 28 29 30 31 8 9 10 11 0 1 2 3 4 5 6 7 20 21 22 23 12 13 14 15 16 17 18 19
33 32 31 30 29 28 27 26 25 24 35 34 21 20 19 18 17 16 15 14 13 12 23 22 9 8 7 6 5 4 3 2 1 0 11 10
34 35 24 25 26 27 28 29 30 31 32 33 10 11 0 1 2 3 4 5 6 7 8 9 22 23 12 13 14 15 16 17 18 19 20 21
35 34 33 32 31 30 29 28 27 26 25 24 23 22 21 20 19 18 17 16 15 14 13 12 11 10 9 8 7 6 5 4 3 2 1 0
Z3:D12
0 1 2 3 4 5 6 7 8 9 10 11 12 13 14 15 16 17 18 19 20 21 22 23 24 25 26 27 28 29 30 31 32 33 34 35
1 0 11 10 9 8 7 6 5 4 3 2 13 12 23 22 21 20 19 18 17 16 15 14 25 24 35 34 33 32 31 30 29 28 27 26
2 3 4 5 6 7 8 9 10 11 0 1 26 27 28 29 30 31 32 33 34 35 24 25 14 15 16 17 18 19 20 21 22 23 12 13
3 2 1 0 11 10 9 8 7 6 5 4 27 26 25 24 35 34 33 32 31 30 29 28 15 14 13 12 23 22 21 20 19 18 17 16
4 5 6 7 8 9 10 11 0 1 2 3 16 17 18 19 20 21 22 23 12 13 14 15 28 29 30 31 32 33 34 35 24 25 26 27
5 4 3 2 1 0 11 10 9 8 7 6 17 16 15 14 13 12 23 22 21 20 19 18 29 28 27 26 25 24 35 34 33 32 31 30
6 7 8 9 10 11 0 1 2 3 4 5 30 31 32 33 34 35 24 25 26 27 28 29 18 19 20 21 22 23 12 13 14 15 16 17
7 6 5 4 3 2 1 0 11 10 9 8 31 30 29 28 27 26 25 24 35 34 33 32 19 18 17 16 15 14 13 12 23 22 21 20
8 9 10 11 0 1 2 3 4 5 6 7 20 21 22 23 12 13 14 15 16 17 18 19 32 33 34 35 24 25 26 27 28 29 30 31
9 8 7 6 5 4 3 2 1 0 11 10 21 20 19 18 17 16 15 14 13 12 23 22 33 32 31 30 29 28 27 26 25 24 35 34
10 11 0 1 2 3 4 5 6 7 8 9 34 35 24 25 26 27 28 29 30 31 32 33 22 23 12 13 14 15 16 17 18 19 20 21
11 10 9 8 7 6 5 4 3 2 1 0 35 34 33 32 31 30 29 28 27 26 25 24 23 22 21 20 19 18 17 16 15 14 13 12
12 13 14 15 16 17 18 19 20 21 22 23 24 25 26 27 28 29 30 31 32 33 34 35 0 1 2 3 4 5 6 7 8 9 10 11
13 12 23 22 21 20 19 18 17 16 15 14 25 24 35 34 33 32 31 30 29 28 27 26 1 0 11 10 9 8 7 6 5 4 3 2
14 15 16 17 18 19 20 21 22 23 12 13 2 3 4 5 6 7 8 9 10 11 0 1 26 27 28 29 30 31 32 33 34 35 24 25
15 14 13 12 23 22 21 20 19 18 17 16 3 2 1 0 11 10 9 8 7 6 5 4 27 26 25 24 35 34 33 32 31 30 29 28
16 17 18 19 20 21 22 23 12 13 14 15 28 29 30 31 32 33 34 35 24 25 26 27 4 5 6 7 8 9 10 11 0 1 2 3
17 16 15 14 13 12 23 22 21 20 19 18 29 28 27 26 25 24 35 34 33 32 31 30 5 4 3 2 1 0 11 10 9 8 7 6
18 19 20 21 22 23 12 13 14 15 16 17 6 7 8 9 10 11 0 1 2 3 4 5 30 31 32 33 34 35 24 25 26 27 28 29
19 18 17 16 15 14 13 12 23 22 21 20 7 6 5 4 3 2 1 0 11 10 9 8 31 30 29 28 27 26 25 24 35 34 33 32
20 21 22 23 12 13 14 15 16 17 18 19 32 33 34 35 24 25 26 27 28 29 30 31 8 9 10 11 0 1 2 3 4 5 6 7
21 20 19 18 17 16 15 14 13 12 23 22 33 32 31 30 29 28 27 26 25 24 35 34 9 8 7 6 5 4 3 2 1 0 11 10
22 23 12 13 14 15 16 17 18 19 20 21 10 11 0 1 2 3 4 5 6 7 8 9 34 35 24 25 26 27 28 29 30 31 32 33
23 22 21 20 19 18 17 16 15 14 13 12 11 10 9 8 7 6 5 4 3 2 1 0 35 34 33 32 31 30 29 28 27 26 25 24
24 25 26 27 28 29 30 31 32 33 34 35 0 1 2 3 4 5 6 7 8 9 10 11 12 13 14 15 16 17 18 19 20 21 22 23
25 24 35 34 33 32 31 30 29 28 27 26 1 0 11 10 9 8 7 6 5 4 3 2 13 12 23 22 21 20 19 18 17 16 15 14
26 27 28 29 30 31 32 33 34 35 24 25 14 15 16 17 18 19 20 21 22 23 12 13 2 3 4 5 6 7 8 9 10 11 0 1
27 26 25 24 35 34 33 32 31 30 29 28 15 14 13 12 23 22 21 20 19 18 17 16 3 2 1 0 11 10 9 8 7 6 5 4
28 29 30 31 32 33 34 35 24 25 26 27 4 5 6 7 8 9 10 11 0 1 2 3 16 17 18 19 20 21 22 23 12 13 14 15
29 28 27 26 25 24 35 34 33 32 31 30 5 4 3 2 1 0 11 10 9 8 7 6 17 16 15 14 13 12 23 22 21 20 19 18
30 31 32 33 34 35 24 25 26 27 28 29 18 19 20 21 22 23 12 13 14 15 16 17 6 7 8 9 10 11 0 1 2 3 4 5
31 30 29 28 27 26 25 24 35 34 33 32 19 18 17 16 15 14 13 12 23 22 21 20 7 6 5 4 3 2 1 0 11 10 9 8
32 33 34 35 24 25 26 27 28 29 30 31 8 9 10 11 0 1 2 3 4 5 6 7 20 21 22 23 12 13 14 15 16 17 18 19
33 32 31 30 29 28 27 26 25 24 35 34 9 8 7 6 5 4 3 2 1 0 11 10 21 20 19 18 17 16 15 14 13 12 23 22
34 35 24 25 26 27 28 29 30 31 32 33 22 23 12 13 14 15 16 17 18 19 20 21 10 11 0 1 2 3 4 5 6 7 8 9
35 34 33 32 31 30 29 28 27 26 25 24 23 22 21 20 19 18 17 16 15 14 13 12 11 10 9 8 7 6 5 4 3 2 1 0
Z3:Dic3
0 1 2 3 4 5 6 7 8 9 10 11 12 13 14 15 16 17 18 19 20 21 22 23 24 25 26 27 28 29 30 31 32 33 34 35
1 6 11 4 9 2 7 0 5 10 3 8 25 30 35 28 33 26 31 24 29 34 27 32 13 18 23 16 21 14 19 12 17 22 15 20
2 3 4 5 6 7 8 9 10 11 0 1 14 15 16 17 18 19 20 21 22 23 12 13 26 27 28 29 30 31 32 33 34 35 24 25
3 8 1 6 11 4 9 2 7 0 5 10 27 32 25 30 35 28 33 26 31 24 29 34 15 20 13 18 23 16 21 14 19 12 17 22
4 5 6 7 8 9 10 11 0 1 2 3 16 17 18 19 20 21 22 23 12 13 14 15 28 29 30 31 32 33 34 35 24 25 26 27
5 10 3 8 1 6 11 4 9 2 7 0 29 34 27 32 25 30 35 28 33 26 31 24 17 22 15 20 13 18 23 16 21 14 19 12
6 7 8 9 10 11 0 1 2 3 4 5 18 19 20 21 22 23 12 13 14 15 16 17 30 31 32 33 34 35 24 25 26 27 28 29
7 0 5 10 3 8 1 6 11 4 9 2 31 24 29 34 27 32 25 30 35 28 33 26 19 12 17 22 15 20 13 18 23 16 21 14
8 9 10 11 0 1 2 3 4 5 6 7 20 21 22 23 12 13 14 15 16 17 18 19 32 33 34 35 24 25 26 27 28 29 30 31
9 2 7 0 5 10 3 8 1 6 11 4 33 26 31 24 29 34 27 32 25 30 35 28 21 14 19 12 17 22 15 20 13 18 23 16
10 11 0 1 2 3 4 5 6 7 8 9 22 23 12 13 14 15 16 17 18 19 20 21 34 35 24 25 26 27 28 29 30 31 32 33
11 4 9 2 7 0 5 10 3 8 1 6 35 28 33 26 31 24 29 34 27 32 25 30 23 16 21 14 19 12 17 22 15 20 13 18
12 13 14 15 16 17 18 19 20 21 22 23 24 25 26 27 28 29 30 31 32 33 34 35 0 1 2 3 4 5 6 7 8 9 10 11
13 18 23 16 21 14 19 12 17 22 15 20 1 6 11 4 9 2 7 0 5 10 3 8 25 30 35 28 33 26 31 24 29 34 27 32
14 15 16 17 18 19 20 21 22 23 12 13 26 27 28 29 30 31 32 33 34 35 24 25 2 3 4 5 6 7 8 9 10 11 0 1
15 20 13 18 23 16 21 14 19 12 17 22 3 8 1 6 11 4 9 2 7 0 5 10 27 32 25 30 35 28 33 26 31 24 29 34
16 17 18 19 20 21 22 23 12 13 14 15 28 29 30 31 32 33 34 35 24 25 26 27 4 5 6 7 8 9 10 11 0 1 2 3
17 22 15 20 13 18 23 16 21 14 19 12 5 10 3 8 1 6 11 4 9 2 7 0 29 34 27 32 25 30 35 28 33 26 31 24
18 19 20 21 22 23 12 13 14 15 16 17 30 31 32 33 34 35 24 25 26 27 28 29 6 7 8 9 10 11 0 1 2 3 4 5
19 12 17 22 15 20 13 18 23 16 21 14 7 0 5 10 3 8 1 6 11 4 9 2 31 24 29 34 27 32 25 30 35 28 33 26
20 21 22 23 12 13 14 15 16 17 18 19 32 33 34 35 24 25 26 27 28 29 30 31 8 9 10 11 0 1 2 3 4 5 6 7
21 14 19 12 17 22 15 20 13 18 23 16 9 2 7 0 5 10 3 8 1 6 11 4 33 26 31 24 29 34 27 32 25 30 35 28
22 23 12 13 14 15 16 17 18 19 20 21 34 35 24 25 26 27 28 29 30 31 32 33 10 11 0 1 2 3 4 5 6 7 8 9
23 16 21 14 19 12 17 22 15 20 13 18 11 4 9 2 7 0 5 10 3 8 1 6 35 28 33 26 31 24 29 34 27 32 25 30
24 25 26 27 28 29 30 31 32 33 34 35 0 1 2 3 4 5 6 7 8 9 10 11 12 13 14 15 16 17 18 19 20 21 22 23
25 30 35 28 33 26 31 24 29 34 27 32 13 18 23 16 21 14 19 12 17 22 15 20 1 6 11 4 9 2 7 0 5 10 3 8
26 27 28 29 30 31 32 33 34 35 24 25 2 3 4 5 6 7 8 9 10 11 0 1 14 15 16 17 18 19 20 21 22 23 12 13
27 32 25 30 35 28 33 26 31 24 29 34 15 20 13 18 23 16 21 14 19 12 17 22 3 8 1 6 11 4 9 2 7 0 5 10
28 29 30 31 32 33 34 35 24 25 26 27 4 5 6 7 8 9 10 11 0 1 2 3 16 17 18 19 20 21 22 23 12 13 14 15
29 34 27 32 25 30 35 28 33 26 31 24 17 22 15 20 13 18 23 16 21 14 19 12 5 10 3 8 1 6 11 4 9 2 7 0
30 31 32 33 34 35 24 25 26 27 28 29 6 7 8 9 10 11 0 1 2 3 4 5 18 19 20 21 22 23 12 13 14 15 16 17
31 24 29 34 27 32 25 30 35 28 33 26 19 12 17 22 15 20 13 18 23 16 21 14 7 0 5 10 3 8 1 6 11 4 9 2
32 33 34 35 24 25 26 27 28 29 30 31 8 9 10 11 0 1 2 3 4 5 6 7 20 21 22 23 12 13 14 15 16 17 18 19
33 26 31 24 29 34 27 32 25 30 35 28 21 14 19 12 17 22 15 20 13 18 23 16 9 2 7 0 5 10 3 8 1 6 11 4
34 35 24 25 26 27 28 29 30 31 32 33 10 11 0 1 2 3 4 5 6 7 8 9 22 23 12 13 14 15 16 17 18 19 20 21
35 28 33 26 31 24 29 34 27 32 25 30 23 16 21 14 19 12 17 22 15 20 13 18 11 4 9 2 7 0 5 10 3 8 1 6
Z3:Z2xZ2:Z3
0 1 2 3 4 5 6 7 8 9 10 11 12 13 14 15 16 17 18 19 20 21 22 23 24 25 26 27 28 29 30 31 32 33 34 35
1 2 0 7 8 6 10 11 9 4 5 3 13 14 12 19 20 18 22 23 21 16 17 15 25 26 24 31 32 30 34 35 33 28 29 27
2 0 1 11 9 10 5 3 4 8 6 7 14 12 13 23 21 22 17 15 16 20 18 19 26 24 25 35 33 34 29 27 28 32 30 31
3 4 5 0 1 2 9 10 11 6 7 8 15 16 17 12 13 14 21 22 23 18 19 20 27 28 29 24 25 26 33 34 35 30 31 32
4 5 3 10 11 9 7 8 6 1 2 0 16 17 15 22 23 21 19 20 18 13 14 12 28 29 27 34 35 33 31 32 30 25 26 24
5 3 4 8 6 7 2 0 1 11 9 10 17 15 16 20 18 19 14 12 13 23 21 22 29 27 28 32 30 31 26 24 25 35 33 34
6 7 8 9 10 11 0 1 2 3 4 5 18 19 20 21 22 23 12 13 14 15 16 17 30 31 32 33 34 35 24 25 26 27 28 29
7 8 6 1 2 0 4 5 3 10 11 9 19 20 18 13 14 12 16 17 15 22 23 21 31 32 30 25 26 24 28 29 27 34 35 33
8 6 7 5 3 4 11 9 10 2 0 1 20 18 19 17 15 16 23 21 22 14 12 13 32 30 31 29 27 28 35 33 34 26 24 25
9 10 11 6 7 8 3 4 5 0 1 2 21 22 23 18 19 20 15 16 17 12 13 14 33 34 35 30 31 32 27 28 29 24 25 26
10 11 9 4 5 3 1 2 0 7 8 6 22 23 21 16 17 15 13 14 12 19 20 18 34 35 33 28 29 27 25 26 24 31 32 30
11 9 10 2 0 1 8 6 7 5 3 4 23 21 22 14 12 13 20 18 19 17 15 16 35 33 34 26 24 25 32 30 31 29 27 28
12 13 14 15 16 17 18 19 20 21 22 23 24 25 26 27 28 29 30 31 32 33 34 35 0 1 2 3 4 5 6 7 8 9 10 11
13 14 12 19 20 18 22 23 21 16 17 15 25 26 24 31 32 30 34 35 33 28 29 27 1 2 0 7 8 6 10 11 9 4 5 3
14 12 13 23 21 22 17 15 16 20 18 19 26 24 25 35 33 34 29 27 28 32 30 31 2 0 1 11 9 10 5 3 4 8 6 7
15 16 17 12 13 14 21 22 23 18 19 20 27 28 29 24 25 26 33 34 35 30 31 32 3 4 5 0 1 2 9 10 11 6 7 8
16 17 15 22 23 21 19 20 18 13 14 12 28 29 27 34 35 33 31 32 30 25 26 24 4 5 3 10 11 9 7 8 6 1 2 0
17 15 16 20 18 19 14 12 13 23 21 22 29 27 28 32 30 31 26 24 25 35 33 34 5 3 4 8 6 7 2 0 1 11 9 10
18 19 20 21 22 23 12 13 14 15 16 17 30 31 32 33 34 35 24 25 26 27 28 29 6 7 8 9 10 11 0 1 2 3 4 5
19 20 18 13 14 12 16 17 15 22 23 21 31 32 30 25 26 24 28 29 27 34 35 33 7 8 6 1 2 0 4 5 3 10 11 9
20 18 19 17 15 16 23 21 22 14 12 13 32 30 31 29 27 28 35 33 34 26 24 25 8 6 7 5 3 4 11 9 10 2 0 1
21 22 23 18 19 20 15 16 17 12 13 14 33 34 35 30 31 32 27 28 29 24 25 26 9 10 11 6 7 8 3 4 5 0 1 2
22 23 21 16 17 15 13 14 12 19 20 18 34 35 33 28 29 27 25 26 24 31 32 30 10 11 9 4 5 3 1 2 0 7 8 6
23 21 22 14 12 13 20 18 19 17 15 16 35 33 34 26 24 25 32 30 31 29 27 28 11 9 10 2 0 1 8 6 7 5 3 4
24 25 26 27 28 29 30 31 32 33 34 35 0 1 2 3 4 5 6 7 8 9 10 11 12 13 14 15 16 17 18 19 20 21 22 23
25 26 24 31 32 30 34 35 33 28 29 27 1 2 0 7 8 6 10 11 9 4 5 3 13 14 12 19 20 18 22 23 21 16 17 15
26 24 25 35 33 34 29 27 28 32 30 31 2 0 1 11 9 10 5 3 4 8 6 7 14 12 13 23 21 22 17 15 16 20 18 19
27 28 29 24 25 26 33 34 35 30 31 32 3 4 5 0 1 2 9 10 11 6 7 8 15 16 17 12 13 14 21 22 23 18 19 20
28 29 27 34 35 33 31 32 30 25 26 24 4 5 3 10 11 9 7 8 6 1 2 0 16 17 15 22 23 21 19 20 18 13 14 12
29 27 28 32 30 31 26 24 25 35 33 34 5 3 4 8 6 7 2 0 1 11 9 10 17 15 16 20 18 19 14 12 13 23 21 22
30 31 32 33 34 35 24 25 26 27 28 29 6 7 8 9 10 11 0 1 2 3 4 5 18 19 20 21 22 23 12 13 14 15 16 17
31 32 30 25 26 24 28 29 27 34 35 33 7 8 6 1 2 0 4 5 3 10 11 9 19 20 18 13 14 12 16 17 15 22 23 21
32 30 31 29 27 28 35 33 34 26 24 25 8 6 7 5 3 4 11 9 10 2 0 1 20 18 19 17 15 16 23 21 22 14 12 13
33 34 35 30 31 32 27 28 29 24 25 26 9 10 11 6 7 8 3 4 5 0 1 2 21 22 23 18 19 20 15 16 17 12 13 14
34 35 33 28 29 27 25 26 24 31 32 30 10 11 9 4 5 3 1 2 0 7 8 6 22 23 21 16 17 15 13 14 12 19 20 18
35 33 34 26 24 25 32 30 31 29 27 28 11 9 10 2 0 1 8 6 7 5 3 4 23 21 22 14 12 13 20 18 19 17 15 16
Z2xZ2:Z9
0 1 2 3 4 5 6 7 8 9 10 11 12 13 14 15 16 17 18 19 20 21 22 23 24 25 26 27 28 29 30 31 32 33 34 35
1 2 3 4 5 6 7 8 0 19 20 21 22 23 24 25 26 18 28 29 30 31 32 33 34 35 27 10 11 12 13 14 15 16 17 9
2 3 4 5 6 7 8 0 1 29 30 31 32 33 34 35 27 28 11 12 13 14 15 16 17 9 10 20 21 22 23 24 25 26 18 19
3 4 5 6 7 8 0 1 2 12 13 14 15 16 17 9 10 11 21 22 23 24 25 26 18 19 20 30 31 32 33 34 35 27 28 29
4 5 6 7 8 0 1 2 3 22 23 24 25 26 18 19 20 21 31 32 33 34 35 27 28 29 30 13 14 15 16 17 9 10 11 12
5 6 7 8 0 1 2 3 4 32 33 34 35 27 28 29 30 31 14 15 16 17 9 10 11 12 13 23 24 25 26 18 19 20 21 22
6 7 8 0 1 2 3 4 5 15 16 17 9 10 11 12 13 14 24 25 26 18 19 20 21 22 23 33 34 35 27 28 29 30 31 32
7 8 0 1 2 3 4 5 6 25 26 18 19 20 21 22 23 24 34 35 27 28 29 30 31 32 33 16 17 9 10 11 12 13 14 15
8 0 1 2 3 4 5 6 7 35 27 28 29 30 31 32 33 34 17 9 10 11 12 13 14 15 16 26 18 19 20 21 22 23 24 25
9 10 11 12 13 14 15 16 17 0 1 2 3 4 5 6 7 8 27 28 29 30 31 32 33 34 35 18 19 20 21 22 23 24 25 26
10 11 12 13 14 15 16 17 9 28 29 30 31 32 33 34 35 27 19 20 21 22 23 24 25 26 18 1 2 3 4 5 6 7 8 0
11 12 13 14 15 16 17 9 10 20 21 22 23 24 25 26 18 19 2 3 4 5 6 7 8 0 1 29 30 31 32 33 34 35 27 28
12 13 14 15 16 17 9 10 11 3 4 5 6 7 8 0 1 2 30 31 32 33 34 35 27 28 29 21 22 23 24 25 26 18 19 20
13 14 15 16 17 9 10 11 12 31 32 33 34 35 27 28 29 30 22 23 24 25 26 18 19 20 21 4 5 6 7 8 0 1 2 3
14 15 16 17 9 10 11 12 13 23 24 25 26 18 19 20 21 22 5 6 7 8 0 1 2 3 4 32 33 34 35 27 28 29 30 31
15 16 17 9 10 11 12 13 14 6 7 8 0 1 2 3 4 5 33 34 35 27 28 29 30 31 32 24 25 26 18 19 20 21 22 23
16 17 9 10 11 12 13 14 15 34 35 27 28 29 30 31 32 33 25 26 18 19 20 21 22 23 24 7 8 0 1 2 3 4 5 6
17 9 10 11 12 13 14 15 16 26 18 19 20 21 22 23 24 25 8 0 1 2 3 4 5 6 7 35 27 28 29 30 31 32 33 34
18 19 20 21 22 23 24 25 26 27 28 29 30 31 32 33 34 35 0 1 2 3 4 5 6 7 8 9 10 11 12 13 14 15 16 17
19 20 21 22 23 24 25 26 18 1 2 3 4 5 6 7 8 0 10 11 12 13 14 15 16 17 9 28 29 30 31 32 33 34 35 27
20 21 22 23 24 25 26 18 19 11 12 13 14 15 16 17 9 10 29 30 31 32 33 34 35 27 28 2 3 4 5 6 7 8 0 1
21 22 23 24 25 26 18 19 20 30 31 32 33 34 35 27 28 29 3 4 5 6 7 8 0 1 2 12 13 14 15 16 17 9 10 11
22 23 24 25 26 18 19 20 21 4 5 6 7 8 0 1 2 3 13 14 15 16 17 9 10 11 12 31 32 33 34 35 27 28 29 30
23 24 25 26 18 19 20 21 22 14 15 16 17 9 10 11 12 13 32 33 34 35 27 28 29 30 31 5 6 7 8 0 1 2 3 4
24 25 26 18 19 20 21 22 23 33 34 35 27 28 29 30 31 32 6 7 8 0 1 2 3 4 5 15 16 17 9 10 11 12 13 14
25 26 18 19 20 21 22 23 24 7 8 0 1 2 3 4 5 6 16 17 9 10 11 12 13 14 15 34 35 27 28 29 30 31 32 33
26 18 19 20 21 22 23 24 25 17 9 10 11 12 13 14 15 16 35 27 28 29 30 31 32 33 34 8 0 1 2 3 4 5 6 7
27 28 29 30 31 32 33 34 35 18 19 20 21 22 23 24 25 26 9 10 11 12 13 14 15 16 17 0 1 2 3 4 5 6 7 8
28 29 30 31 32 33 34 35 27 10 11 12 13 14 15 16 17 9 1 2 3 4 5 6 7 8 0 19 20 21 22 23 24 25 26 18
29 30 31 32 33 34 35 27 28 2 3 4 5 6 7 8 0 1 20 21 22 23 24 25 26 18 19 11 12 13 14 15 16 17 9 10
30 31 32 33 34 35 27 28 29 21 22 23 24 25 26 18 19 20 12 13 14 15 16 17 9 10 11 3 4 5 6 7 8 0 1 2
31 32 33 34 35 27 28 29 30 13 14 15 16 17 9 10 11 12 4 5 6 7 8 0 1 2 3 22 23 24 25 26 18 19 20 21
32 33 34 35 27 28 29 30 31 5 6 7 8 0 1 2 3 4 23 24 25 26 18 19 20 21 22 14 15 16 17 9 10 11 12 13
33 34 35 27 28 29 30 31 32 24 25 26 18 19 20 21 22 23 15 16 17 9 10 11 12 13 14 6 7 8 0 1 2 3 4 5
34 35 27 28 29 30 31 32 33 16 17 9 10 11 12 13 14 15 7 8 0 1 2 3 4 5 6 25 26 18 19 20 21 22 23 24
35 27 28 29 30 31 32 33 34 8 0 1 2 3 4 5 6 7 26 18 19 20 21 22 23 24 25 17 9 10 11 12 13 14 15 16
Z3xZ3:Z4
0 1 2 3 4 5 6 7 8 9 10 11 12 13 14 15 16 17 18 19 20 21 22 23 24 25 26 27 28 29 30 31 32 33 34 35
1 2 3 0 13 14 15 12 25 26 27 24 9 10 11 8 21 22 23 20 33 34 35 32 5 6 7 4 17 18 19 16 29 30 31 28
2 3 0 1 10 11 8 9 6 7 4 5 26 27 24 25 34 35 32 33 30 31 28 29 14 15 12 13 22 23 20 21 18 19 16 17
3 0 1 2 27 24 25 26 15 12 13 14 7 4 5 6 31 28 29 30 19 16 17 18 11 8 9 10 35 32 33 34 23 20 21 22
4 5 6 7 8 9 10 11 0 1 2 3 16 17 18 19 20 21 22 23 12 13 14 15 28 29 30 31 32 33 34 35 24 25 26 27
5 6 7 4 17 18 19 16 29 30 31 28 1 2 3 0 13 14 15 12 25 26 27 24 9 10 11 8 21 22 23 20 33 34 35 32
6 7 4 5 2 3 0 1 10 11 8 9 30 31 28 29 26 27 24 25 34 35 32 33 18 19 16 17 14 15 12 13 22 23 20 21
7 4 5 6 31 28 29 30 19 16 17 18 11 8 9 10 35 32 33 34 23 20 21 22 3 0 1 2 27 24 25 26 15 12 13 14
8 9 10 11 0 1 2 3 4 5 6 7 20 21 22 23 12 13 14 15 16 17 18 19 32 33 34 35 24 25 26 27 28 29 30 31
9 10 11 8 21 22 23 20 33 34 35 32 5 6 7 4 17 18 19 16 29 30 31 28 1 2 3 0 13 14 15 12 25 26 27 24
10 11 8 9 6 7 4 5 2 3 0 1 34 35 32 33 30 31 28 29 26 27 24 25 22 23 20 21 18 19 16 17 14 15 12 13
11 8 9 10 35 32 33 34 23 20 21 22 3 0 1 2 27 24 25 26 15 12 13 14 7 4 5 6 31 28 29 30 19 16 17 18
12 13 14 15 16 17 18 19 20 21 22 23 24 25 26 27 28 29 30 31 32 33 34 35 0 1 2 3 4 5 6 7 8 9 10 11
13 14 15 12 25 26 27 24 1 2 3 0 21 22 23 20 33 34 35 32 9 10 11 8 17 18 19 16 29 30 31 28 5 6 7 4
14 15 12 13 22 23 20 21 18 19 16 17 2 3 0 1 10 11 8 9 6 7 4 5 26 27 24 25 34 35 32 33 30 31 28 29
15 12 13 14 3 0 1 2 27 24 25 26 19 16 17 18 7 4 5 6 31 28 29 30 23 20 21 22 11 8 9 10 35 32 33 34
16 17 18 19 20 21 22 23 12 13 14 15 28 29 30 31 32 33 34 35 24 25 26 27 4 5 6 7 8 9 10 11 0 1 2 3
17 18 19 16 29 30 31 28 5 6 7 4 13 14 15 12 25 26 27 24 1 2 3 0 21 22 23 20 33 34 35 32 9 10 11 8
18 19 16 17 14 15 12 13 22 23 20 21 6 7 4 5 2 3 0 1 10 11 8 9 30 31 28 29 26 27 24 25 34 35 32 33
19 16 17 18 7 4 5 6 31 28 29 30 23 20 21 22 11 8 9 10 35 32 33 34 15 12 13 14 3 0 1 2 27 24 25 26
20 21 22 23 12 13 14 15 16 17 18 19 32 33 34 35 24 25 26 27 28 29 30 31 8 9 10 11 0 1 2 3 4 5 6 7
21 22 23 20 33 34 35 32 9 10 11 8 17 18 19 16 29 30 31 28 5 6 7 4 13 14 15 12 25 26 27 24 1 2 3 0
22 23 20 21 18 19 16 17 14 15 12 13 10 11 8 9 6 7 4 5 2 3 0 1 34 35 32 33 30 31 28 29 26 27 24 25
23 20 21 22 11 8 9 10 35 32 33 34 15 12 13 14 3 0 1 2 27 24 25 26 19 16 17 18 7 4 5 6 31 28 29 30
24 25 26 27 28 29 30 31 32 33 34 35 0 1 2 3 4 5 6 7 8 9 10 11 12 13 14 15 16 17 18 19 20 21 22 23
25 26 27 24 1 2 3 0 13 14 15 12 33 34 35 32 9 10 11 8 21 22 23 20 29 30 31 28 5 6 7 4 17 18 19 16
26 27 24 25 34 35 32 33 30 31 28 29 14 15 12 13 22 23 20 21 18 19 16 17 2 3 0 1 10 11 8 9 6 7 4 5
27 24 25 26 15 12 13 14 3 0 1 2 31 28 29 30 19 16 17 18 7 4 5 6 35 32 33 34 23 20 21 22 11 8 9 10
28 29 30 31 32 33 34 35 24 25 26 27 4 5 6 7 8 9 10 11 0 1 2 3 16 17 18 19 20 21 22 23 12 13 14 15
29 30 31 28 5 6 7 4 17 18 19 16 25 26 27 24 1 2 3 0 13 14 15 12 33 34 35 32 9 10 11 8 21 22 23 20
30 31 28 29 26 27 24 25 34 35 32 33 18 19 16 17 14 15 12 13 22 23 20 21 6 7 4 5 2 3 0 1 10 11 8 9
31 28 29 30 19 16 17 18 7 4 5 6 35 32 33 34 23 20 21 22 11 8 9 10 27 24 25 26 15 12 13 14 3 0 1 2
32 33 34 35 24 25 26 27 28 29 30 31 8 9 10 11 0 1 2 3 4 5 6 7 20 21 22 23 12 13 14 15 16 17 18 19
33 34 35 32 9 10 11 8 21 22 23 20 29 30 31 28 5 6 7 4 17 18 19 16 25 26 27 24 1 2 3 0 13 14 15 12
34 35 32 33 30 31 28 29 26 27 24 25 22 23 20 21 18 19 16 17 14 15 12 13 10 11 8 9 6 7 4 5 2 3 0 1
35 32 33 34 23 20 21 22 11 8 9 10 27 24 25 26 15 12 13 14 3 0 1 2 31 28 29 30 19 16 17 18 7 4 5 6
