2 38
Z2xZ19
0 1 2 3 4 5 6 7 8 9 10 11 12 13 14 15 16 17 18 19 20 21 22 23 24 25 26 27 28 29 30 31 32 33 34 35 36 37
1 2 3 4 5 6 7 8 9 10 11 12 13 14 15 16 17 18 0 20 21 22 23 24 25 26 27 28 29 30 31 32 33 34 35 36 37 19
2 3 4 5 6 7 8 9 10 11 12 13 14 15 16 17 18 0 1 21 22 23 24 25 26 27 28 29 30 31 32 33 34 35 36 37 19 20
3 4 5 6 7 8 9 10 11 12 13 14 15 16 17 18 0 1 2 22 23 24 25 26 27 28 29 30 31 32 33 34 35 36 37 19 20 21
4 5 6 7 8 9 10 11 12 13 14 15 16 17 18 0 1 2 3 23 24 25 26 27 28 29 30 31 32 33 34 35 36 37 19 20 21 22
5 6 7 8 9 10 11 12 13 14 15 16 17 18 0 1 2 3 4 24 25 26 27 28 29 30 31 32 33 34 35 36 37 19 20 21 22 23
6 7 8 9 10 11 12 13 14 15 16 17 18 0 1 2 3 4 5 25 26 27 28 29 30 31 32 33 34 35 36 37 19 20 21 22 23 24
7 8 9 10 11 12 13 14 15 16 17 18 0 1 2 3 4 5 6 26 27 28 29 30 31 32 33 34 35 36 37 19 20 21 22 23 24 25
8 9 10 11 12 13 14 15 16 17 18 0 1 2 3 4 5 6 7 27 28 29 30 31 32 33 34 35 36 37 19 20 21 22 23 24 25 26
9 10 11 12 13 14 15 16 17 18 0 1 2 3 4 5 6 7 8 28 29 30 31 32 33 34 35 36 37 19 20 21 22 23 24 25 26 27
10 11 12 13 14 15 16 17 18 0 1 2 3 4 5 6 7 8 9 29 30 31 32 33 34 35 36 37 19 20 21 22 23 24 25 26 27 28
11 12 13 14 15 16 17 18 0 1 2 3 4 5 6 7 8 9 10 30 31 32 33 34 35 36 37 19 20 21 22 23 24 25 26 27 28 29
12 13 14 15 16 17 18 0 1 2 3 4 5 6 7 8 9 10 11 31 32 33 34 35 36 37 19 20 21 22 23 24 25 26 27 28 29 30
13 14 15 16 17 18 0 1 2 3 4 5 6 7 8 9 10 11 12 32 33 34 35 36 37 19 20 21 22 23 24 25 26 27 28 29 30 31
14 15 16 17 18 0 1 2 3 4 5 6 7 8 9 10 11 12 13 33 34 35 36 37 19 20 21 22 23 24 25 26 27 28 29 30 31 32
15 16 17 18 0 1 2 3 4 5 6 7 8 9 10 11 12 13 14 34 35 36 37 19 20 21 22 23 24 25 26 27 28 29 30 31 32 33
16 17 18 0 1 2 3 4 5 6 7 8 9 10 11 12 13 14 15 35 36 37 19 20 21 22 23 24 25 26 27 28 29 30 31 32 33 34
17 18 0 1 2 3 4 5 6 7 8 9 10 11 12 13 14 15 16 36 37 19 20 21 22 23 24 25 26 27 28 29 30 31 32 33 34 35
18 0 1 2 3 4 5 6 7 8 9 10 11 12 13 14 15 16 17 37 19 20 21 22 23 24 25 26 27 28 29 30 31 32 33 34 35 36
19 20 21 22 23 24 25 26 27 28 29 30 31 32 33 34 35 36 37 0 1 2 3 4 5 6 7 8 9 10 11 12 13 14 15 16 17 18
20 21 22 23 24 25 26 27 28 29 30 31 32 33 34 35 36 37 19 1 2 3 4 5 6 7 8 9 10 11 12 13 14 15 16 17 18 0
21 22 23 24 25 26 27 28 29 30 31 32 33 34 35 36 37 19 20 2 3 4 5 6 7 8 9 10 11 12 13 14 15 16 17 18 0 1
22 23 24 25 26 27 28 29 30 31 32 33 34 35 36 37 19 20 21 3 4 5 6 7 8 9 10 11 12 13 14 15 16 17 18 0 1 2
23 24 25 26 27 28 29 30 31 32 33 34 35 36 37 19 20 21 22 4 5 6 7 8 9 10 11 12 13 14 15 16 17 18 0 1 2 3
24 25 26 27 28 29 30 31 32 33 34 35 36 37 19 20 21 22 23 5 6 7 8 9 10 11 12 13 14 15 16 17 18 0 1 2 3 4
25 26 27 28 29 30 31 32 33 34 35 36 37 19 20 21 22 23 24 6 7 8 9 10 11 12 13 14 15 16 17 18 0 1 2 3 4 5
26 27 28 29 30 31 32 33 34 35 36 37 19 20 21 22 23 24 25 7 8 9 10 11 12 13 14 15 16 17 18 0 1 2 3 4 5 6
27 28 29 30 31 32 33 34 35 36 37 19 20 21 22 23 24 25 26 8 9 10 11 12 13 14 15 16 17 18 0 1 2 3 4 5 6 7
28 29 30 31 32 33 34 35 36 37 19 20 21 22 23 24 25 26 27 9 10 11 12 13 14 15 16 17 18 0 1 2 3 4 5 6 7 8
29 30 31 32 33 34 35 36 37 19 20 21 22 23 24 25 26 27 28 10 11 12 13 14 15 16 17 18 0 1 2 3 4 5 6 7 8 9
30 31 32 33 34 35 36 37 19 20 21 22 23 24 25 26 27 28 29 11 12 13 14 15 16 17 18 0 1 2 3 4 5 6 7 8 9 10
31 32 33 34 35 36 37 19 20 21 22 23 24 25 26 27 28 29 30 12 13 14 15 16 17 18 0 1 2 3 4 5 6 7 8 9 10 11
32 33 34 35 36 37 19 20 21 22 23 24 25 26 27 28 29 30 31 13 14 15 16 17 18 0 1 2 3 4 5 6 7 8 9 10 11 12
33 34 35 36 37 19 20 21 22 23 24 25 26 27 28 29 30 31 32 14 15 16 17 18 0 1 2 3 4 5 6 7 8 9 10 11 12 13
34 35 36 37 19 20 21 22 23 24 25 26 27 28 29 30 31 32 33 15 16 17 18 0 1 2 3 4 5 6 7 8 9 10 11 12 13 14
35 36 37 19 20 21 22 23 24 25 26 27 28 29 30 31 32 33 34 16 17 18 0 1 2 3 4 5 6 7 8 9 10 11 12 13 14 15
36 37 19 20 21 22 23 24 25 26 27 28 29 30 31 32 33 34 35 17 18 0 1 2 3 4 5 6 7 8 9 10 11 12 13 14 15 16
37 19 20 21 22 23 24 25 26 27 28 29 30 31 32 33 34 35 36 18 0 1 2 3 4 5 6 7 8 9 10 11 12 13 14 15 16 17
D38
0 1 2 3 4 5 6 7 8 9 10 11 12 13 14 15 16 17 18 19 20 21 22 23 24 25 26 27 28 29 30 31 32 33 34 35 36 37
1 0 37 36 35 34 33 32 31 30 29 28 27 26 25 24 23 22 21 20 19 18 17 16 15 14 13 12 11 10 9 8 7 6 5 4 3 2
2 3 4 5 6 7 8 9 10 11 12 13 14 15 16 17 18 19 20 21 22 23 24 25 26 27 28 29 30 31 32 33 34 35 36 37 0 1
3 2 1 0 37 36 35 34 33 32 31 30 29 28 27 26 25 24 23 22 21 20 19 18 17 16 15 14 13 12 11 10 9 8 7 6 5 4
4 5 6 7 8 9 10 11 12 13 14 15 16 17 18 19 20 21 22 23 24 25 26 27 28 29 30 31 32 33 34 35 36 37 0 1 2 3
5 4 3 2 1 0 37 36 35 34 33 32 31 30 29 28 27 26 25 24 23 22 21 20 19 18 17 16 15 14 13 12 11 10 9 8 7 6
6 7 8 9 10 11 12 13 14 15 16 17 18 19 20 21 22 23 24 25 26 27 28 29 30 31 32 33 34 35 36 37 0 1 2 3 4 5
7 6 5 4 3 2 1 0 37 36 35 34 33 32 31 30 29 28 27 26 25 24 23 22 21 20 19 18 17 16 15 14 13 12 11 10 9 8
8 9 10 11 12 13 14 15 16 17 18 19 20 21 22 23 24 25 26 27 28 29 30 31 32 33 34 35 36 37 0 1 2 3 4 5 6 7
9 8 7 6 5 4 3 2 1 0 37 36 35 34 33 32 31 30 29 28 27 26 25 24 23 22 21 20 19 18 17 16 15 14 13 12 11 10
10 11 12 13 14 15 16 17 18 19 20 21 22 23 24 25 26 27 28 29 30 31 32 33 34 35 36 37 0 1 2 3 4 5 6 7 8 9
11 10 9 8 7 6 5 4 3 2 1 0 37 36 35 34 33 32 31 30 29 28 27 26 25 24 23 22 21 20 19 18 17 16 15 14 13 12
12 13 14 15 16 17 18 19 20 21 22 23 24 25 26 27 28 29 30 31 32 33 34 35 36 37 0 1 2 3 4 5 6 7 8 9 10 11
13 12 11 10 9 8 7 6 5 4 3 2 1 0 37 36 35 34 33 32 31 30 29 28 27 26 25 24 23 22 21 20 19 18 17 16 15 14
14 15 16 17 18 19 20 21 22 23 24 25 26 27 28 29 30 31 32 33 34 35 36 37 0 1 2 3 4 5 6 7 8 9 10 11 12 13
15 14 13 12 11 10 9 8 7 6 5 4 3 2 1 0 37 36 35 34 33 32 31 30 29 28 27 26 25 24 23 22 21 20 19 18 17 16
16 17 18 19 20 21 22 23 24 25 26 27 28 29 30 31 32 33 34 35 36 37 0 1 2 3 4 5 6 7 8 9 10 11 12 13 14 15
17 16 15 14 13 12 11 10 9 8 7 6 5 4 3 2 1 0 37 36 35 34 33 32 31 30 29 28 27 26 25 24 23 22 21 20 19 18
18 19 20 21 22 23 24 25 26 27 28 29 30 31 32 33 34 35 36 37 0 1 2 3 4 5 6 7 8 9 10 11 12 13 14 15 16 17
19 18 17 16 15 14 13 12 11 10 9 8 7 6 5 4 3 2 1 0 37 36 35 34 33 32 31 30 29 28 27 26 25 24 23 22 21 20
20 21 22 23 24 25 26 27 28 29 30 31 32 33 34 35 36 37 0 1 2 3 4 5 6 7 8 9 10 11 12 13 14 15 16 17 18 19
21 20 19 18 17 16 15 14 13 12 11 10 9 8 7 6 5 4 3 2 1 0 37 36 35 34 33 32 31 30 29 28 27 26 25 24 23 22
22 23 24 25 26 27 28 29 30 31 32 33 34 35 36 37 0 1 2 3 4 5 6 7 8 9 10 11 12 13 14 15 16 17 18 19 20 21
23 22 21 20 19 18 17 16 15 14 13 12 11 10 9 8 7 6 5 4 3 2 1 0 37 36 35 34 33 32 31 30 29 28 27 26 25 24
24 25 26 27 28 29 30 31 32 33 34 35 36 37 0 1 2 3 4 5 6 7 8 9 10 11 12 13 14 15 16 17 18 19 20 21 22 23
25 24 23 22 21 20 19 18 17 16 15 14 13 12 11 10 9 8 7 6 5 4 3 2 1 0 37 36 35 34 33 32 31 30 29 28 27 26
26 27 28 29 30 31 32 33 34 35 36 37 0 1 2 3 4 5 6 7 8 9 10 11 12 13 14 15 16 17 18 19 20 21 22 23 24 25
27 26 25 24 23 22 21 20 19 18 17 16 15 14 13 12 11 10 9 8 7 6 5 4 3 2 1 0 37 36 35 34 33 32 31 30 29 28
28 29 30 31 32 33 34 35 36 37 0 1 2 3 4 5 6 7 8 9 10 11 12 13 14 15 16 17 18 19 20 21 22 23 24 25 26 27
29 28 27 26 25 24 23 22 21 20 19 18 17 16 15 14 13 12 11 10 9 8 7 6 5 4 3 2 1 0 37 36 35 34 33 32 31 30
30 31 32 33 34 35 36 37 0 1 2 3 4 5 6 7 8 9 10 11 12 13 14 15 16 17 18 19 20 21 22 23 24 25 26 27 28 29
31 30 29 28 27 26 25 24 23 22 21 20 19 18 17 16 15 14 13 12 11 10 9 8 7 6 5 4 3 2 1 0 37 36 35 34 33 32
32 33 34 35 36 37 0 1 2 3 4 5 6 7 8 9 10 11 12 13 14 15 16 17 18 19 20 21 22 23 24 25 26 27 28 29 30 31
33 32 31 30 29 28 27 26 25 24 23 22 21 20 19 18 17 16 15 14 13 12 11 10 9 8 7 6 5 4 3 2 1 0 37 36 35 34
34 35 36 37 0 1 2 3 4 5 6 7 8 9 10 11 12 13 14 15 16 17 18 19 20 21 22 23 24 25 26 27 28 29 30 31 32 33
35 34 33 32 31 30 29 28 27 26 25 24 23 22 21 20 19 18 17 16 15 14 13 12 11 10 9 8 7 6 5 4 3 2 1 0 37 36
36 37 0 1 2 3 4 5 6 7 8 9 10 11 12 13 14 15 16 17 18 19 20 21 22 23 24 25 26 27 28 29 30 31 32 33 34 35
37 36 35 34 33 32 31 30 29 28 27 26 25 24 23 22 21 20 19 18 17 16 15 14 13 12 11 10 9 8 7 6 5 4 3 2 1 0
