4 76
Z4xZ19
0 1 2 3 4 5 6 7 8 9 10 11 12 13 14 15 16 17 18 19 20 21 22 23 24 25 26 27 28 29 30 31 32 33 34 35 36 37 38 39 40 41 42 43 44 45 46 47 48 49 50 51 52 53 54 55 56 57 58 59 60 61 62 63 64 65 66 67 68 69 70 71 72 73 74 75
1 2 3 4 5 6 7 8 9 10 11 12 13 14 15 16 17 18 0 20 21 22 23 24 25 26 27 28 29 30 31 32 33 34 35 36 37 19 39 40 41 42 43 44 45 46 47 48 49 50 51 52 53 54 55 56 38 58 59 60 61 62 63 64 65 66 67 68 69 70 71 72 73 74 75 57
2 3 4 5 6 7 8 9 10 11 12 13 14 15 16 17 18 0 1 21 22 23 24 25 26 27 28 29 30 31 32 33 34 35 36 37 19 20 40 41 42 43 44 45 46 47 48 49 50 51 52 53 54 55 56 38 39 59 60 61 62 63 64 65 66 67 68 69 70 71 72 73 74 75 57 58
3 4 5 6 7 8 9 10 11 12 13 14 15 16 17 18 0 1 2 22 23 24 25 26 27 28 29 30 31 32 33 34 35 36 37 19 20 21 41 42 43 44 45 46 47 48 49 50 51 52 53 54 55 56 38 39 40 60 61 62 63 64 65 66 67 68 69 70 71 72 73 74 75 57 58 59
4 5 6 7 8 9 10 11 12 13 14 15 16 17 18 0 1 2 3 23 24 25 26 27 28 29 30 31 32 33 34 35 36 37 19 20 21 22 42 43 44 45 46 47 48 49 50 51 52 53 54 55 56 38 39 40 41 61 62 63 64 65 66 67 68 69 70 71 72 73 74 75 57 58 59 60
5 6 7 8 9 10 11 12 13 14 15 16 17 18 0 1 2 3 4 24 25 26 27 28 29 30 31 32 33 34 35 36 37 19 20 21 22 23 43 44 45 46 47 48 49 50 51 52 53 54 55 56 38 39 40 41 42 62 63 64 65 66 67 68 69 70 71 72 73 74 75 57 58 59 60 61
6 7 8 9 10 11 12 13 14 15 16 17 18 0 1 2 3 4 5 25 26 27 28 29 30 31 32 33 34 35 36 37 19 20 21 22 23 24 44 45 46 47 48 49 50 51 52 53 54 55 56 38 39 40 41 42 43 63 64 65 66 67 68 69 70 71 72 73 74 75 57 58 59 60 61 62
7 8 9 10 11 12 13 14 15 16 17 18 0 1 2 3 4 5 6 26 27 28 29 30 31 32 33 34 35 36 37 19 20 21 22 23 24 25 45 46 47 48 49 50 51 52 53 54 55 56 38 39 40 41 42 43 44 64 65 66 67 68 69 70 71 72 73 74 75 57 58 59 60 61 62 63
8 9 10 11 12 13 14 15 16 17 18 0 1 2 3 4 5 6 7 27 28 29 30 31 32 33 34 35 36 37 19 20 21 22 23 24 25 26 46 47 48 49 50 51 52 53 54 55 56 38 39 40 41 42 43 44 45 65 66 67 68 69 70 71 72 73 74 75 57 58 59 60 61 62 63 64
9 10 11 12 13 14 15 16 17 18 0 1 2 3 4 5 6 7 8 28 29 30 31 32 33 34 35 36 37 19 20 21 22 23 24 25 26 27 47 48 49 50 51 52 53 54 55 56 38 39 40 41 42 43 44 45 46 66 67 68 69 70 71 72 73 74 75 57 58 59 60 61 62 63 64 65
10 11 12 13 14 15 16 17 18 0 1 2 3 4 5 6 7 8 9 29 30 31 32 33 34 35 36 37 19 20 21 22 23 24 25 26 27 28 48 49 50 51 52 53 54 55 56 38 39 40 41 42 43 44 45 46 47 67 68 69 70 71 72 73 74 75 57 58 59 60 61 62 63 64 65 66
11 12 13 14 15 16 17 18 0 1 2 3 4 5 6 7 8 9 10 30 31 32 33 34 35 36 37 19 20 21 22 23 24 25 26 27 28 29 49 50 51 52 53 54 55 56 38 39 40 41 42 43 44 45 46 47 48 68 69 70 71 72 73 74 75 57 58 59 60 61 62 63 64 65 66 67
12 13 14 15 16 17 18 0 1 2 3 4 5 6 7 8 9 10 11 31 32 33 34 35 36 37 19 20 21 22 23 24 25 26 27 28 29 30 50 51 52 53 54 55 56 38 39 40 41 42 43 44 45 46 47 48 49 69 70 71 72 73 74 75 57 58 59 60 61 62 63 64 65 66 67 68
13 14 15 16 17 18 0 1 2 3 4 5 6 7 8 9 10 11 12 32 33 34 35 36 37 19 20 21 22 23 24 25 26 27 28 29 30 31 51 52 53 54 55 56 38 39 40 41 42 43 44 45 46 47 48 49 50 70 71 72 73 74 75 57 58 59 60 61 62 63 64 65 66 67 68 69
14 15 16 17 18 0 1 2 3 4 5 6 7 8 9 10 11 12 13 33 34 35 36 37 19 20 21 22 23 24 25 26 27 28 29 30 31 32 52 53 54 55 56 38 39 40 41 42 43 44 45 46 47 48 49 50 51 71 72 73 74 75 57 58 59 60 61 62 63 64 65 66 67 68 69 70
15 16 17 18 0 1 2 3 4 5 6 7 8 9 10 11 12 13 14 34 35 36 37 19 20 21 22 23 24 25 26 27 28 29 30 31 32 33 53 54 55 56 38 39 40 41 42 43 44 45 46 47 48 49 50 51 52 72 73 74 75 57 58 59 60 61 62 63 64 65 66 67 68 69 70 71
16 17 18 0 1 2 3 4 5 6 7 8 9 10 11 12 13 14 15 35 36 37 19 20 21 22 23 24 25 26 27 28 29 30 31 32 33 34 54 55 56 38 39 40 41 42 43 44 45 46 47 48 49 50 51 52 53 73 74 75 57 58 59 60 61 62 63 64 65 66 67 68 69 70 71 72
17 18 0 1 2 3 4 5 6 7 8 9 10 11 12 13 14 15 16 36 37 19 20 21 22 23 24 25 26 27 28 29 30 31 32 33 34 35 55 56 38 39 40 41 42 43 44 45 46 47 48 49 50 51 52 53 54 74 75 57 58 59 60 61 62 63 64 65 66 67 68 69 70 71 72 73
18 0 1 2 3 4 5 6 7 8 9 10 11 12 13 14 15 16 17 37 19 20 21 22 23 24 25 26 27 28 29 30 31 32 33 34 35 36 56 38 39 40 41 42 43 44 45 46 47 48 49 50 51 52 53 54 55 75 57 58 59 60 61 62 63 64 65 66 67 68 69 70 71 72 73 74
19 20 21 22 23 24 25 26 27 28 29 30 31 32 33 34 35 36 37 38 39 40 41 42 43 44 45 46 47 48 49 50 51 52 53 54 55 56 57 58 59 60 61 62 63 64 65 66 67 68 69 70 71 72 73 74 75 0 1 2 3 4 5 6 7 8 9 10 11 12 13 14 15 16 17 18
20 21 22 23 24 25 26 27 28 29 30 31 32 33 34 35 36 37 19 39 40 41 42 43 44 45 46 47 48 49 50 51 52 53 54 55 56 38 58 59 60 61 62 63 64 65 66 67 68 69 70 71 72 73 74 75 57 1 2 3 4 5 6 7 8 9 10 11 12 13 14 15 16 17 18 0
21 22 23 24 25 26 27 28 29 30 31 32 33 34 35 36 37 19 20 40 41 42 43 44 45 46 47 48 49 50 51 52 53 54 55 56 38 39 59 60 61 62 63 64 65 66 67 68 69 70 71 72 73 74 75 57 58 2 3 4 5 6 7 8 9 10 11 12 13 14 15 16 17 18 0 1
22 23 24 25 26 27 28 29 30 31 32 33 34 35 36 37 19 20 21 41 42 43 44 45 46 47 48 49 50 51 52 53 54 55 56 38 39 40 60 61 62 63 64 65 66 67 68 69 70 71 72 73 74 75 57 58 59 3 4 5 6 7 8 9 10 11 12 13 14 15 16 17 18 0 1 2
23 24 25 26 27 28 29 30 31 32 33 34 35 36 37 19 20 21 22 42 43 44 45 46 47 48 49 50 51 52 53 54 55 56 38 39 40 41 61 62 63 64 65 66 67 68 69 70 71 72 73 74 75 57 58 59 60 4 5 6 7 8 9 10 11 12 13 14 15 16 17 18 0 1 2 3
24 25 26 27 28 29 30 31 32 33 34 35 36 37 19 20 21 22 23 43 44 45 46 47 48 49 50 51 52 53 54 55 56 38 39 40 41 42 62 63 64 65 66 67 68 69 70 71 72 73 74 75 57 58 59 60 61 5 6 7 8 9 10 11 12 13 14 15 16 17 18 0 1 2 3 4
25 26 27 28 29 30 31 32 33 34 35 36 37 19 20 21 22 23 24 44 45 46 47 48 49 50 51 52 53 54 55 56 38 39 40 41 42 43 63 64 65 66 67 68 69 70 71 72 73 74 75 57 58 59 60 61 62 6 7 8 9 10 11 12 13 14 15 16 17 18 0 1 2 3 4 5
26 27 28 29 30 31 32 33 34 35 36 37 19 20 21 22 23 24 25 45 46 47 48 49 50 51 52 53 54 55 56 38 39 40 41 42 43 44 64 65 66 67 68 69 70 71 72 73 74 75 57 58 59 60 61 62 63 7 8 9 10 11 12 13 14 15 16 17 18 0 1 2 3 4 5 6
27 28 29 30 31 32 33 34 35 36 37 19 20 21 22 23 24 25 26 46 47 48 49 50 51 52 53 54 55 56 38 39 40 41 42 43 44 45 65 66 67 68 69 70 71 72 73 74 75 57 58 59 60 61 62 63 64 8 9 10 11 12 13 14 15 16 17 18 0 1 2 3 4 5 6 7
28 29 30 31 32 33 34 35 36 37 19 20 21 22 23 24 25 26 27 47 48 49 50 51 52 53 54 55 56 38 39 40 41 42 43 44 45 46 66 67 68 69 70 71 72 73 74 75 57 58 59 60 61 62 63 64 65 9 10 11 12 13 14 15 16 17 18 0 1 2 3 4 5 6 7 8
29 30 31 32 33 34 35 36 37 19 20 21 22 23 24 25 26 27 28 48 49 50 51 52 53 54 55 56 38 39 40 41 42 43 44 45 46 47 67 68 69 70 71 72 73 74 75 57 58 59 60 61 62 63 64 65 66 10 11 12 13 14 15 16 17 18 0 1 2 3 4 5 6 7 8 9
30 31 32 33 34 35 36 37 19 20 21 22 23 24 25 26 27 28 29 49 50 51 52 53 54 55 56 38 39 40 41 42 43 44 45 46 47 48 68 69 70 71 72 73 74 75 57 58 59 60 61 62 63 64 65 66 67 11 12 13 14 15 16 17 18 0 1 2 3 4 5 6 7 8 9 10
31 32 33 34 35 36 37 19 20 21 22 23 24 25 26 27 28 29 30 50 51 52 53 54 55 56 38 39 40 41 42 43 44 45 46 47 48 49 69 70 71 72 73 74 75 57 58 59 60 61 62 63 64 65 66 67 68 12 13 14 15 16 17 18 0 1 2 3 4 5 6 7 8 9 10 11
32 33 34 35 36 37 19 20 21 22 23 24 25 26 27 28 29 30 31 51 52 53 54 55 56 38 39 40 41 42 43 44 45 46 47 48 49 50 70 71 72 73 74 75 57 58 59 60 61 62 63 64 65 66 67 68 69 13 14 15 16 17 18 0 1 2 3 4 5 6 7 8 9 10 11 12
33 34 35 36 37 19 20 21 22 23 24 25 26 27 28 29 30 31 32 52 53 54 55 56 38 39 40 41 42 43 44 45 46 47 48 49 50 51 71 72 73 74 75 57 58 59 60 61 62 63 64 65 66 67 68 69 70 14 15 16 17 18 0 1 2 3 4 5 6 7 8 9 10 11 12 13
34 35 36 37 19 20 21 22 23 24 25 26 27 28 29 30 31 32 33 53 54 55 56 38 39 40 41 42 43 44 45 46 47 48 49 50 51 52 72 73 74 75 57 58 59 60 61 62 63 64 65 66 67 68 69 70 71 15 16 17 18 0 1 2 3 4 5 6 7 8 9 10 11 12 13 14
35 36 37 19 20 21 22 23 24 25 26 27 28 29 30 31 32 33 34 54 55 56 38 39 40 41 42 43 44 45 46 47 48 49 50 51 52 53 73 74 75 57 58 59 60 61 62 63 64 65 66 67 68 69 70 71 72 16 17 18 0 1 2 3 4 5 6 7 8 9 10 11 12 13 14 15
36 37 19 20 21 22 23 24 25 26 27 28 29 30 31 32 33 34 35 55 56 38 39 40 41 42 43 44 45 46 47 48 49 50 51 52 53 54 74 75 57 58 59 60 61 62 63 64 65 66 67 68 69 70 71 72 73 17 18 0 1 2 3 4 5 6 7 8 9 10 11 12 13 14 15 16
37 19 20 21 22 23 24 25 26 27 28 29 30 31 32 33 34 35 36 56 38 39 40 41 42 43 44 45 46 47 48 49 50 51 52 53 54 55 75 57 58 59 60 61 62 63 64 65 66 67 68 69 70 71 72 73 74 18 0 1 2 3 4 5 6 7 8 9 10 11 12 13 14 15 16 17
38 39 40 41 42 43 44 45 46 47 48 49 50 51 52 53 54 55 56 57 58 59 60 61 62 63 64 65 66 67 68 69 70 71 72 73 74 75 0 1 2 3 4 5 6 7 8 9 10 11 12 13 14 15 16 17 18 19 20 21 22 23 24 25 26 27 28 29 30 31 32 33 34 35 36 37
39 40 41 42 43 44 45 46 47 48 49 50 51 52 53 54 55 56 38 58 59 60 61 62 63 64 65 66 67 68 69 70 71 72 73 74 75 57 1 2 3 4 5 6 7 8 9 10 11 12 13 14 15 16 17 18 0 20 21 22 23 24 25 26 27 28 29 30 31 32 33 34 35 36 37 19
40 41 42 43 44 45 46 47 48 49 50 51 52 53 54 55 56 38 39 59 60 61 62 63 64 65 66 67 68 69 70 71 72 73 74 75 57 58 2 3 4 5 6 7 8 9 10 11 12 13 14 15 16 17 18 0 1 21 22 23 24 25 26 27 28 29 30 31 32 33 34 35 36 37 19 20
41 42 43 44 45 46 47 48 49 50 51 52 53 54 55 56 38 39 40 60 61 62 63 64 65 66 67 68 69 70 71 72 73 74 75 57 58 59 3 4 5 6 7 8 9 10 11 12 13 14 15 16 17 18 0 1 2 22 23 24 25 26 27 28 29 30 31 32 33 34 35 36 37 19 20 21
42 43 44 45 46 47 48 49 50 51 52 53 54 55 56 38 39 40 41 61 62 63 64 65 66 67 68 69 70 71 72 73 74 75 57 58 59 60 4 5 6 7 8 9 10 11 12 13 14 15 16 17 18 0 1 2 3 23 24 25 26 27 28 29 30 31 32 33 34 35 36 37 19 20 21 22
43 44 45 46 47 48 49 50 51 52 53 54 55 56 38 39 40 41 42 62 63 64 65 66 67 68 69 70 71 72 73 74 75 57 58 59 60 61 5 6 7 8 9 10 11 12 13 14 15 16 17 18 0 1 2 3 4 24 25 26 27 28 29 30 31 32 33 34 35 36 37 19 20 21 22 23
44 45 46 47 48 49 50 51 52 53 54 55 56 38 39 40 41 42 43 63 64 65 66 67 68 69 70 71 72 73 74 75 57 58 59 60 61 62 6 7 8 9 10 11 12 13 14 15 16 17 18 0 1 2 3 4 5 25 26 27 28 29 30 31 32 33 34 35 36 37 19 20 21 22 23 24
45 46 47 48 49 50 51 52 53 54 55 56 38 39 40 41 42 43 44 64 65 66 67 68 69 70 71 72 73 74 75 57 58 59 60 61 62 63 7 8 9 10 11 12 13 14 15 16 17 18 0 1 2 3 4 5 6 26 27 28 29 30 31 32 33 34 35 36 37 19 20 21 22 23 24 25
46 47 48 49 50 51 52 53 54 55 56 38 39 40 41 42 43 44 45 65 66 67 68 69 70 71 72 73 74 75 57 58 59 60 61 62 63 64 8 9 10 11 12 13 14 15 16 17 18 0 1 2 3 4 5 6 7 27 28 29 30 31 32 33 34 35 36 37 19 20 21 22 23 24 25 26
47 48 49 50 51 52 53 54 55 56 38 39 40 41 42 43 44 45 46 66 67 68 69 70 71 72 73 74 75 57 58 59 60 61 62 63 64 65 9 10 11 12 13 14 15 16 17 18 0 1 2 3 4 5 6 7 8 28 29 30 31 32 33 34 35 36 37 19 20 21 22 23 24 25 26 27
48 49 50 51 52 53 54 55 56 38 39 40 41 42 43 44 45 46 47 67 68 69 70 71 72 73 74 75 57 58 59 60 61 62 63 64 65 66 10 11 12 13 14 15 16 17 18 0 1 2 3 4 5 6 7 8 9 29 30 31 32 33 34 35 36 37 19 20 21 22 23 24 25 26 27 28
49 50 51 52 53 54 55 56 38 39 40 41 42 43 44 45 46 47 48 68 69 70 71 72 73 74 75 57 58 59 60 61 62 63 64 65 66 67 11 12 13 14 15 16 17 18 0 1 2 3 4 5 6 7 8 9 10 30 31 32 33 34 35 36 37 19 20 21 22 23 24 25 26 27 28 29
50 51 52 53 54 55 56 38 39 40 41 42 43 44 45 46 47 48 49 69 70 71 72 73 74 75 57 58 59 60 61 62 63 64 65 66 67 68 12 13 14 15 16 17 18 0 1 2 3 4 5 6 7 8 9 10 11 31 32 33 34 35 36 37 19 20 21 22 23 24 25 26 27 28 29 30
51 52 53 54 55 56 38 39 40 41 42 43 44 45 46 47 48 49 50 70 71 72 73 74 75 57 58 59 60 61 62 63 64 65 66 67 68 69 13 14 15 16 17 18 0 1 2 3 4 5 6 7 8 9 10 11 12 32 33 34 35 36 37 19 20 21 22 23 24 25 26 27 28 29 30 31
52 53 54 55 56 38 39 40 41 42 43 44 45 46 47 48 49 50 51 71 72 73 74 75 57 58 59 60 61 62 63 64 65 66 67 68 69 70 14 15 16 17 18 0 1 2 3 4 5 6 7 8 9 10 11 12 13 33 34 35 36 37 19 20 21 22 23 24 25 26 27 28 29 30 31 32
53 54 55 56 38 39 40 41 42 43 44 45 46 47 48 49 50 51 52 72 73 74 75 57 58 59 60 61 62 63 64 65 66 67 68 69 70 71 15 16 17 18 0 1 2 3 4 5 6 7 8 9 10 11 12 13 14 34 35 36 37 19 20 21 22 23 24 25 26 27 28 29 30 31 32 33
54 55 56 38 39 40 41 42 43 44 45 46 47 48 49 50 51 52 53 73 74 75 57 58 59 60 61 62 63 64 65 66 67 68 69 70 71 72 16 17 18 0 1 2 3 4 5 6 7 8 9 10 11 12 13 14 15 35 36 37 19 20 21 22 23 24 25 26 27 28 29 30 31 32 33 34
55 56 38 39 40 41 42 43 44 45 46 47 48 49 50 51 52 53 54 74 75 57 58 59 60 61 62 63 64 65 66 67 68 69 70 71 72 73 17 18 0 1 2 3 4 5 6 7 8 9 10 11 12 13 14 15 16 36 37 19 20 21 22 23 24 25 26 27 28 29 30 31 32 33 34 35
56 38 39 40 41 42 43 44 45 46 47 48 49 50 51 52 53 54 55 75 57 58 59 60 61 62 63 64 65 66 67 68 69 70 71 72 73 74 18 0 1 2 3 4 5 6 7 8 9 10 11 12 13 14 15 16 17 37 19 20 21 22 23 24 25 26 27 28 29 30 31 32 33 34 35 36
57 58 59 60 61 62 63 64 65 66 67 68 69 70 71 72 73 74 75 0 1 2 3 4 5 6 7 8 9 10 11 12 13 14 15 16 17 18 19 20 21 22 23 24 25 26 27 28 29 30 31 32 33 34 35 36 37 38 39 40 41 42 43 44 45 46 47 48 49 50 51 52 53 54 55 56
58 59 60 61 62 63 64 65 66 67 68 69 70 71 72 73 74 75 57 1 2 3 4 5 6 7 8 9 10 11 12 13 14 15 16 17 18 0 20 21 22 23 24 25 26 27 28 29 30 31 32 33 34 35 36 37 19 39 40 41 42 43 44 45 46 47 48 49 50 51 52 53 54 55 56 38
59 60 61 62 63 64 65 66 67 68 69 70 71 72 73 74 75 57 58 2 3 4 5 6 7 8 9 10 11 12 13 14 15 16 17 18 0 1 21 22 23 24 25 26 27 28 29 30 31 32 33 34 35 36 37 19 20 40 41 42 43 44 45 46 47 48 49 50 51 52 53 54 55 56 38 39
60 61 62 63 64 65 66 67 68 69 70 71 72 73 74 75 57 58 59 3 4 5 6 7 8 9 10 11 12 13 14 15 16 17 18 0 1 2 22 23 24 25 26 27 28 29 30 31 32 33 34 35 36 37 19 20 21 41 42 43 44 45 46 47 48 49 50 51 52 53 54 55 56 38 39 40
61 62 63 64 65 66 67 68 69 70 71 72 73 74 75 57 58 59 60 4 5 6 7 8 9 10 11 12 13 14 15 16 17 18 0 1 2 3 23 24 25 26 27 28 29 30 31 32 33 34 35 36 37 19 20 21 22 42 43 44 45 46 47 48 49 50 51 52 53 54 55 56 38 39 40 41
62 63 64 65 66 67 68 69 70 71 72 73 74 75 57 58 59 60 61 5 6 7 8 9 10 11 12 13 14 15 16 17 18 0 1 2 3 4 24 25 26 27 28 29 30 31 32 33 34 35 36 37 19 20 21 22 23 43 44 45 46 47 48 49 50 51 52 53 54 55 56 38 39 40 41 42
63 64 65 66 67 68 69 70 71 72 73 74 75 57 58 59 60 61 62 6 7 8 9 10 11 12 13 14 15 16 17 18 0 1 2 3 4 5 25 26 27 28 29 30 31 32 33 34 35 36 37 19 20 21 22 23 24 44 45 46 47 48 49 50 51 52 53 54 55 56 38 39 40 41 42 43
64 65 66 67 68 69 70 71 72 73 74 75 57 58 59 60 61 62 63 7 8 9 10 11 12 13 14 15 16 17 18 0 1 2 3 4 5 6 26 27 28 29 30 31 32 33 34 35 36 37 19 20 21 22 23 24 25 45 46 47 48 49 50 51 52 53 54 55 56 38 39 40 41 42 43 44
65 66 67 68 69 70 71 72 73 74 75 57 58 59 60 61 62 63 64 8 9 10 11 12 13 14 15 16 17 18 0 1 2 3 4 5 6 7 27 28 29 30 31 32 33 34 35 36 37 19 20 21 22 23 24 25 26 46 47 48 49 50 51 52 53 54 55 56 38 39 40 41 42 43 44 45
66 67 68 69 70 71 72 73 74 75 57 58 59 60 61 62 63 64 65 9 10 11 12 13 14 15 16 17 18 0 1 2 3 4 5 6 7 8 28 29 30 31 32 33 34 35 36 37 19 20 21 22 23 24 25 26 27 47 48 49 50 51 52 53 54 55 56 38 39 40 41 42 43 44 45 46
67 68 69 70 71 72 73 74 75 57 58 59 60 61 62 63 64 65 66 10 11 12 13 14 15 16 17 18 0 1 2 3 4 5 6 7 8 9 29 30 31 32 33 34 35 36 37 19 20 21 22 23 24 25 26 27 28 48 49 50 51 52 53 54 55 56 38 39 40 41 42 43 44 45 46 47
68 69 70 71 72 73 74 75 57 58 59 60 61 62 63 64 65 66 67 11 12 13 14 15 16 17 18 0 1 2 3 4 5 6 7 8 9 10 30 31 32 33 34 35 36 37 19 20 21 22 23 24 25 26 27 28 29 49 50 51 52 53 54 55 56 38 39 40 41 42 43 44 45 46 47 48
69 70 71 72 73 74 75 57 58 59 60 61 62 63 64 65 66 67 68 12 13 14 15 16 17 18 0 1 2 3 4 5 6 7 8 9 10 11 31 32 33 34 35 36 37 19 20 21 22 23 24 25 26 27 28 29 30 50 51 52 53 54 55 56 38 39 40 41 42 43 44 45 46 47 48 49
70 71 72 73 74 75 57 58 59 60 61 62 63 64 65 66 67 68 69 13 14 15 16 17 18 0 1 2 3 4 5 6 7 8 9 10 11 12 32 33 34 35 36 37 19 20 21 22 23 24 25 26 27 28 29 30 31 51 52 53 54 55 56 38 39 40 41 42 43 44 45 46 47 48 49 50
71 72 73 74 75 57 58 59 60 61 62 63 64 65 66 67 68 69 70 14 15 16 17 18 0 1 2 3 4 5 6 7 8 9 10 11 12 13 33 34 35 36 37 19 20 21 22 23 24 25 26 27 28 29 30 31 32 52 53 54 55 56 38 39 40 41 42 43 44 45 46 47 48 49 50 51
72 73 74 75 57 58 59 60 61 62 63 64 65 66 67 68 69 70 71 15 16 17 18 0 1 2 3 4 5 6 7 8 9 10 11 12 13 14 34 35 36 37 19 20 21 22 23 24 25 26 27 28 29 30 31 32 33 53 54 55 56 38 39 40 41 42 43 44 45 46 47 48 49 50 51 52
73 74 75 57 58 59 60 61 62 63 64 65 66 67 68 69 70 71 72 16 17 18 0 1 2 3 4 5 6 7 8 9 10 11 12 13 14 15 35 36 37 19 20 21 22 23 24 25 26 27 28 29 30 31 32 33 34 54 55 56 38 39 40 41 42 43 44 45 46 47 48 49 50 51 52 53
74 75 57 58 59 60 61 62 63 64 65 66 67 68 69 70 71 72 73 17 18 0 1 2 3 4 5 6 7 8 9 10 11 12 13 14 15 16 36 37 19 20 21 22 23 24 25 26 27 28 29 30 31 32 33 34 35 55 56 38 39 40 41 42 43 44 45 46 47 48 49 50 51 52 53 54
75 57 58 59 60 61 62 63 64 65 66 67 68 69 70 71 72 73 74 18 0 1 2 3 4 5 6 7 8 9 10 11 12 13 14 15 16 17 37 19 20 21 22 23 24 25 26 27 28 29 30 31 32 33 34 35 36 56 38 39 40 41 42 43 44 45 46 47 48 49 50 51 52 53 54 55
Z2xZ2xZ19
0 1 2 3 4 5 6 7 8 9 10 11 12 13 14 15 16 17 18 19 20 21 22 23 24 25 26 27 28 29 30 31 32 33 34 35 36 37 38 39 40 41 42 43 44 45 46 47 48 49 50 51 52 53 54 55 56 57 58 59 60 61 62 63 64 65 66 67 68 69 70 71 72 73 74 75
1 2 3 4 5 6 7 8 9 10 11 12 13 14 15 16 17 18 0 20 21 22 23 24 25 26 27 28 29 30 31 32 33 34 35 36 37 19 39 40 41 42 43 44 45 46 47 48 49 50 51 52 53 54 55 56 38 58 59 60 61 62 63 64 65 66 67 68 69 70 71 72 73 74 75 57
2 3 4 5 6 7 8 9 10 11 12 13 14 15 16 17 18 0 1 21 22 23 24 25 26 27 28 29 30 31 32 33 34 35 36 37 19 20 40 41 42 43 44 45 46 47 48 49 50 51 52 53 54 55 56 38 39 59 60 61 62 63 64 65 66 67 68 69 70 71 72 73 74 75 57 58
3 4 5 6 7 8 9 10 11 12 13 14 15 16 17 18 0 1 2 22 23 24 25 26 27 28 29 30 31 32 33 34 35 36 37 19 20 21 41 42 43 44 45 46 47 48 49 50 51 52 53 54 55 56 38 39 40 60 61 62 63 64 65 66 67 68 69 70 71 72 73 74 75 57 58 59
4 5 6 7 8 9 10 11 12 13 14 15 16 17 18 0 1 2 3 23 24 25 26 27 28 29 30 31 32 33 34 35 36 37 19 20 21 22 42 43 44 45 46 47 48 49 50 51 52 53 54 55 56 38 39 40 41 61 62 63 64 65 66 67 68 69 70 71 72 73 74 75 57 58 59 60
5 6 7 8 9 10 11 12 13 14 15 16 17 18 0 1 2 3 4 24 25 26 27 28 29 30 31 32 33 34 35 36 37 19 20 21 22 23 43 44 45 46 47 48 49 50 51 52 53 54 55 56 38 39 40 41 42 62 63 64 65 66 67 68 69 70 71 72 73 74 75 57 58 59 60 61
6 7 8 9 10 11 12 13 14 15 16 17 18 0 1 2 3 4 5 25 26 27 28 29 30 31 32 33 34 35 36 37 19 20 21 22 23 24 44 45 46 47 48 49 50 51 52 53 54 55 56 38 39 40 41 42 43 63 64 65 66 67 68 69 70 71 72 73 74 75 57 58 59 60 61 62
7 8 9 10 11 12 13 14 15 16 17 18 0 1 2 3 4 5 6 26 27 28 29 30 31 32 33 34 35 36 37 19 20 21 22 23 24 25 45 46 47 48 49 50 51 52 53 54 55 56 38 39 40 41 42 43 44 64 65 66 67 68 69 70 71 72 73 74 75 57 58 59 60 61 62 63
8 9 10 11 12 13 14 15 16 17 18 0 1 2 3 4 5 6 7 27 28 29 30 31 32 33 34 35 36 37 19 20 21 22 23 24 25 26 46 47 48 49 50 51 52 53 54 55 56 38 39 40 41 42 43 44 45 65 66 67 68 69 70 71 72 73 74 75 57 58 59 60 61 62 63 64
9 10 11 12 13 14 15 16 17 18 0 1 2 3 4 5 6 7 8 28 29 30 31 32 33 34 35 36 37 19 20 21 22 23 24 25 26 27 47 48 49 50 51 52 53 54 55 56 38 39 40 41 42 43 44 45 46 66 67 68 69 70 71 72 73 74 75 57 58 59 60 61 62 63 64 65
10 11 12 13 14 15 16 17 18 0 1 2 3 4 5 6 7 8 9 29 30 31 32 33 34 35 36 37 19 20 21 22 23 24 25 26 27 28 48 49 50 51 52 53 54 55 56 38 39 40 41 42 43 44 45 46 47 67 68 69 70 71 72 73 74 75 57 58 59 60 61 62 63 64 65 66
11 12 13 14 15 16 17 18 0 1 2 3 4 5 6 7 8 9 10 30 31 32 33 34 35 36 37 19 20 21 22 23 24 25 26 27 28 29 49 50 51 52 53 54 55 56 38 39 40 41 42 43 44 45 46 47 48 68 69 70 71 72 73 74 75 57 58 59 60 61 62 63 64 65 66 67
12 13 14 15 16 17 18 0 1 2 3 4 5 6 7 8 9 10 11 31 32 33 34 35 36 37 19 20 21 22 23 24 25 26 27 28 29 30 50 51 52 53 54 55 56 38 39 40 41 42 43 44 45 46 47 48 49 69 70 71 72 73 74 75 57 58 59 60 61 62 63 64 65 66 67 68
13 14 15 16 17 18 0 1 2 3 4 5 6 7 8 9 10 11 12 32 33 34 35 36 37 19 20 21 22 23 24 25 26 27 28 29 30 31 51 52 53 54 55 56 38 39 40 41 42 43 44 45 46 47 48 49 50 70 71 72 73 74 75 57 58 59 60 61 62 63 64 65 66 67 68 69
14 15 16 17 18 0 1 2 3 4 5 6 7 8 9 10 11 12 13 33 34 35 36 37 19 20 21 22 23 24 25 26 27 28 29 30 31 32 52 53 54 55 56 38 39 40 41 42 43 44 45 46 47 48 49 50 51 71 72 73 74 75 57 58 59 60 61 62 63 64 65 66 67 68 69 70
15 16 17 18 0 1 2 3 4 5 6 7 8 9 10 11 12 13 14 34 35 36 37 19 20 21 22 23 24 25 26 27 28 29 30 31 32 33 53 54 55 56 38 39 40 41 42 43 44 45 46 47 48 49 50 51 52 72 73 74 75 57 58 59 60 61 62 63 64 65 66 67 68 69 70 71
16 17 18 0 1 2 3 4 5 6 7 8 9 10 11 12 13 14 15 35 36 37 19 20 21 22 23 24 25 26 27 28 29 30 31 32 33 34 54 55 56 38 39 40 41 42 43 44 45 46 47 48 49 50 51 52 53 73 74 75 57 58 59 60 61 62 63 64 65 66 67 68 69 70 71 72
17 18 0 1 2 3 4 5 6 7 8 9 10 11 12 13 14 15 16 36 37 19 20 21 22 23 24 25 26 27 28 29 30 31 32 33 34 35 55 56 38 39 40 41 42 43 44 45 46 47 48 49 50 51 52 53 54 74 75 57 58 59 60 61 62 63 64 65 66 67 68 69 70 71 72 73
18 0 1 2 3 4 5 6 7 8 9 10 11 12 13 14 15 16 17 37 19 20 21 22 23 24 25 26 27 28 29 30 31 32 33 34 35 36 56 38 39 40 41 42 43 44 45 46 47 48 49 50 51 52 53 54 55 75 57 58 59 60 61 62 63 64 65 66 67 68 69 70 71 72 73 74
19 20 21 22 23 24 25 26 27 28 29 30 31 32 33 34 35 36 37 0 1 2 3 4 5 6 7 8 9 10 11 12 13 14 15 16 17 18 57 58 59 60 61 62 63 64 65 66 67 68 69 70 71 72 73 74 75 38 39 40 41 42 43 44 45 46 47 48 49 50 51 52 53 54 55 56
20 21 22 23 24 25 26 27 28 29 30 31 32 33 34 35 36 37 19 1 2 3 4 5 6 7 8 9 10 11 12 13 14 15 16 17 18 0 58 59 60 61 62 63 64 65 66 67 68 69 70 71 72 73 74 75 57 39 40 41 42 43 44 45 46 47 48 49 50 51 52 53 54 55 56 38
21 22 23 24 25 26 27 28 29 30 31 32 33 34 35 36 37 19 20 2 3 4 5 6 7 8 9 10 11 12 13 14 15 16 17 18 0 1 59 60 61 62 63 64 65 66 67 68 69 70 71 72 73 74 75 57 58 40 41 42 43 44 45 46 47 48 49 50 51 52 53 54 55 56 38 39
22 23 24 25 26 27 28 29 30 31 32 33 34 35 36 37 19 20 21 3 4 5 6 7 8 9 10 11 12 13 14 15 16 17 18 0 1 2 60 61 62 63 64 65 66 67 68 69 70 71 72 73 74 75 57 58 59 41 42 43 44 45 46 47 48 49 50 51 52 53 54 55 56 38 39 40
23 24 25 26 27 28 29 30 31 32 33 34 35 36 37 19 20 21 22 4 5 6 7 8 9 10 11 12 13 14 15 16 17 18 0 1 2 3 61 62 63 64 65 66 67 68 69 70 71 72 73 74 75 57 58 59 60 42 43 44 45 46 47 48 49 50 51 52 53 54 55 56 38 39 40 41
24 25 26 27 28 29 30 31 32 33 34 35 36 37 19 20 21 22 23 5 6 7 8 9 10 11 12 13 14 15 16 17 18 0 1 2 3 4 62 63 64 65 66 67 68 69 70 71 72 73 74 75 57 58 59 60 61 43 44 45 46 47 48 49 50 51 52 53 54 55 56 38 39 40 41 42
25 26 27 28 29 30 31 32 33 34 35 36 37 19 20 21 22 23 24 6 7 8 9 10 11 12 13 14 15 16 17 18 0 1 2 3 4 5 63 64 65 66 67 68 69 70 71 72 73 74 75 57 58 59 60 61 62 44 45 46 47 48 49 50 51 52 53 54 55 56 38 39 40 41 42 43
26 27 28 29 30 31 32 33 34 35 36 37 19 20 21 22 23 24 25 7 8 9 10 11 12 13 14 15 16 17 18 0 1 2 3 4 5 6 64 65 66 67 68 69 70 71 72 73 74 75 57 58 59 60 61 62 63 45 46 47 48 49 50 51 52 53 54 55 56 38 39 40 41 42 43 44
27 28 29 30 31 32 33 34 35 36 37 19 20 21 22 23 24 25 26 8 9 10 11 12 13 14 15 16 17 18 0 1 2 3 4 5 6 7 65 66 67 68 69 70 71 72 73 74 75 57 58 59 60 61 62 63 64 46 47 48 49 50 51 52 53 54 55 56 38 39 40 41 42 43 44 45
28 29 30 31 32 33 34 35 36 37 19 20 21 22 23 24 25 26 27 9 10 11 12 13 14 15 16 17 18 0 1 2 3 4 5 6 7 8 66 67 68 69 70 71 72 73 74 75 57 58 59 60 61 62 63 64 65 47 48 49 50 51 52 53 54 55 56 38 39 40 41 42 43 44 45 46
29 30 31 32 33 34 35 36 37 19 20 21 22 23 24 25 26 27 28 10 11 12 13 14 15 16 17 18 0 1 2 3 4 5 6 7 8 9 67 68 69 70 71 72 73 74 75 57 58 59 60 61 62 63 64 65 66 48 49 50 51 52 53 54 55 56 38 39 40 41 42 43 44 45 46 47
30 31 32 33 34 35 36 37 19 20 21 22 23 24 25 26 27 28 29 11 12 13 14 15 16 17 18 0 1 2 3 4 5 6 7 8 9 10 68 69 70 71 72 73 74 75 57 58 59 60 61 62 63 64 65 66 67 49 50 51 52 53 54 55 56 38 39 40 41 42 43 44 45 46 47 48
31 32 33 34 35 36 37 19 20 21 22 23 24 25 26 27 28 29 30 12 13 14 15 16 17 18 0 1 2 3 4 5 6 7 8 9 10 11 69 70 71 72 73 74 75 57 58 59 60 61 62 63 64 65 66 67 68 50 51 52 53 54 55 56 38 39 40 41 42 43 44 45 46 47 48 49
32 33 34 35 36 37 19 20 21 22 23 24 25 26 27 28 29 30 31 13 14 15 16 17 18 0 1 2 3 4 5 6 7 8 9 10 11 12 70 71 72 73 74 75 57 58 59 60 61 62 63 64 65 66 67 68 69 51 52 53 54 55 56 38 39 40 41 42 43 44 45 46 47 48 49 50
33 34 35 36 37 19 20 21 22 23 24 25 26 27 28 29 30 31 32 14 15 16 17 18 0 1 2 3 4 5 6 7 8 9 10 11 12 13 71 72 73 74 75 57 58 59 60 61 62 63 64 65 66 67 68 69 70 52 53 54 55 56 38 39 40 41 42 43 44 45 46 47 48 49 50 51
34 35 36 37 19 20 21 22 23 24 25 26 27 28 29 30 31 32 33 15 16 17 18 0 1 2 3 4 5 6 7 8 9 10 11 12 13 14 72 73 74 75 57 58 59 60 61 62 63 64 65 66 67 68 69 70 71 53 54 55 56 38 39 40 41 42 43 44 45 46 47 48 49 50 51 52
35 36 37 19 20 21 22 23 24 25 26 27 28 29 30 31 32 33 34 16 17 18 0 1 2 3 4 5 6 7 8 9 10 11 12 13 14 15 73 74 75 57 58 59 60 61 62 63 64 65 66 67 68 69 70 71 72 54 55 56 38 39 40 41 42 43 44 45 46 47 48 49 50 51 52 53
36 37 19 20 21 22 23 24 25 26 27 28 29 30 31 32 33 34 35 17 18 0 1 2 3 4 5 6 7 8 9 10 11 12 13 14 15 16 74 75 57 58 59 60 61 62 63 64 65 66 67 68 69 70 71 72 73 55 56 38 39 40 41 42 43 44 45 46 47 48 49 50 51 52 53 54
37 19 20 21 22 23 24 25 26 27 28 29 30 31 32 33 34 35 36 18 0 1 2 3 4 5 6 7 8 9 10 11 12 13 14 15 16 17 75 57 58 59 60 61 62 63 64 65 66 67 68 69 70 71 72 73 74 56 38 39 40 41 42 43 44 45 46 47 48 49 50 51 52 53 54 55
38 39 40 41 42 43 44 45 46 47 48 49 50 51 52 53 54 55 56 57 58 59 60 61 62 63 64 65 66 67 68 69 70 71 72 73 74 75 0 1 2 3 4 5 6 7 8 9 10 11 12 13 14 15 16 17 18 19 20 21 22 23 24 25 26 27 28 29 30 31 32 33 34 35 36 37
39 40 41 42 43 44 45 46 47 48 49 50 51 52 53 54 55 56 38 58 59 60 61 62 63 64 65 66 67 68 69 70 71 72 73 74 75 57 1 2 3 4 5 6 7 8 9 10 11 12 13 14 15 16 17 18 0 20 21 22 23 24 25 26 27 28 29 30 31 32 33 34 35 36 37 19
40 41 42 43 44 45 46 47 48 49 50 51 52 53 54 55 56 38 39 59 60 61 62 63 64 65 66 67 68 69 70 71 72 73 74 75 57 58 2 3 4 5 6 7 8 9 10 11 12 13 14 15 16 17 18 0 1 21 22 23 24 25 26 27 28 29 30 31 32 33 34 35 36 37 19 20
41 42 43 44 45 46 47 48 49 50 51 52 53 54 55 56 38 39 40 60 61 62 63 64 65 66 67 68 69 70 71 72 73 74 75 57 58 59 3 4 5 6 7 8 9 10 11 12 13 14 15 16 17 18 0 1 2 22 23 24 25 26 27 28 29 30 31 32 33 34 35 36 37 19 20 21
42 43 44 45 46 47 48 49 50 51 52 53 54 55 56 38 39 40 41 61 62 63 64 65 66 67 68 69 70 71 72 73 74 75 57 58 59 60 4 5 6 7 8 9 10 11 12 13 14 15 16 17 18 0 1 2 3 23 24 25 26 27 28 29 30 31 32 33 34 35 36 37 19 20 21 22
43 44 45 46 47 48 49 50 51 52 53 54 55 56 38 39 40 41 42 62 63 64 65 66 67 68 69 70 71 72 73 74 75 57 58 59 60 61 5 6 7 8 9 10 11 12 13 14 15 16 17 18 0 1 2 3 4 24 25 26 27 28 29 30 31 32 33 34 35 36 37 19 20 21 22 23
44 45 46 47 48 49 50 51 52 53 54 55 56 38 39 40 41 42 43 63 64 65 66 67 68 69 70 71 72 73 74 75 57 58 59 60 61 62 6 7 8 9 10 11 12 13 14 15 16 17 18 0 1 2 3 4 5 25 26 27 28 29 30 31 32 33 34 35 36 37 19 20 21 22 23 24
45 46 47 48 49 50 51 52 53 54 55 56 38 39 40 41 42 43 44 64 65 66 67 68 69 70 71 72 73 74 75 57 58 59 60 61 62 63 7 8 9 10 11 12 13 14 15 16 17 18 0 1 2 3 4 5 6 26 27 28 29 30 31 32 33 34 35 36 37 19 20 21 22 23 24 25
46 47 48 49 50 51 52 53 54 55 56 38 39 40 41 42 43 44 45 65 66 67 68 69 70 71 72 73 74 75 57 58 59 60 61 62 63 64 8 9 10 11 12 13 14 15 16 17 18 0 1 2 3 4 5 6 7 27 28 29 30 31 32 33 34 35 36 37 19 20 21 22 23 24 25 26
47 48 49 50 51 52 53 54 55 56 38 39 40 41 42 43 44 45 46 66 67 68 69 70 71 72 73 74 75 57 58 59 60 61 62 63 64 65 9 10 11 12 13 14 15 16 17 18 0 1 2 3 4 5 6 7 8 28 29 30 31 32 33 34 35 36 37 19 20 21 22 23 24 25 26 27
48 49 50 51 52 53 54 55 56 38 39 40 41 42 43 44 45 46 47 67 68 69 70 71 72 73 74 75 57 58 59 60 61 62 63 64 65 66 10 11 12 13 14 15 16 17 18 0 1 2 3 4 5 6 7 8 9 29 30 31 32 33 34 35 36 37 19 20 21 22 23 24 25 26 27 28
49 50 51 52 53 54 55 56 38 39 40 41 42 43 44 45 46 47 48 68 69 70 71 72 73 74 75 57 58 59 60 61 62 63 64 65 66 67 11 12 13 14 15 16 17 18 0 1 2 3 4 5 6 7 8 9 10 30 31 32 33 34 35 36 37 19 20 21 22 23 24 25 26 27 28 29
50 51 52 53 54 55 56 38 39 40 41 42 43 44 45 46 47 48 49 69 70 71 72 73 74 75 57 58 59 60 61 62 63 64 65 66 67 68 12 13 14 15 16 17 18 0 1 2 3 4 5 6 7 8 9 10 11 31 32 33 34 35 36 37 19 20 21 22 23 24 25 26 27 28 29 30
51 52 53 54 55 56 38 39 40 41 42 43 44 45 46 47 48 49 50 70 71 72 73 74 75 57 58 59 60 61 62 63 64 65 66 67 68 69 13 14 15 16 17 18 0 1 2 3 4 5 6 7 8 9 10 11 12 32 33 34 35 36 37 19 20 21 22 23 24 25 26 27 28 29 30 31
52 53 54 55 56 38 39 40 41 42 43 44 45 46 47 48 49 50 51 71 72 73 74 75 57 58 59 60 61 62 63 64 65 66 67 68 69 70 14 15 16 17 18 0 1 2 3 4 5 6 7 8 9 10 11 12 13 33 34 35 36 37 19 20 21 22 23 24 25 26 27 28 29 30 31 32
53 54 55 56 38 39 40 41 42 43 44 45 46 47 48 49 50 51 52 72 73 74 75 57 58 59 60 61 62 63 64 65 66 67 68 69 70 71 15 16 17 18 0 1 2 3 4 5 6 7 8 9 10 11 12 13 14 34 35 36 37 19 20 21 22 23 24 25 26 27 28 29 30 31 32 33
54 55 56 38 39 40 41 42 43 44 45 46 47 48 49 50 51 52 53 73 74 75 57 58 59 60 61 62 63 64 65 66 67 68 69 70 71 72 16 17 18 0 1 2 3 4 5 6 7 8 9 10 11 12 13 14 15 35 36 37 19 20 21 22 23 24 25 26 27 28 29 30 31 32 33 34
55 56 38 39 40 41 42 43 44 45 46 47 48 49 50 51 52 53 54 74 75 57 58 59 60 61 62 63 64 65 66 67 68 69 70 71 72 73 17 18 0 1 2 3 4 5 6 7 8 9 10 11 12 13 14 15 16 36 37 19 20 21 22 23 24 25 26 27 28 29 30 31 32 33 34 35
56 38 39 40 41 42 43 44 45 46 47 48 49 50 51 52 53 54 55 75 57 58 59 60 61 62 63 64 65 66 67 68 69 70 71 72 73 74 18 0 1 2 3 4 5 6 7 8 9 10 11 12 13 14 15 16 17 37 19 20 21 22 23 24 25 26 27 28 29 30 31 32 33 34 35 36
57 58 59 60 61 62 63 64 65 66 67 68 69 70 71 72 73 74 75 38 39 40 41 42 43 44 45 46 47 48 49 50 51 52 53 54 55 56 19 20 21 22 23 24 25 26 27 28 29 30 31 32 33 34 35 36 37 0 1 2 3 4 5 6 7 8 9 10 11 12 13 14 15 16 17 18
58 59 60 61 62 63 64 65 66 67 68 69 70 71 72 73 74 75 57 39 40 41 42 43 44 45 46 47 48 49 50 51 52 53 54 55 56 38 20 21 22 23 24 25 26 27 28 29 30 31 32 33 34 35 36 37 19 1 2 3 4 5 6 7 8 9 10 11 12 13 14 15 16 17 18 0
59 60 61 62 63 64 65 66 67 68 69 70 71 72 73 74 75 57 58 40 41 42 43 44 45 46 47 48 49 50 51 52 53 54 55 56 38 39 21 22 23 24 25 26 27 28 29 30 31 32 33 34 35 36 37 19 20 2 3 4 5 6 7 8 9 10 11 12 13 14 15 16 17 18 0 1
60 61 62 63 64 65 66 67 68 69 70 71 72 73 74 75 57 58 59 41 42 43 44 45 46 47 48 49 50 51 52 53 54 55 56 38 39 40 22 23 24 25 26 27 28 29 30 31 32 33 34 35 36 37 19 20 21 3 4 5 6 7 8 9 10 11 12 13 14 15 16 17 18 0 1 2
61 62 63 64 65 66 67 68 69 70 71 72 73 74 75 57 58 59 60 42 43 44 45 46 47 48 49 50 51 52 53 54 55 56 38 39 40 41 23 24 25 26 27 28 29 30 31 32 33 34 35 36 37 19 20 21 22 4 5 6 7 8 9 10 11 12 13 14 15 16 17 18 0 1 2 3
62 63 64 65 66 67 68 69 70 71 72 73 74 75 57 58 59 60 61 43 44 45 46 47 48 49 50 51 52 53 54 55 56 38 39 40 41 42 24 25 26 27 28 29 30 31 32 33 34 35 36 37 19 20 21 22 23 5 6 7 8 9 10 11 12 13 14 15 16 17 18 0 1 2 3 4
63 64 65 66 67 68 69 70 71 72 73 74 75 57 58 59 60 61 62 44 45 46 47 48 49 50 51 52 53 54 55 56 38 39 40 41 42 43 25 26 27 28 29 30 31 32 33 34 35 36 37 19 20 21 22 23 24 6 7 8 9 10 11 12 13 14 15 16 17 18 0 1 2 3 4 5
64 65 66 67 68 69 70 71 72 73 74 75 57 58 59 60 61 62 63 45 46 47 48 49 50 51 52 53 54 55 56 38 39 40 41 42 43 44 26 27 28 29 30 31 32 33 34 35 36 37 19 20 21 22 23 24 25 7 8 9 10 11 12 13 14 15 16 17 18 0 1 2 3 4 5 6
65 66 67 68 69 70 71 72 73 74 75 57 58 59 60 61 62 63 64 46 47 48 49 50 51 52 53 54 55 56 38 39 40 41 42 43 44 45 27 28 29 30 31 32 33 34 35 36 37 19 20 21 22 23 24 25 26 8 9 10 11 12 13 14 15 16 17 18 0 1 2 3 4 5 6 7
66 67 68 69 70 71 72 73 74 75 57 58 59 60 61 62 63 64 65 47 48 49 50 51 52 53 54 55 56 38 39 40 41 42 43 44 45 46 28 29 30 31 32 33 34 35 36 37 19 20 21 22 23 24 25 26 27 9 10 11 12 13 14 15 16 17 18 0 1 2 3 4 5 6 7 8
67 68 69 70 71 72 73 74 75 57 58 59 60 61 62 63 64 65 66 48 49 50 51 52 53 54 55 56 38 39 40 41 42 43 44 45 46 47 29 30 31 32 33 34 35 36 37 19 20 21 22 23 24 25 26 27 28 10 11 12 13 14 15 16 17 18 0 1 2 3 4 5 6 7 8 9
68 69 70 71 72 73 74 75 57 58 59 60 61 62 63 64 65 66 67 49 50 51 52 53 54 55 56 38 39 40 41 42 43 44 45 46 47 48 30 31 32 33 34 35 36 37 19 20 21 22 23 24 25 26 27 28 29 11 12 13 14 15 16 17 18 0 1 2 3 4 5 6 7 8 9 10
69 70 71 72 73 74 75 57 58 59 60 61 62 63 64 65 66 67 68 50 51 52 53 54 55 56 38 39 40 41 42 43 44 45 46 47 48 49 31 32 33 34 35 36 37 19 20 21 22 23 24 25 26 27 28 29 30 12 13 14 15 16 17 18 0 1 2 3 4 5 6 7 8 9 10 11
70 71 72 73 74 75 57 58 59 60 61 62 63 64 65 66 67 68 69 51 52 53 54 55 56 38 39 40 41 42 43 44 45 46 47 48 49 50 32 33 34 35 36 37 19 20 21 22 23 24 25 26 27 28 29 30 31 13 14 15 16 17 18 0 1 2 3 4 5 6 7 8 9 10 11 12
71 72 73 74 75 57 58 59 60 61 62 63 64 65 66 67 68 69 70 52 53 54 55 56 38 39 40 41 42 43 44 45 46 47 48 49 50 51 33 34 35 36 37 19 20 21 22 23 24 25 26 27 28 29 30 31 32 14 15 16 17 18 0 1 2 3 4 5 6 7 8 9 10 11 12 13
72 73 74 75 57 58 59 60 61 62 63 64 65 66 67 68 69 70 71 53 54 55 56 38 39 40 41 42 43 44 45 46 47 48 49 50 51 52 34 35 36 37 19 20 21 22 23 24 25 26 27 28 29 30 31 32 33 15 16 17 18 0 1 2 3 4 5 6 7 8 9 10 11 12 13 14
73 74 75 57 58 59 60 61 62 63 64 65 66 67 68 69 70 71 72 54 55 56 38 39 40 41 42 43 44 45 46 47 48 49 50 51 52 53 35 36 37 19 20 21 22 23 24 25 26 27 28 29 30 31 32 33 34 16 17 18 0 1 2 3 4 5 6 7 8 9 10 11 12 13 14 15
74 75 57 58 59 60 61 62 63 64 65 66 67 68 69 70 71 72 73 55 56 38 39 40 41 42 43 44 45 46 47 48 49 50 51 52 53 54 36 37 19 20 21 22 23 24 25 26 27 28 29 30 31 32 33 34 35 17 18 0 1 2 3 4 5 6 7 8 9 10 11 12 13 14 15 16
75 57 58 59 60 61 62 63 64 65 66 67 68 69 70 71 72 73 74 56 38 39 40 41 42 43 44 45 46 47 48 49 50 51 52 53 54 55 37 19 20 21 22 23 24 25 26 27 28 29 30 31 32 33 34 35 36 18 0 1 2 3 4 5 6 7 8 9 10 11 12 13 14 15 16 17
D76
0 1 2 3 4 5 6 7 8 9 10 11 12 13 14 15 16 17 18 19 20 21 22 23 24 25 26 27 28 29 30 31 32 33 34 35 36 37 38 39 40 41 42 43 44 45 46 47 48 49 50 51 52 53 54 55 56 57 58 59 60 61 62 63 64 65 66 67 68 69 70 71 72 73 74 75
1 0 75 74 73 72 71 70 69 68 67 66 65 64 63 62 61 60 59 58 57 56 55 54 53 52 51 50 49 48 47 46 45 44 43 42 41 40 39 38 37 36 35 34 33 32 31 30 29 28 27 26 25 24 23 22 21 20 19 18 17 16 15 14 13 12 11 10 9 8 7 6 5 4 3 2
2 3 4 5 6 7 8 9 10 11 12 13 14 15 16 17 18 19 20 21 22 23 24 25 26 27 28 29 30 31 32 33 34 35 36 37 38 39 40 41 42 43 44 45 46 47 48 49 50 51 52 53 54 55 56 57 58 59 60 61 62 63 64 65 66 67 68 69 70 71 72 73 74 75 0 1
3 2 1 0 75 74 73 72 71 70 69 68 67 66 65 64 63 62 61 60 59 58 57 56 55 54 53 52 51 50 49 48 47 46 45 44 43 42 41 40 39 38 37 36 35 34 33 32 31 30 29 28 27 26 25 24 23 22 21 20 19 18 17 16 15 14 13 12 11 10 9 8 7 6 5 4
4 5 6 7 8 9 10 11 12 13 14 15 16 17 18 19 20 21 22 23 24 25 26 27 28 29 30 31 32 33 34 35 36 37 38 39 40 41 42 43 44 45 46 47 48 49 50 51 52 53 54 55 56 57 58 59 60 61 62 63 64 65 66 67 68 69 70 71 72 73 74 75 0 1 2 3
5 4 3 2 1 0 75 74 73 72 71 70 69 68 67 66 65 64 63 62 61 60 59 58 57 56 55 54 53 52 51 50 49 48 47 46 45 44 43 42 41 40 39 38 37 36 35 34 33 32 31 30 29 28 27 26 25 24 23 22 21 20 19 18 17 16 15 14 13 12 11 10 9 8 7 6
6 7 8 9 10 11 12 13 14 15 16 17 18 19 20 21 22 23 24 25 26 27 28 29 30 31 32 33 34 35 36 37 38 39 40 41 42 43 44 45 46 47 48 49 50 51 52 53 54 55 56 57 58 59 60 61 62 63 64 65 66 67 68 69 70 71 72 73 74 75 0 1 2 3 4 5
7 6 5 4 3 2 1 0 75 74 73 72 71 70 69 68 67 66 65 64 63 62 61 60 59 58 57 56 55 54 53 52 51 50 49 48 47 46 45 44 43 42 41 40 39 38 37 36 35 34 33 32 31 30 29 28 27 26 25 24 23 22 21 20 19 18 17 16 15 14 13 12 11 10 9 8
8 9 10 11 12 13 14 15 16 17 18 19 20 21 22 23 24 25 26 27 28 29 30 31 32 33 34 35 36 37 38 39 40 41 42 43 44 45 46 47 48 49 50 51 52 53 54 55 56 57 58 59 60 61 62 63 64 65 66 67 68 69 70 71 72 73 74 75 0 1 2 3 4 5 6 7
9 8 7 6 5 4 3 2 1 0 75 74 73 72 71 70 69 68 67 66 65 64 63 62 61 60 59 58 57 56 55 54 53 52 51 50 49 48 47 46 45 44 43 42 41 40 39 38 37 36 35 34 33 32 31 30 29 28 27 26 25 24 23 22 21 20 19 18 17 16 15 14 13 12 11 10
10 11 12 13 14 15 16 17 18 19 20 21 22 23 24 25 26 27 28 29 30 31 32 33 34 35 36 37 38 39 40 41 42 43 44 45 46 47 48 49 50 51 52 53 54 55 56 57 58 59 60 61 62 63 64 65 66 67 68 69 70 71 72 73 74 75 0 1 2 3 4 5 6 7 8 9
11 10 9 8 7 6 5 4 3 2 1 0 75 74 73 72 71 70 69 68 67 66 65 64 63 62 61 60 59 58 57 56 55 54 53 52 51 50 49 48 47 46 45 44 43 42 41 40 39 38 37 36 35 34 33 32 31 30 29 28 27 26 25 24 23 22 21 20 19 18 17 16 15 14 13 12
12 13 14 15 16 17 18 19 20 21 22 23 24 25 26 27 28 29 30 31 32 33 34 35 36 37 38 39 40 41 42 43 44 45 46 47 48 49 50 51 52 53 54 55 56 57 58 59 60 61 62 63 64 65 66 67 68 69 70 71 72 73 74 75 0 1 2 3 4 5 6 7 8 9 10 11
13 12 11 10 9 8 7 6 5 4 3 2 1 0 75 74 73 72 71 70 69 68 67 66 65 64 63 62 61 60 59 58 57 56 55 54 53 52 51 50 49 48 47 46 45 44 43 42 41 40 39 38 37 36 35 34 33 32 31 30 29 28 27 26 25 24 23 22 21 20 19 18 17 16 15 14
14 15 16 17 18 19 20 21 22 23 24 25 26 27 28 29 30 31 32 33 34 35 36 37 38 39 40 41 42 43 44 45 46 47 48 49 50 51 52 53 54 55 56 57 58 59 60 61 62 63 64 65 66 67 68 69 70 71 72 73 74 75 0 1 2 3 4 5 6 7 8 9 10 11 12 13
15 14 13 12 11 10 9 8 7 6 5 4 3 2 1 0 75 74 73 72 71 70 69 68 67 66 65 64 63 62 61 60 59 58 57 56 55 54 53 52 51 50 49 48 47 46 45 44 43 42 41 40 39 38 37 36 35 34 33 32 31 30 29 28 27 26 25 24 23 22 21 20 19 18 17 16
16 17 18 19 20 21 22 23 24 25 26 27 28 29 30 31 32 33 34 35 36 37 38 39 40 41 42 43 44 45 46 47 48 49 50 51 52 53 54 55 56 57 58 59 60 61 62 63 64 65 66 67 68 69 70 71 72 73 74 75 0 1 2 3 4 5 6 7 8 9 10 11 12 13 14 15
17 16 15 14 13 12 11 10 9 8 7 6 5 4 3 2 1 0 75 74 73 72 71 70 69 68 67 66 65 64 63 62 61 60 59 58 57 56 55 54 53 52 51 50 49 48 47 46 45 44 43 42 41 40 39 38 37 36 35 34 33 32 31 30 29 28 27 26 25 24 23 22 21 20 19 18
18 19 20 21 22 23 24 25 26 27 28 29 30 31 32 33 34 35 36 37 38 39 40 41 42 43 44 45 46 47 48 49 50 51 52 53 54 55 56 57 58 59 60 61 62 63 64 65 66 67 68 69 70 71 72 73 74 75 0 1 2 3 4 5 6 7 8 9 10 11 12 13 14 15 16 17
19 18 17 16 15 14 13 12 11 10 9 8 7 6 5 4 3 2 1 0 75 74 73 72 71 70 69 68 67 66 65 64 63 62 61 60 59 58 57 56 55 54 53 52 51 50 49 48 47 46 45 44 43 42 41 40 39 38 37 36 35 34 33 32 31 30 29 28 27 26 25 24 23 22 21 20
20 21 22 23 24 25 26 27 28 29 30 31 32 33 34 35 36 37 38 39 40 41 42 43 44 45 46 47 48 49 50 51 52 53 54 55 56 57 58 59 60 61 62 63 64 65 66 67 68 69 70 71 72 73 74 75 0 1 2 3 4 5 6 7 8 9 10 11 12 13 14 15 16 17 18 19
21 20 19 18 17 16 15 14 13 12 11 10 9 8 7 6 5 4 3 2 1 0 75 74 73 72 71 70 69 68 67 66 65 64 63 62 61 60 59 58 57 56 55 54 53 52 51 50 49 48 47 46 45 44 43 42 41 40 39 38 37 36 35 34 33 32 31 30 29 28 27 26 25 24 23 22
22 23 24 25 26 27 28 29 30 31 32 33 34 35 36 37 38 39 40 41 42 43 44 45 46 47 48 49 50 51 52 53 54 55 56 57 58 59 60 61 62 63 64 65 66 67 68 69 70 71 72 73 74 75 0 1 2 3 4 5 6 7 8 9 10 11 12 13 14 15 16 17 18 19 20 21
23 22 21 20 19 18 17 16 15 14 13 12 11 10 9 8 7 6 5 4 3 2 1 0 75 74 73 72 71 70 69 68 67 66 65 64 63 62 61 60 59 58 57 56 55 54 53 52 51 50 49 48 47 46 45 44 43 42 41 40 39 38 37 36 35 34 33 32 31 30 29 28 27 26 25 24
24 25 26 27 28 29 30 31 32 33 34 35 36 37 38 39 40 41 42 43 44 45 46 47 48 49 50 51 52 53 54 55 56 57 58 59 60 61 62 63 64 65 66 67 68 69 70 71 72 73 74 75 0 1 2 3 4 5 6 7 8 9 10 11 12 13 14 15 16 17 18 19 20 21 22 23
25 24 23 22 21 20 19 18 17 16 15 14 13 12 11 10 9 8 7 6 5 4 3 2 1 0 75 74 73 72 71 70 69 68 67 66 65 64 63 62 61 60 59 58 57 56 55 54 53 52 51 50 49 48 47 46 45 44 43 42 41 40 39 38 37 36 35 34 33 32 31 30 29 28 27 26
26 27 28 29 30 31 32 33 34 35 36 37 38 39 40 41 42 43 44 45 46 47 48 49 50 51 52 53 54 55 56 57 58 59 60 61 62 63 64 65 66 67 68 69 70 71 72 73 74 75 0 1 2 3 4 5 6 7 8 9 10 11 12 13 14 15 16 17 18 19 20 21 22 23 24 25
27 26 25 24 23 22 21 20 19 18 17 16 15 14 13 12 11 10 9 8 7 6 5 4 3 2 1 0 75 74 73 72 71 70 69 68 67 66 65 64 63 62 61 60 59 58 57 56 55 54 53 52 51 50 49 48 47 46 45 44 43 42 41 40 39 38 37 36 35 34 33 32 31 30 29 28
28 29 30 31 32 33 34 35 36 37 38 39 40 41 42 43 44 45 46 47 48 49 50 51 52 53 54 55 56 57 58 59 60 61 62 63 64 65 66 67 68 69 70 71 72 73 74 75 0 1 2 3 4 5 6 7 8 9 10 11 12 13 14 15 16 17 18 19 20 21 22 23 24 25 26 27
29 28 27 26 25 24 23 22 21 20 19 18 17 16 15 14 13 12 11 10 9 8 7 6 5 4 3 2 1 0 75 74 73 72 71 70 69 68 67 66 65 64 63 62 61 60 59 58 57 56 55 54 53 52 51 50 49 48 47 46 45 44 43 42 41 40 39 38 37 36 35 34 33 32 31 30
30 31 32 33 34 35 36 37 38 39 40 41 42 43 44 45 46 47 48 49 50 51 52 53 54 55 56 57 58 59 60 61 62 63 64 65 66 67 68 69 70 71 72 73 74 75 0 1 2 3 4 5 6 7 8 9 10 11 12 13 14 15 16 17 18 19 20 21 22 23 24 25 26 27 28 29
31 30 29 28 27 26 25 24 23 22 21 20 19 18 17 16 15 14 13 12 11 10 9 8 7 6 5 4 3 2 1 0 75 74 73 72 71 70 69 68 67 66 65 64 63 62 61 60 59 58 57 56 55 54 53 52 51 50 49 48 47 46 45 44 43 42 41 40 39 38 37 36 35 34 33 32
32 33 34 35 36 37 38 39 40 41 42 43 44 45 46 47 48 49 50 51 52 53 54 55 56 57 58 59 60 61 62 63 64 65 66 67 68 69 70 71 72 73 74 75 0 1 2 3 4 5 6 7 8 9 10 11 12 13 14 15 16 17 18 19 20 21 22 23 24 25 26 27 28 29 30 31
33 32 31 30 29 28 27 26 25 24 23 22 21 20 19 18 17 16 15 14 13 12 11 10 9 8 7 6 5 4 3 2 1 0 75 74 73 72 71 70 69 68 67 66 65 64 63 62 61 60 59 58 57 56 55 54 53 52 51 50 49 48 47 46 45 44 43 42 41 40 39 38 37 36 35 34
34 35 36 37 38 39 40 41 42 43 44 45 46 47 48 49 50 51 52 53 54 55 56 57 58 59 60 61 62 63 64 65 66 67 68 69 70 71 72 73 74 75 0 1 2 3 4 5 6 7 8 9 10 11 12 13 14 15 16 17 18 19 20 21 22 23 24 25 26 27 28 29 30 31 32 33
35 34 33 32 31 30 29 28 27 26 25 24 23 22 21 20 19 18 17 16 15 14 13 12 11 10 9 8 7 6 5 4 3 2 1 0 75 74 73 72 71 70 69 68 67 66 65 64 63 62 61 60 59 58 57 56 55 54 53 52 51 50 49 48 47 46 45 44 43 42 41 40 39 38 37 36
36 37 38 39 40 41 42 43 44 45 46 47 48 49 50 51 52 53 54 55 56 57 58 59 60 61 62 63 64 65 66 67 68 69 70 71 72 73 74 75 0 1 2 3 4 5 6 7 8 9 10 11 12 13 14 15 16 17 18 19 20 21 22 23 24 25 26 27 28 29 30 31 32 33 34 35
37 36 35 34 33 32 31 30 29 28 27 26 25 24 23 22 21 20 19 18 17 16 15 14 13 12 11 10 9 8 7 6 5 4 3 2 1 0 75 74 73 72 71 70 69 68 67 66 65 64 63 62 61 60 59 58 57 56 55 54 53 52 51 50 49 48 47 46 45 44 43 42 41 40 39 38
38 39 40 41 42 43 44 45 46 47 48 49 50 51 52 53 54 55 56 57 58 59 60 61 62 63 64 65 66 67 68 69 70 71 72 73 74 75 0 1 2 3 4 5 6 7 8 9 10 11 12 13 14 15 16 17 18 19 20 21 22 23 24 25 26 27 28 29 30 31 32 33 34 35 36 37
39 38 37 36 35 34 33 32 31 30 29 28 27 26 25 24 23 22 21 20 19 18 17 16 15 14 13 12 11 10 9 8 7 6 5 4 3 2 1 0 75 74 73 72 71 70 69 68 67 66 65 64 63 62 61 60 59 58 57 56 55 54 53 52 51 50 49 48 47 46 45 44 43 42 41 40
40 41 42 43 44 45 46 47 48 49 50 51 52 53 54 55 56 57 58 59 60 61 62 63 64 65 66 67 68 69 70 71 72 73 74 75 0 1 2 3 4 5 6 7 8 9 10 11 12 13 14 15 16 17 18 19 20 21 22 23 24 25 26 27 28 29 30 31 32 33 34 35 36 37 38 39
41 40 39 38 37 36 35 34 33 32 31 30 29 28 27 26 25 24 23 22 21 20 19 18 17 16 15 14 13 12 11 10 9 8 7 6 5 4 3 2 1 0 75 74 73 72 71 70 69 68 67 66 65 64 63 62 61 60 59 58 57 56 55 54 53 52 51 50 49 48 47 46 45 44 43 42
42 43 44 45 46 47 48 49 50 51 52 53 54 55 56 57 58 59 60 61 62 63 64 65 66 67 68 69 70 71 72 73 74 75 0 1 2 3 4 5 6 7 8 9 10 11 12 13 14 15 16 17 18 19 20 21 22 23 24 25 26 27 28 29 30 31 32 33 34 35 36 37 38 39 40 41
43 42 41 40 39 38 37 36 35 34 33 32 31 30 29 28 27 26 25 24 23 22 21 20 19 18 17 16 15 14 13 12 11 10 9 8 7 6 5 4 3 2 1 0 75 74 73 72 71 70 69 68 67 66 65 64 63 62 61 60 59 58 57 56 55 54 53 52 51 50 49 48 47 46 45 44
44 45 46 47 48 49 50 51 52 53 54 55 56 57 58 59 60 61 62 63 64 65 66 67 68 69 70 71 72 73 74 75 0 1 2 3 4 5 6 7 8 9 10 11 12 13 14 15 16 17 18 19 20 21 22 23 24 25 26 27 28 29 30 31 32 33 34 35 36 37 38 39 40 41 42 43
45 44 43 42 41 40 39 38 37 36 35 34 33 32 31 30 29 28 27 26 25 24 23 22 21 20 19 18 17 16 15 14 13 12 11 10 9 8 7 6 5 4 3 2 1 0 75 74 73 72 71 70 69 68 67 66 65 64 63 62 61 60 59 58 57 56 55 54 53 52 51 50 49 48 47 46
46 47 48 49 50 51 52 53 54 55 56 57 58 59 60 61 62 63 64 65 66 67 68 69 70 71 72 73 74 75 0 1 2 3 4 5 6 7 8 9 10 11 12 13 14 15 16 17 18 19 20 21 22 23 24 25 26 27 28 29 30 31 32 33 34 35 36 37 38 39 40 41 42 43 44 45
47 46 45 44 43 42 41 40 39 38 37 36 35 34 33 32 31 30 29 28 27 26 25 24 23 22 21 20 19 18 17 16 15 14 13 12 11 10 9 8 7 6 5 4 3 2 1 0 75 74 73 72 71 70 69 68 67 66 65 64 63 62 61 60 59 58 57 56 55 54 53 52 51 50 49 48
48 49 50 51 52 53 54 55 56 57 58 59 60 61 62 63 64 65 66 67 68 69 70 71 72 73 74 75 0 1 2 3 4 5 6 7 8 9 10 11 12 13 14 15 16 17 18 19 20 21 22 23 24 25 26 27 28 29 30 31 32 33 34 35 36 37 38 39 40 41 42 43 44 45 46 47
49 48 47 46 45 44 43 42 41 40 39 38 37 36 35 34 33 32 31 30 29 28 27 26 25 24 23 22 21 20 19 18 17 16 15 14 13 12 11 10 9 8 7 6 5 4 3 2 1 0 75 74 73 72 71 70 69 68 67 66 65 64 63 62 61 60 59 58 57 56 55 54 53 52 51 50
50 51 52 53 54 55 56 57 58 59 60 61 62 63 64 65 66 67 68 69 70 71 72 73 74 75 0 1 2 3 4 5 6 7 8 9 10 11 12 13 14 15 16 17 18 19 20 21 22 23 24 25 26 27 28 29 30 31 32 33 34 35 36 37 38 39 40 41 42 43 44 45 46 47 48 49
51 50 49 48 47 46 45 44 43 42 41 40 39 38 37 36 35 34 33 32 31 30 29 28 27 26 25 24 23 22 21 20 19 18 17 16 15 14 13 12 11 10 9 8 7 6 5 4 3 2 1 0 75 74 73 72 71 70 69 68 67 66 65 64 63 62 61 60 59 58 57 56 55 54 53 52
52 53 54 55 56 57 58 59 60 61 62 63 64 65 66 67 68 69 70 71 72 73 74 75 0 1 2 3 4 5 6 7 8 9 10 11 12 13 14 15 16 17 18 19 20 21 22 23 24 25 26 27 28 29 30 31 32 33 34 35 36 37 38 39 40 41 42 43 44 45 46 47 48 49 50 51
53 52 51 50 49 48 47 46 45 44 43 42 41 40 39 38 37 36 35 34 33 32 31 30 29 28 27 26 25 24 23 22 21 20 19 18 17 16 15 14 13 12 11 10 9 8 7 6 5 4 3 2 1 0 75 74 73 72 71 70 69 68 67 66 65 64 63 62 61 60 59 58 57 56 55 54
54 55 56 57 58 59 60 61 62 63 64 65 66 67 68 69 70 71 72 73 74 75 0 1 2 3 4 5 6 7 8 9 10 11 12 13 14 15 16 17 18 19 20 21 22 23 24 25 26 27 28 29 30 31 32 33 34 35 36 37 38 39 40 41 42 43 44 45 46 47 48 49 50 51 52 53
55 54 53 52 51 50 49 48 47 46 45 44 43 42 41 40 39 38 37 36 35 34 33 32 31 30 29 28 27 26 25 24 23 22 21 20 19 18 17 16 15 14 13 12 11 10 9 8 7 6 5 4 3 2 1 0 75 74 73 72 71 70 69 68 67 66 65 64 63 62 61 60 59 58 57 56
56 57 58 59 60 61 62 63 64 65 66 67 68 69 70 71 72 73 74 75 0 1 2 3 4 5 6 7 8 9 10 11 12 13 14 15 16 17 18 19 20 21 22 23 24 25 26 27 28 29 30 31 32 33 34 35 36 37 38 39 40 41 42 43 44 45 46 47 48 49 50 51 52 53 54 55
57 56 55 54 53 52 51 50 49 48 47 46 45 44 43 42 41 40 39 38 37 36 35 34 33 32 31 30 29 28 27 26 25 24 23 22 21 20 19 18 17 16 15 14 13 12 11 10 9 8 7 6 5 4 3 2 1 0 75 74 73 72 71 70 69 68 67 66 65 64 63 62 61 60 59 58
58 59 60 61 62 63 64 65 66 67 68 69 70 71 72 73 74 75 0 1 2 3 4 5 6 7 8 9 10 11 12 13 14 15 16 17 18 19 20 21 22 23 24 25 26 27 28 29 30 31 32 33 34 35 36 37 38 39 40 41 42 43 44 45 46 47 48 49 50 51 52 53 54 55 56 57
59 58 57 56 55 54 53 52 51 50 49 48 47 46 45 44 43 42 41 40 39 38 37 36 35 34 33 32 31 30 29 28 27 26 25 24 23 22 21 20 19 18 17 16 15 14 13 12 11 10 9 8 7 6 5 4 3 2 1 0 75 74 73 72 71 70 69 68 67 66 65 64 63 62 61 60
60 61 62 63 64 65 66 67 68 69 70 71 72 73 74 75 0 1 2 3 4 5 6 7 8 9 10 11 12 13 14 15 16 17 18 19 20 21 22 23 24 25 26 27 28 29 30 31 32 33 34 35 36 37 38 39 40 41 42 43 44 45 46 47 48 49 50 51 52 53 54 55 56 57 58 59
61 60 59 58 57 56 55 54 53 52 51 50 49 48 47 46 45 44 43 42 41 40 39 38 37 36 35 34 33 32 31 30 29 28 27 26 25 24 23 22 21 20 19 18 17 16 15 14 13 12 11 10 9 8 7 6 5 4 3 2 1 0 75 74 73 72 71 70 69 68 67 66 65 64 63 62
62 63 64 65 66 67 68 69 70 71 72 73 74 75 0 1 2 3 4 5 6 7 8 9 10 11 12 13 14 15 16 17 18 19 20 21 22 23 24 25 26 27 28 29 30 31 32 33 34 35 36 37 38 39 40 41 42 43 44 45 46 47 48 49 50 51 52 53 54 55 56 57 58 59 60 61
63 62 61 60 59 58 57 56 55 54 53 52 51 50 49 48 47 46 45 44 43 42 41 40 39 38 37 36 35 34 33 32 31 30 29 28 27 26 25 24 23 22 21 20 19 18 17 16 15 14 13 12 11 10 9 8 7 6 5 4 3 2 1 0 75 74 73 72 71 70 69 68 67 66 65 64
64 65 66 67 68 69 70 71 72 73 74 75 0 1 2 3 4 5 6 7 8 9 10 11 12 13 14 15 16 17 18 19 20 21 22 23 24 25 26 27 28 29 30 31 32 33 34 35 36 37 38 39 40 41 42 43 44 45 46 47 48 49 50 51 52 53 54 55 56 57 58 59 60 61 62 63
65 64 63 62 61 60 59 58 57 56 55 54 53 52 51 50 49 48 47 46 45 44 43 42 41 40 39 38 37 36 35 34 33 32 31 30 29 28 27 26 25 24 23 22 21 20 19 18 17 16 15 14 13 12 11 10 9 8 7 6 5 4 3 2 1 0 75 74 73 72 71 70 69 68 67 66
66 67 68 69 70 71 72 73 74 75 0 1 2 3 4 5 6 7 8 9 10 11 12 13 14 15 16 17 18 19 20 21 22 23 24 25 26 27 28 29 30 31 32 33 34 35 36 37 38 39 40 41 42 43 44 45 46 47 48 49 50 51 52 53 54 55 56 57 58 59 60 61 62 63 64 65
67 66 65 64 63 62 61 60 59 58 57 56 55 54 53 52 51 50 49 48 47 46 45 44 43 42 41 40 39 38 37 36 35 34 33 32 31 30 29 28 27 26 25 24 23 22 21 20 19 18 17 16 15 14 13 12 11 10 9 8 7 6 5 4 3 2 1 0 75 74 73 72 71 70 69 68
68 69 70 71 72 73 74 75 0 1 2 3 4 5 6 7 8 9 10 11 12 13 14 15 16 17 18 19 20 21 22 23 24 25 26 27 28 29 30 31 32 33 34 35 36 37 38 39 40 41 42 43 44 45 46 47 48 49 50 51 52 53 54 55 56 57 58 59 60 61 62 63 64 65 66 67
69 68 67 66 65 64 63 62 61 60 59 58 57 56 55 54 53 52 51 50 49 48 47 46 45 44 43 42 41 40 39 38 37 36 35 34 33 32 31 30 29 28 27 26 25 24 23 22 21 20 19 18 17 16 15 14 13 12 11 10 9 8 7 6 5 4 3 2 1 0 75 74 73 72 71 70
70 71 72 73 74 75 0 1 2 3 4 5 6 7 8 9 10 11 12 13 14 15 16 17 18 19 20 21 22 23 24 25 26 27 28 29 30 31 32 33 34 35 36 37 38 39 40 41 42 43 44 45 46 47 48 49 50 51 52 53 54 55 56 57 58 59 60 61 62 63 64 65 66 67 68 69
71 70 69 68 67 66 65 64 63 62 61 60 59 58 57 56 55 54 53 52 51 50 49 48 47 46 45 44 43 42 41 40 39 38 37 36 35 34 33 32 31 30 29 28 27 26 25 24 23 22 21 20 19 18 17 16 15 14 13 12 11 10 9 8 7 6 5 4 3 2 1 0 75 74 73 72
72 73 74 75 0 1 2 3 4 5 6 7 8 9 10 11 12 13 14 15 16 17 18 19 20 21 22 23 24 25 26 27 28 29 30 31 32 33 34 35 36 37 38 39 40 41 42 43 44 45 46 47 48 49 50 51 52 53 54 55 56 57 58 59 60 61 62 63 64 65 66 67 68 69 70 71
73 72 71 70 69 68 67 66 65 64 63 62 61 60 59 58 57 56 55 54 53 52 51 50 49 48 47 46 45 44 43 42 41 40 39 38 37 36 35 34 33 32 31 30 29 28 27 26 25 24 23 22 21 20 19 18 17 16 15 14 13 12 11 10 9 8 7 6 5 4 3 2 1 0 75 74
74 75 0 1 2 3 4 5 6 7 8 9 10 11 12 13 14 15 16 17 18 19 20 21 22 23 24 25 26 27 28 29 30 31 32 33 34 35 36 37 38 39 40 41 42 43 44 45 46 47 48 49 50 51 52 53 54 55 56 57 58 59 60 61 62 63 64 65 66 67 68 69 70 71 72 73
75 74 73 72 71 70 69 68 67 66 65 64 63 62 61 60 59 58 57 56 55 54 53 52 51 50 49 48 47 46 45 44 43 42 41 40 39 38 37 36 35 34 33 32 31 30 29 28 27 26 25 24 23 22 21 20 19 18 17 16 15 14 13 12 11 10 9 8 7 6 5 4 3 2 1 0
Dic19
0 1 2 3 4 5 6 7 8 9 10 11 12 13 14 15 16 17 18 19 20 21 22 23 24 25 26 27 28 29 30 31 32 33 34 35 36 37 38 39 40 41 42 43 44 45 46 47 48 49 50 51 52 53 54 55 56 57 58 59 60 61 62 63 64 65 66 67 68 69 70 71 72 73 74 75
1 38 75 36 73 34 71 32 69 30 67 28 65 26 63 24 61 22 59 20 57 18 55 16 53 14 51 12 49 10 47 8 45 6 43 4 41 2 39 0 37 74 35 72 33 70 31 68 29 66 27 64 25 62 23 60 21 58 19 56 17 54 15 52 13 50 11 48 9 46 7 44 5 42 3 40
2 3 4 5 6 7 8 9 10 11 12 13 14 15 16 17 18 19 20 21 22 23 24 25 26 27 28 29 30 31 32 33 34 35 36 37 38 39 40 41 42 43 44 45 46 47 48 49 50 51 52 53 54 55 56 57 58 59 60 61 62 63 64 65 66 67 68 69 70 71 72 73 74 75 0 1
3 40 1 38 75 36 73 34 71 32 69 30 67 28 65 26 63 24 61 22 59 20 57 18 55 16 53 14 51 12 49 10 47 8 45 6 43 4 41 2 39 0 37 74 35 72 33 70 31 68 29 66 27 64 25 62 23 60 21 58 19 56 17 54 15 52 13 50 11 48 9 46 7 44 5 42
4 5 6 7 8 9 10 11 12 13 14 15 16 17 18 19 20 21 22 23 24 25 26 27 28 29 30 31 32 33 34 35 36 37 38 39 40 41 42 43 44 45 46 47 48 49 50 51 52 53 54 55 56 57 58 59 60 61 62 63 64 65 66 67 68 69 70 71 72 73 74 75 0 1 2 3
5 42 3 40 1 38 75 36 73 34 71 32 69 30 67 28 65 26 63 24 61 22 59 20 57 18 55 16 53 14 51 12 49 10 47 8 45 6 43 4 41 2 39 0 37 74 35 72 33 70 31 68 29 66 27 64 25 62 23 60 21 58 19 56 17 54 15 52 13 50 11 48 9 46 7 44
6 7 8 9 10 11 12 13 14 15 16 17 18 19 20 21 22 23 24 25 26 27 28 29 30 31 32 33 34 35 36 37 38 39 40 41 42 43 44 45 46 47 48 49 50 51 52 53 54 55 56 57 58 59 60 61 62 63 64 65 66 67 68 69 70 71 72 73 74 75 0 1 2 3 4 5
7 44 5 42 3 40 1 38 75 36 73 34 71 32 69 30 67 28 65 26 63 24 61 22 59 20 57 18 55 16 53 14 51 12 49 10 47 8 45 6 43 4 41 2 39 0 37 74 35 72 33 70 31 68 29 66 27 64 25 62 23 60 21 58 19 56 17 54 15 52 13 50 11 48 9 46
8 9 10 11 12 13 14 15 16 17 18 19 20 21 22 23 24 25 26 27 28 29 30 31 32 33 34 35 36 37 38 39 40 41 42 43 44 45 46 47 48 49 50 51 52 53 54 55 56 57 58 59 60 61 62 63 64 65 66 67 68 69 70 71 72 73 74 75 0 1 2 3 4 5 6 7
9 46 7 44 5 42 3 40 1 38 75 36 73 34 71 32 69 30 67 28 65 26 63 24 61 22 59 20 57 18 55 16 53 14 51 12 49 10 47 8 45 6 43 4 41 2 39 0 37 74 35 72 33 70 31 68 29 66 27 64 25 62 23 60 21 58 19 56 17 54 15 52 13 50 11 48
10 11 12 13 14 15 16 17 18 19 20 21 22 23 24 25 26 27 28 29 30 31 32 33 34 35 36 37 38 39 40 41 42 43 44 45 46 47 48 49 50 51 52 53 54 55 56 57 58 59 60 61 62 63 64 65 66 67 68 69 70 71 72 73 74 75 0 1 2 3 4 5 6 7 8 9
11 48 9 46 7 44 5 42 3 40 1 38 75 36 73 34 71 32 69 30 67 28 65 26 63 24 61 22 59 20 57 18 55 16 53 14 51 12 49 10 47 8 45 6 43 4 41 2 39 0 37 74 35 72 33 70 31 68 29 66 27 64 25 62 23 60 21 58 19 56 17 54 15 52 13 50
12 13 14 15 16 17 18 19 20 21 22 23 24 25 26 27 28 29 30 31 32 33 34 35 36 37 38 39 40 41 42 43 44 45 46 47 48 49 50 51 52 53 54 55 56 57 58 59 60 61 62 63 64 65 66 67 68 69 70 71 72 73 74 75 0 1 2 3 4 5 6 7 8 9 10 11
13 50 11 48 9 46 7 44 5 42 3 40 1 38 75 36 73 34 71 32 69 30 67 28 65 26 63 24 61 22 59 20 57 18 55 16 53 14 51 12 49 10 47 8 45 6 43 4 41 2 39 0 37 74 35 72 33 70 31 68 29 66 27 64 25 62 23 60 21 58 19 56 17 54 15 52
14 15 16 17 18 19 20 21 22 23 24 25 26 27 28 29 30 31 32 33 34 35 36 37 38 39 40 41 42 43 44 45 46 47 48 49 50 51 52 53 54 55 56 57 58 59 60 61 62 63 64 65 66 67 68 69 70 71 72 73 74 75 0 1 2 3 4 5 6 7 8 9 10 11 12 13
15 52 13 50 11 48 9 46 7 44 5 42 3 40 1 38 75 36 73 34 71 32 69 30 67 28 65 26 63 24 61 22 59 20 57 18 55 16 53 14 51 12 49 10 47 8 45 6 43 4 41 2 39 0 37 74 35 72 33 70 31 68 29 66 27 64 25 62 23 60 21 58 19 56 17 54
16 17 18 19 20 21 22 23 24 25 26 27 28 29 30 31 32 33 34 35 36 37 38 39 40 41 42 43 44 45 46 47 48 49 50 51 52 53 54 55 56 57 58 59 60 61 62 63 64 65 66 67 68 69 70 71 72 73 74 75 0 1 2 3 4 5 6 7 8 9 10 11 12 13 14 15
17 54 15 52 13 50 11 48 9 46 7 44 5 42 3 40 1 38 75 36 73 34 71 32 69 30 67 28 65 26 63 24 61 22 59 20 57 18 55 16 53 14 51 12 49 10 47 8 45 6 43 4 41 2 39 0 37 74 35 72 33 70 31 68 29 66 27 64 25 62 23 60 21 58 19 56
18 19 20 21 22 23 24 25 26 27 28 29 30 31 32 33 34 35 36 37 38 39 40 41 42 43 44 45 46 47 48 49 50 51 52 53 54 55 56 57 58 59 60 61 62 63 64 65 66 67 68 69 70 71 72 73 74 75 0 1 2 3 4 5 6 7 8 9 10 11 12 13 14 15 16 17
19 56 17 54 15 52 13 50 11 48 9 46 7 44 5 42 3 40 1 38 75 36 73 34 71 32 69 30 67 28 65 26 63 24 61 22 59 20 57 18 55 16 53 14 51 12 49 10 47 8 45 6 43 4 41 2 39 0 37 74 35 72 33 70 31 68 29 66 27 64 25 62 23 60 21 58
20 21 22 23 24 25 26 27 28 29 30 31 32 33 34 35 36 37 38 39 40 41 42 43 44 45 46 47 48 49 50 51 52 53 54 55 56 57 58 59 60 61 62 63 64 65 66 67 68 69 70 71 72 73 74 75 0 1 2 3 4 5 6 7 8 9 10 11 12 13 14 15 16 17 18 19
21 58 19 56 17 54 15 52 13 50 11 48 9 46 7 44 5 42 3 40 1 38 75 36 73 34 71 32 69 30 67 28 65 26 63 24 61 22 59 20 57 18 55 16 53 14 51 12 49 10 47 8 45 6 43 4 41 2 39 0 37 74 35 72 33 70 31 68 29 66 27 64 25 62 23 60
22 23 24 25 26 27 28 29 30 31 32 33 34 35 36 37 38 39 40 41 42 43 44 45 46 47 48 49 50 51 52 53 54 55 56 57 58 59 60 61 62 63 64 65 66 67 68 69 70 71 72 73 74 75 0 1 2 3 4 5 6 7 8 9 10 11 12 13 14 15 16 17 18 19 20 21
23 60 21 58 19 56 17 54 15 52 13 50 11 48 9 46 7 44 5 42 3 40 1 38 75 36 73 34 71 32 69 30 67 28 65 26 63 24 61 22 59 20 57 18 55 16 53 14 51 12 49 10 47 8 45 6 43 4 41 2 39 0 37 74 35 72 33 70 31 68 29 66 27 64 25 62
24 25 26 27 28 29 30 31 32 33 34 35 36 37 38 39 40 41 42 43 44 45 46 47 48 49 50 51 52 53 54 55 56 57 58 59 60 61 62 63 64 65 66 67 68 69 70 71 72 73 74 75 0 1 2 3 4 5 6 7 8 9 10 11 12 13 14 15 16 17 18 19 20 21 22 23
25 62 23 60 21 58 19 56 17 54 15 52 13 50 11 48 9 46 7 44 5 42 3 40 1 38 75 36 73 34 71 32 69 30 67 28 65 26 63 24 61 22 59 20 57 18 55 16 53 14 51 12 49 10 47 8 45 6 43 4 41 2 39 0 37 74 35 72 33 70 31 68 29 66 27 64
26 27 28 29 30 31 32 33 34 35 36 37 38 39 40 41 42 43 44 45 46 47 48 49 50 51 52 53 54 55 56 57 58 59 60 61 62 63 64 65 66 67 68 69 70 71 72 73 74 75 0 1 2 3 4 5 6 7 8 9 10 11 12 13 14 15 16 17 18 19 20 21 22 23 24 25
27 64 25 62 23 60 21 58 19 56 17 54 15 52 13 50 11 48 9 46 7 44 5 42 3 40 1 38 75 36 73 34 71 32 69 30 67 28 65 26 63 24 61 22 59 20 57 18 55 16 53 14 51 12 49 10 47 8 45 6 43 4 41 2 39 0 37 74 35 72 33 70 31 68 29 66
28 29 30 31 32 33 34 35 36 37 38 39 40 41 42 43 44 45 46 47 48 49 50 51 52 53 54 55 56 57 58 59 60 61 62 63 64 65 66 67 68 69 70 71 72 73 74 75 0 1 2 3 4 5 6 7 8 9 10 11 12 13 14 15 16 17 18 19 20 21 22 23 24 25 26 27
29 66 27 64 25 62 23 60 21 58 19 56 17 54 15 52 13 50 11 48 9 46 7 44 5 42 3 40 1 38 75 36 73 34 71 32 69 30 67 28 65 26 63 24 61 22 59 20 57 18 55 16 53 14 51 12 49 10 47 8 45 6 43 4 41 2 39 0 37 74 35 72 33 70 31 68
30 31 32 33 34 35 36 37 38 39 40 41 42 43 44 45 46 47 48 49 50 51 52 53 54 55 56 57 58 59 60 61 62 63 64 65 66 67 68 69 70 71 72 73 74 75 0 1 2 3 4 5 6 7 8 9 10 11 12 13 14 15 16 17 18 19 20 21 22 23 24 25 26 27 28 29
31 68 29 66 27 64 25 62 23 60 21 58 19 56 17 54 15 52 13 50 11 48 9 46 7 44 5 42 3 40 1 38 75 36 73 34 71 32 69 30 67 28 65 26 63 24 61 22 59 20 57 18 55 16 53 14 51 12 49 10 47 8 45 6 43 4 41 2 39 0 37 74 35 72 33 70
32 33 34 35 36 37 38 39 40 41 42 43 44 45 46 47 48 49 50 51 52 53 54 55 56 57 58 59 60 61 62 63 64 65 66 67 68 69 70 71 72 73 74 75 0 1 2 3 4 5 6 7 8 9 10 11 12 13 14 15 16 17 18 19 20 21 22 23 24 25 26 27 28 29 30 31
33 70 31 68 29 66 27 64 25 62 23 60 21 58 19 56 17 54 15 52 13 50 11 48 9 46 7 44 5 42 3 40 1 38 75 36 73 34 71 32 69 30 67 28 65 26 63 24 61 22 59 20 57 18 55 16 53 14 51 12 49 10 47 8 45 6 43 4 41 2 39 0 37 74 35 72
34 35 36 37 38 39 40 41 42 43 44 45 46 47 48 49 50 51 52 53 54 55 56 57 58 59 60 61 62 63 64 65 66 67 68 69 70 71 72 73 74 75 0 1 2 3 4 5 6 7 8 9 10 11 12 13 14 15 16 17 18 19 20 21 22 23 24 25 26 27 28 29 30 31 32 33
35 72 33 70 31 68 29 66 27 64 25 62 23 60 21 58 19 56 17 54 15 52 13 50 11 48 9 46 7 44 5 42 3 40 1 38 75 36 73 34 71 32 69 30 67 28 65 26 63 24 61 22 59 20 57 18 55 16 53 14 51 12 49 10 47 8 45 6 43 4 41 2 39 0 37 74
36 37 38 39 40 41 42 43 44 45 46 47 48 49 50 51 52 53 54 55 56 57 58 59 60 61 62 63 64 65 66 67 68 69 70 71 72 73 74 75 0 1 2 3 4 5 6 7 8 9 10 11 12 13 14 15 16 17 18 19 20 21 22 23 24 25 26 27 28 29 30 31 32 33 34 35
37 74 35 72 33 70 31 68 29 66 27 64 25 62 23 60 21 58 19 56 17 54 15 52 13 50 11 48 9 46 7 44 5 42 3 40 1 38 75 36 73 34 71 32 69 30 67 28 65 26 63 24 61 22 59 20 57 18 55 16 53 14 51 12 49 10 47 8 45 6 43 4 41 2 39 0
38 39 40 41 42 43 44 45 46 47 48 49 50 51 52 53 54 55 56 57 58 59 60 61 62 63 64 65 66 67 68 69 70 71 72 73 74 75 0 1 2 3 4 5 6 7 8 9 10 11 12 13 14 15 16 17 18 19 20 21 22 23 24 25 26 27 28 29 30 31 32 33 34 35 36 37
39 0 37 74 35 72 33 70 31 68 29 66 27 64 25 62 23 60 21 58 19 56 17 54 15 52 13 50 11 48 9 46 7 44 5 42 3 40 1 38 75 36 73 34 71 32 69 30 67 28 65 26 63 24 61 22 59 20 57 18 55 16 53 14 51 12 49 10 47 8 45 6 43 4 41 2
40 41 42 43 44 45 46 47 48 49 50 51 52 53 54 55 56 57 58 59 60 61 62 63 64 65 66 67 68 69 70 71 72 73 74 75 0 1 2 3 4 5 6 7 8 9 10 11 12 13 14 15 16 17 18 19 20 21 22 23 24 25 26 27 28 29 30 31 32 33 34 35 36 37 38 39
41 2 39 0 37 74 35 72 33 70 31 68 29 66 27 64 25 62 23 60 21 58 19 56 17 54 15 52 13 50 11 48 9 46 7 44 5 42 3 40 1 38 75 36 73 34 71 32 69 30 67 28 65 26 63 24 61 22 59 20 57 18 55 16 53 14 51 12 49 10 47 8 45 6 43 4
42 43 44 45 46 47 48 49 50 51 52 53 54 55 56 57 58 59 60 61 62 63 64 65 66 67 68 69 70 71 72 73 74 75 0 1 2 3 4 5 6 7 8 9 10 11 12 13 14 15 16 17 18 19 20 21 22 23 24 25 26 27 28 29 30 31 32 33 34 35 36 37 38 39 40 41
43 4 41 2 39 0 37 74 35 72 33 70 31 68 29 66 27 64 25 62 23 60 21 58 19 56 17 54 15 52 13 50 11 48 9 46 7 44 5 42 3 40 1 38 75 36 73 34 71 32 69 30 67 28 65 26 63 24 61 22 59 20 57 18 55 16 53 14 51 12 49 10 47 8 45 6
44 45 46 47 48 49 50 51 52 53 54 55 56 57 58 59 60 61 62 63 64 65 66 67 68 69 70 71 72 73 74 75 0 1 2 3 4 5 6 7 8 9 10 11 12 13 14 15 16 17 18 19 20 21 22 23 24 25 26 27 28 29 30 31 32 33 34 35 36 37 38 39 40 41 42 43
45 6 43 4 41 2 39 0 37 74 35 72 33 70 31 68 29 66 27 64 25 62 23 60 21 58 19 56 17 54 15 52 13 50 11 48 9 46 7 44 5 42 3 40 1 38 75 36 73 34 71 32 69 30 67 28 65 26 63 24 61 22 59 20 57 18 55 16 53 14 51 12 49 10 47 8
46 47 48 49 50 51 52 53 54 55 56 57 58 59 60 61 62 63 64 65 66 67 68 69 70 71 72 73 74 75 0 1 2 3 4 5 6 7 8 9 10 11 12 13 14 15 16 17 18 19 20 21 22 23 24 25 26 27 28 29 30 31 32 33 34 35 36 37 38 39 40 41 42 43 44 45
47 8 45 6 43 4 41 2 39 0 37 74 35 72 33 70 31 68 29 66 27 64 25 62 23 60 21 58 19 56 17 54 15 52 13 50 11 48 9 46 7 44 5 42 3 40 1 38 75 36 73 34 71 32 69 30 67 28 65 26 63 24 61 22 59 20 57 18 55 16 53 14 51 12 49 10
48 49 50 51 52 53 54 55 56 57 58 59 60 61 62 63 64 65 66 67 68 69 70 71 72 73 74 75 0 1 2 3 4 5 6 7 8 9 10 11 12 13 14 15 16 17 18 19 20 21 22 23 24 25 26 27 28 29 30 31 32 33 34 35 36 37 38 39 40 41 42 43 44 45 46 47
49 10 47 8 45 6 43 4 41 2 39 0 37 74 35 72 33 70 31 68 29 66 27 64 25 62 23 60 21 58 19 56 17 54 15 52 13 50 11 48 9 46 7 44 5 42 3 40 1 38 75 36 73 34 71 32 69 30 67 28 65 26 63 24 61 22 59 20 57 18 55 16 53 14 51 12
50 51 52 53 54 55 56 57 58 59 60 61 62 63 64 65 66 67 68 69 70 71 72 73 74 75 0 1 2 3 4 5 6 7 8 9 10 11 12 13 14 15 16 17 18 19 20 21 22 23 24 25 26 27 28 29 30 31 32 33 34 35 36 37 38 39 40 41 42 43 44 45 46 47 48 49
51 12 49 10 47 8 45 6 43 4 41 2 39 0 37 74 35 72 33 70 31 68 29 66 27 64 25 62 23 60 21 58 19 56 17 54 15 52 13 50 11 48 9 46 7 44 5 42 3 40 1 38 75 36 73 34 71 32 69 30 67 28 65 26 63 24 61 22 59 20 57 18 55 16 53 14
52 53 54 55 56 57 58 59 60 61 62 63 64 65 66 67 68 69 70 71 72 73 74 75 0 1 2 3 4 5 6 7 8 9 10 11 12 13 14 15 16 17 18 19 20 21 22 23 24 25 26 27 28 29 30 31 32 33 34 35 36 37 38 39 40 41 42 43 44 45 46 47 48 49 50 51
53 14 51 12 49 10 47 8 45 6 43 4 41 2 39 0 37 74 35 72 33 70 31 68 29 66 27 64 25 62 23 60 21 58 19 56 17 54 15 52 13 50 11 48 9 46 7 44 5 42 3 40 1 38 75 36 73 34 71 32 69 30 67 28 65 26 63 24 61 22 59 20 57 18 55 16
54 55 56 57 58 59 60 61 62 63 64 65 66 67 68 69 70 71 72 73 74 75 0 1 2 3 4 5 6 7 8 9 10 11 12 13 14 15 16 17 18 19 20 21 22 23 24 25 26 27 28 29 30 31 32 33 34 35 36 37 38 39 40 41 42 43 44 45 46 47 48 49 50 51 52 53
55 16 53 14 51 12 49 10 47 8 45 6 43 4 41 2 39 0 37 74 35 72 33 70 31 68 29 66 27 64 25 62 23 60 21 58 19 56 17 54 15 52 13 50 11 48 9 46 7 44 5 42 3 40 1 38 75 36 73 34 71 32 69 30 67 28 65 26 63 24 61 22 59 20 57 18
56 57 58 59 60 61 62 63 64 65 66 67 68 69 70 71 72 73 74 75 0 1 2 3 4 5 6 7 8 9 10 11 12 13 14 15 16 17 18 19 20 21 22 23 24 25 26 27 28 29 30 31 32 33 34 35 36 37 38 39 40 41 42 43 44 45 46 47 48 49 50 51 52 53 54 55
57 18 55 16 53 14 51 12 49 10 47 8 45 6 43 4 41 2 39 0 37 74 35 72 33 70 31 68 29 66 27 64 25 62 23 60 21 58 19 56 17 54 15 52 13 50 11 48 9 46 7 44 5 42 3 40 1 38 75 36 73 34 71 32 69 30 67 28 65 26 63 24 61 22 59 20
58 59 60 61 62 63 64 65 66 67 68 69 70 71 72 73 74 75 0 1 2 3 4 5 6 7 8 9 10 11 12 13 14 15 16 17 18 19 20 21 22 23 24 25 26 27 28 29 30 31 32 33 34 35 36 37 38 39 40 41 42 43 44 45 46 47 48 49 50 51 52 53 54 55 56 57
59 20 57 18 55 16 53 14 51 12 49 10 47 8 45 6 43 4 41 2 39 0 37 74 35 72 33 70 31 68 29 66 27 64 25 62 23 60 21 58 19 56 17 54 15 52 13 50 11 48 9 46 7 44 5 42 3 40 1 38 75 36 73 34 71 32 69 30 67 28 65 26 63 24 61 22
60 61 62 63 64 65 66 67 68 69 70 71 72 73 74 75 0 1 2 3 4 5 6 7 8 9 10 11 12 13 14 15 16 17 18 19 20 21 22 23 24 25 26 27 28 29 30 31 32 33 34 35 36 37 38 39 40 41 42 43 44 45 46 47 48 49 50 51 52 53 54 55 56 57 58 59
61 22 59 20 57 18 55 16 53 14 51 12 49 10 47 8 45 6 43 4 41 2 39 0 37 74 35 72 33 70 31 68 29 66 27 64 25 62 23 60 21 58 19 56 17 54 15 52 13 50 11 48 9 46 7 44 5 42 3 40 1 38 75 36 73 34 71 32 69 30 67 28 65 26 63 24
62 63 64 65 66 67 68 69 70 71 72 73 74 75 0 1 2 3 4 5 6 7 8 9 10 11 12 13 14 15 16 17 18 19 20 21 22 23 24 25 26 27 28 29 30 31 32 33 34 35 36 37 38 39 40 41 42 43 44 45 46 47 48 49 50 51 52 53 54 55 56 57 58 59 60 61
63 24 61 22 59 20 57 18 55 16 53 14 51 12 49 10 47 8 45 6 43 4 41 2 39 0 37 74 35 72 33 70 31 68 29 66 27 64 25 62 23 60 21 58 19 56 17 54 15 52 13 50 11 48 9 46 7 44 5 42 3 40 1 38 75 36 73 34 71 32 69 30 67 28 65 26
64 65 66 67 68 69 70 71 72 73 74 75 0 1 2 3 4 5 6 7 8 9 10 11 12 13 14 15 16 17 18 19 20 21 22 23 24 25 26 27 28 29 30 31 32 33 34 35 36 37 38 39 40 41 42 43 44 45 46 47 48 49 50 51 52 53 54 55 56 57 58 59 60 61 62 63
65 26 63 24 61 22 59 20 57 18 55 16 53 14 51 12 49 10 47 8 45 6 43 4 41 2 39 0 37 74 35 72 33 70 31 68 29 66 27 64 25 62 23 60 21 58 19 56 17 54 15 52 13 50 11 48 9 46 7 44 5 42 3 40 1 38 75 36 73 34 71 32 69 30 67 28
66 67 68 69 70 71 72 73 74 75 0 1 2 3 4 5 6 7 8 9 10 11 12 13 14 15 16 17 18 19 20 21 22 23 24 25 26 27 28 29 30 31 32 33 34 35 36 37 38 39 40 41 42 43 44 45 46 47 48 49 50 51 52 53 54 55 56 57 58 59 60 61 62 63 64 65
67 28 65 26 63 24 61 22 59 20 57 18 55 16 53 14 51 12 49 10 47 8 45 6 43 4 41 2 39 0 37 74 35 72 33 70 31 68 29 66 27 64 25 62 23 60 21 58 19 56 17 54 15 52 13 50 11 48 9 46 7 44 5 42 3 40 1 38 75 36 73 34 71 32 69 30
68 69 70 71 72 73 74 75 0 1 2 3 4 5 6 7 8 9 10 11 12 13 14 15 16 17 18 19 20 21 22 23 24 25 26 27 28 29 30 31 32 33 34 35 36 37 38 39 40 41 42 43 44 45 46 47 48 49 50 51 52 53 54 55 56 57 58 59 60 61 62 63 64 65 66 67
69 30 67 28 65 26 63 24 61 22 59 20 57 18 55 16 53 14 51 12 49 10 47 8 45 6 43 4 41 2 39 0 37 74 35 72 33 70 31 68 29 66 27 64 25 62 23 60 21 58 19 56 17 54 15 52 13 50 11 48 9 46 7 44 5 42 3 40 1 38 75 36 73 34 71 32
70 71 72 73 74 75 0 1 2 3 4 5 6 7 8 9 10 11 12 13 14 15 16 17 18 19 20 21 22 23 24 25 26 27 28 29 30 31 32 33 34 35 36 37 38 39 40 41 42 43 44 45 46 47 48 49 50 51 52 53 54 55 56 57 58 59 60 61 62 63 64 65 66 67 68 69
71 32 69 30 67 28 65 26 63 24 61 22 59 20 57 18 55 16 53 14 51 12 49 10 47 8 45 6 43 4 41 2 39 0 37 74 35 72 33 70 31 68 29 66 27 64 25 62 23 60 21 58 19 56 17 54 15 52 13 50 11 48 9 46 7 44 5 42 3 40 1 38 75 36 73 34
72 73 74 75 0 1 2 3 4 5 6 7 8 9 10 11 12 13 14 15 16 17 18 19 20 21 22 23 24 25 26 27 28 29 30 31 32 33 34 35 36 37 38 39 40 41 42 43 44 45 46 47 48 49 50 51 52 53 54 55 56 57 58 59 60 61 62 63 64 65 66 67 68 69 70 71
73 34 71 32 69 30 67 28 65 26 63 24 61 22 59 20 57 18 55 16 53 14 51 12 49 10 47 8 45 6 43 4 41 2 39 0 37 74 35 72 33 70 31 68 29 66 27 64 25 62 23 60 21 58 19 56 17 54 15 52 13 50 11 48 9 46 7 44 5 42 3 40 1 38 75 36
74 75 0 1 2 3 4 5 6 7 8 9 10 11 12 13 14 15 16 17 18 19 20 21 22 23 24 25 26 27 28 29 30 31 32 33 34 35 36 37 38 39 40 41 42 43 44 45 46 47 48 49 50 51 52 53 54 55 56 57 58 59 60 61 62 63 64 65 66 67 68 69 70 71 72 73
75 36 73 34 71 32 69 30 67 28 65 26 63 24 61 22 59 20 57 18 55 16 53 14 51 12 49 10 47 8 45 6 43 4 41 2 39 0 37 74 35 72 33 70 31 68 29 66 27 64 25 62 23 60 21 58 19 56 17 54 15 52 13 50 11 48 9 46 7 44 5 42 3 40 1 38
