6 42
Z2xZ3xZ7
0 1 2 3 4 5 6 7 8 9 10 11 12 13 14 15 16 17 18 19 20 21 22 23 24 25 26 27 28 29 30 31 32 33 34 35 36 37 38 39 40 41
1 2 3 4 5 6 0 8 9 10 11 12 13 7 15 16 17 18 19 20 14 22 23 24 25 26 27 21 29 30 31 32 33 34 28 36 37 38 39 40 41 35
2 3 4 5 6 0 1 9 10 11 12 13 7 8 16 17 18 19 20 14 15 23 24 25 26 27 21 22 30 31 32 33 34 28 29 37 38 39 40 41 35 36
3 4 5 6 0 1 2 10 11 12 13 7 8 9 17 18 19 20 14 15 16 24 25 26 27 21 22 23 31 32 33 34 28 29 30 38 39 40 41 35 36 37
4 5 6 0 1 2 3 11 12 13 7 8 9 10 18 19 20 14 15 16 17 25 26 27 21 22 23 24 32 33 34 28 29 30 31 39 40 41 35 36 37 38
5 6 0 1 2 3 4 12 13 7 8 9 10 11 19 20 14 15 16 17 18 26 27 21 22 23 24 25 33 34 28 29 30 31 32 40 41 35 36 37 38 39
6 0 1 2 3 4 5 13 7 8 9 10 11 12 20 14 15 16 17 18 19 27 21 22 23 24 25 26 34 28 29 30 31 32 33 41 35 36 37 38 39 40
7 8 9 10 11 12 13 14 15 16 17 18 19 20 0 1 2 3 4 5 6 28 29 30 31 32 33 34 35 36 37 38 39 40 41 21 22 23 24 25 26 27
8 9 10 11 12 13 7 15 16 17 18 19 20 14 1 2 3 4 5 6 0 29 30 31 32 33 34 28 36 37 38 39 40 41 35 22 23 24 25 26 27 21
9 10 11 12 13 7 8 16 17 18 19 20 14 15 2 3 4 5 6 0 1 30 31 32 33 34 28 29 37 38 39 40 41 35 36 23 24 25 26 27 21 22
10 11 12 13 7 8 9 17 18 19 20 14 15 16 3 4 5 6 0 1 2 31 32 33 34 28 29 30 38 39 40 41 35 36 37 24 25 26 27 21 22 23
11 12 13 7 8 9 10 18 19 20 14 15 16 17 4 5 6 0 1 2 3 32 33 34 28 29 30 31 39 40 41 35 36 37 38 25 26 27 21 22 23 24
12 13 7 8 9 10 11 19 20 14 15 16 17 18 5 6 0 1 2 3 4 33 34 28 29 30 31 32 40 41 35 36 37 38 39 26 27 21 22 23 24 25
13 7 8 9 10 11 12 20 14 15 16 17 18 19 6 0 1 2 3 4 5 34 28 29 30 31 32 33 41 35 36 37 38 39 40 27 21 22 23 24 25 26
14 15 16 17 18 19 20 0 1 2 3 4 5 6 7 8 9 10 11 12 13 35 36 37 38 39 40 41 21 22 23 24 25 26 27 28 29 30 31 32 33 34
15 16 17 18 19 20 14 1 2 3 4 5 6 0 8 9 10 11 12 13 7 36 37 38 39 40 41 35 22 23 24 25 26 27 21 29 30 31 32 33 34 28
16 17 18 19 20 14 15 2 3 4 5 6 0 1 9 10 11 12 13 7 8 37 38 39 40 41 35 36 23 24 25 26 27 21 22 30 31 32 33 34 28 29
17 18 19 20 14 15 16 3 4 5 6 0 1 2 10 11 12 13 7 8 9 38 39 40 41 35 36 37 24 25 26 27 21 22 23 31 32 33 34 28 29 30
18 19 20 14 15 16 17 4 5 6 0 1 2 3 11 12 13 7 8 9 10 39 40 41 35 36 37 38 25 26 27 21 22 23 24 32 33 34 28 29 30 31
19 20 14 15 16 17 18 5 6 0 1 2 3 4 12 13 7 8 9 10 11 40 41 35 36 37 38 39 26 27 21 22 23 24 25 33 34 28 29 30 31 32
20 14 15 16 17 18 19 6 0 1 2 3 4 5 13 7 8 9 10 11 12 41 35 36 37 38 39 40 27 21 22 23 24 25 26 34 28 29 30 31 32 33
21 22 23 24 25 26 27 28 29 30 31 32 33 34 35 36 37 38 39 40 41 0 1 2 3 4 5 6 7 8 9 10 11 12 13 14 15 16 17 18 19 20
22 23 24 25 26 27 21 29 30 31 32 33 34 28 36 37 38 39 40 41 35 1 2 3 4 5 6 0 8 9 10 11 12 13 7 15 16 17 18 19 20 14
23 24 25 26 27 21 22 30 31 32 33 34 28 29 37 38 39 40 41 35 36 2 3 4 5 6 0 1 9 10 11 12 13 7 8 16 17 18 19 20 14 15
24 25 26 27 21 22 23 31 32 33 34 28 29 30 38 39 40 41 35 36 37 3 4 5 6 0 1 2 10 11 12 13 7 8 9 17 18 19 20 14 15 16
25 26 27 21 22 23 24 32 33 34 28 29 30 31 39 40 41 35 36 37 38 4 5 6 0 1 2 3 11 12 13 7 8 9 10 18 19 20 14 15 16 17
26 27 21 22 23 24 25 33 34 28 29 30 31 32 40 41 35 36 37 38 39 5 6 0 1 2 3 4 12 13 7 8 9 10 11 19 20 14 15 16 17 18
27 21 22 23 24 25 26 34 28 29 30 31 32 33 41 35 36 37 38 39 40 6 0 1 2 3 4 5 13 7 8 9 10 11 12 20 14 15 16 17 18 19
28 29 30 31 32 33 34 35 36 37 38 39 40 41 21 22 23 24 25 26 27 7 8 9 10 11 12 13 14 15 16 17 18 19 20 0 1 2 3 4 5 6
29 30 31 32 33 34 28 36 37 38 39 40 41 35 22 23 24 25 26 27 21 8 9 10 11 12 13 7 15 16 17 18 19 20 14 1 2 3 4 5 6 0
30 31 32 33 34 28 29 37 38 39 40 41 35 36 23 24 25 26 27 21 22 9 10 11 12 13 7 8 16 17 18 19 20 14 15 2 3 4 5 6 0 1
31 32 33 34 28 29 30 38 39 40 41 35 36 37 24 25 26 27 21 22 23 10 11 12 13 7 8 9 17 18 19 20 14 15 16 3 4 5 6 0 1 2
32 33 34 28 29 30 31 39 40 41 35 36 37 38 25 26 27 21 22 23 24 11 12 13 7 8 9 10 18 19 20 14 15 16 17 4 5 6 0 1 2 3
33 34 28 29 30 31 32 40 41 35 36 37 38 39 26 27 21 22 23 24 25 12 13 7 8 9 10 11 19 20 14 15 16 17 18 5 6 0 1 2 3 4
34 28 29 30 31 32 33 41 35 36 37 38 39 40 27 21 22 23 24 25 26 13 7 8 9 10 11 12 20 14 15 16 17 18 19 6 0 1 2 3 4 5
35 36 37 38 39 40 41 21 22 23 24 25 26 27 28 29 30 31 32 33 34 14 15 16 17 18 19 20 0 1 2 3 4 5 6 7 8 9 10 11 12 13
36 37 38 39 40 41 35 22 23 24 25 26 27 21 29 30 31 32 33 34 28 15 16 17 18 19 20 14 1 2 3 4 5 6 0 8 9 10 11 12 13 7
37 38 39 40 41 35 36 23 24 25 26 27 21 22 30 31 32 33 34 28 29 16 17 18 19 20 14 15 2 3 4 5 6 0 1 9 10 11 12 13 7 8
38 39 40 41 35 36 37 24 25 26 27 21 22 23 31 32 33 34 28 29 30 17 18 19 20 14 15 16 3 4 5 6 0 1 2 10 11 12 13 7 8 9
39 40 41 35 36 37 38 25 26 27 21 22 23 24 32 33 34 28 29 30 31 18 19 20 14 15 16 17 4 5 6 0 1 2 3 11 12 13 7 8 9 10
40 41 35 36 37 38 39 26 27 21 22 23 24 25 33 34 28 29 30 31 32 19 20 14 15 16 17 18 5 6 0 1 2 3 4 12 13 7 8 9 10 11
41 35 36 37 38 39 40 27 21 22 23 24 25 26 34 28 29 30 31 32 33 20 14 15 16 17 18 19 6 0 1 2 3 4 5 13 7 8 9 10 11 12
D42
0 1 2 3 4 5 6 7 8 9 10 11 12 13 14 15 16 17 18 19 20 21 22 23 24 25 26 27 28 29 30 31 32 33 34 35 36 37 38 39 40 41
1 0 41 40 39 38 37 36 35 34 33 32 31 30 29 28 27 26 25 24 23 22 21 20 19 18 17 16 15 14 13 12 11 10 9 8 7 6 5 4 3 2
2 3 4 5 6 7 8 9 10 11 12 13 14 15 16 17 18 19 20 21 22 23 24 25 26 27 28 29 30 31 32 33 34 35 36 37 38 39 40 41 0 1
3 2 1 0 41 40 39 38 37 36 35 34 33 32 31 30 29 28 27 26 25 24 23 22 21 20 19 18 17 16 15 14 13 12 11 10 9 8 7 6 5 4
4 5 6 7 8 9 10 11 12 13 14 15 16 17 18 19 20 21 22 23 24 25 26 27 28 29 30 31 32 33 34 35 36 37 38 39 40 41 0 1 2 3
5 4 3 2 1 0 41 40 39 38 37 36 35 34 33 32 31 30 29 28 27 26 25 24 23 22 21 20 19 18 17 16 15 14 13 12 11 10 9 8 7 6
6 7 8 9 10 11 12 13 14 15 16 17 18 19 20 21 22 23 24 25 26 27 28 29 30 31 32 33 34 35 36 37 38 39 40 41 0 1 2 3 4 5
7 6 5 4 3 2 1 0 41 40 39 38 37 36 35 34 33 32 31 30 29 28 27 26 25 24 23 22 21 20 19 18 17 16 15 14 13 12 11 10 9 8
8 9 10 11 12 13 14 15 16 17 18 19 20 21 22 23 24 25 26 27 28 29 30 31 32 33 34 35 36 37 38 39 40 41 0 1 2 3 4 5 6 7
9 8 7 6 5 4 3 2 1 0 41 40 39 38 37 36 35 34 33 32 31 30 29 28 27 26 25 24 23 22 21 20 19 18 17 16 15 14 13 12 11 10
10 11 12 13 14 15 16 17 18 19 20 21 22 23 24 25 26 27 28 29 30 31 32 33 34 35 36 37 38 39 40 41 0 1 2 3 4 5 6 7 8 9
11 10 9 8 7 6 5 4 3 2 1 0 41 40 39 38 37 36 35 34 33 32 31 30 29 28 27 26 25 24 23 22 21 20 19 18 17 16 15 14 13 12
12 13 14 15 16 17 18 19 20 21 22 23 24 25 26 27 28 29 30 31 32 33 34 35 36 37 38 39 40 41 0 1 2 3 4 5 6 7 8 9 10 11
13 12 11 10 9 8 7 6 5 4 3 2 1 0 41 40 39 38 37 36 35 34 33 32 31 30 29 28 27 26 25 24 23 22 21 20 19 18 17 16 15 14
14 15 16 17 18 19 20 21 22 23 24 25 26 27 28 29 30 31 32 33 34 35 36 37 38 39 40 41 0 1 2 3 4 5 6 7 8 9 10 11 12 13
15 14 13 12 11 10 9 8 7 6 5 4 3 2 1 0 41 40 39 38 37 36 35 34 33 32 31 30 29 28 27 26 25 24 23 22 21 20 19 18 17 16
16 17 18 19 20 21 22 23 24 25 26 27 28 29 30 31 32 33 34 35 36 37 38 39 40 41 0 1 2 3 4 5 6 7 8 9 10 11 12 13 14 15
17 16 15 14 13 12 11 10 9 8 7 6 5 4 3 2 1 0 41 40 39 38 37 36 35 34 33 32 31 30 29 28 27 26 25 24 23 22 21 20 19 18
18 19 20 21 22 23 24 25 26 27 28 29 30 31 32 33 34 35 36 37 38 39 40 41 0 1 2 3 4 5 6 7 8 9 10 11 12 13 14 15 16 17
19 18 17 16 15 14 13 12 11 10 9 8 7 6 5 4 3 2 1 0 41 40 39 38 37 36 35 34 33 32 31 30 29 28 27 26 25 24 23 22 21 20
20 21 22 23 24 25 26 27 28 29 30 31 32 33 34 35 36 37 38 39 40 41 0 1 2 3 4 5 6 7 8 9 10 11 12 13 14 15 16 17 18 19
21 20 19 18 17 16 15 14 13 12 11 10 9 8 7 6 5 4 3 2 1 0 41 40 39 38 37 36 35 34 33 32 31 30 29 28 27 26 25 24 23 22
22 23 24 25 26 27 28 29 30 31 32 33 34 35 36 37 38 39 40 41 0 1 2 3 4 5 6 7 8 9 10 11 12 13 14 15 16 17 18 19 20 21
23 22 21 20 19 18 17 16 15 14 13 12 11 10 9 8 7 6 5 4 3 2 1 0 41 40 39 38 37 36 35 34 33 32 31 30 29 28 27 26 25 24
24 25 26 27 28 29 30 31 32 33 34 35 36 37 38 39 40 41 0 1 2 3 4 5 6 7 8 9 10 11 12 13 14 15 16 17 18 19 20 21 22 23
25 24 23 22 21 20 19 18 17 16 15 14 13 12 11 10 9 8 7 6 5 4 3 2 1 0 41 40 39 38 37 36 35 34 33 32 31 30 29 28 27 26
26 27 28 29 30 31 32 33 34 35 36 37 38 39 40 41 0 1 2 3 4 5 6 7 8 9 10 11 12 13 14 15 16 17 18 19 20 21 22 23 24 25
27 26 25 24 23 22 21 20 19 18 17 16 15 14 13 12 11 10 9 8 7 6 5 4 3 2 1 0 41 40 39 38 37 36 35 34 33 32 31 30 29 28
28 29 30 31 32 33 34 35 36 37 38 39 40 41 0 1 2 3 4 5 6 7 8 9 10 11 12 13 14 15 16 17 18 19 20 21 22 23 24 25 26 27
29 28 27 26 25 24 23 22 21 20 19 18 17 16 15 14 13 12 11 10 9 8 7 6 5 4 3 2 1 0 41 40 39 38 37 36 35 34 33 32 31 30
30 31 32 33 34 35 36 37 38 39 40 41 0 1 2 3 4 5 6 7 8 9 10 11 12 13 14 15 16 17 18 19 20 21 22 23 24 25 26 27 28 29
31 30 29 28 27 26 25 24 23 22 21 20 19 18 17 16 15 14 13 12 11 10 9 8 7 6 5 4 3 2 1 0 41 40 39 38 37 36 35 34 33 32
32 33 34 35 36 37 38 39 40 41 0 1 2 3 4 5 6 7 8 9 10 11 12 13 14 15 16 17 18 19 20 21 22 23 24 25 26 27 28 29 30 31
33 32 31 30 29 28 27 26 25 24 23 22 21 20 19 18 17 16 15 14 13 12 11 10 9 8 7 6 5 4 3 2 1 0 41 40 39 38 37 36 35 34
34 35 36 37 38 39 40 41 0 1 2 3 4 5 6 7 8 9 10 11 12 13 14 15 16 17 18 19 20 21 22 23 24 25 26 27 28 29 30 31 32 33
35 34 33 32 31 30 29 28 27 26 25 24 23 22 21 20 19 18 17 16 15 14 13 12 11 10 9 8 7 6 5 4 3 2 1 0 41 40 39 38 37 36
36 37 38 39 40 41 0 1 2 3 4 5 6 7 8 9 10 11 12 13 14 15 16 17 18 19 20 21 22 23 24 25 26 27 28 29 30 31 32 33 34 35
37 36 35 34 33 32 31 30 29 28 27 26 25 24 23 22 21 20 19 18 17 16 15 14 13 12 11 10 9 8 7 6 5 4 3 2 1 0 41 40 39 38
38 39 40 41 0 1 2 3 4 5 6 7 8 9 10 11 12 13 14 15 16 17 18 19 20 21 22 23 24 25 26 27 28 29 30 31 32 33 34 35 36 37
39 38 37 36 35 34 33 32 31 30 29 28 27 26 25 24 23 22 21 20 19 18 17 16 15 14 13 12 11 10 9 8 7 6 5 4 3 2 1 0 41 40
40 41 0 1 2 3 4 5 6 7 8 9 10 11 12 13 14 15 16 17 18 19 20 21 22 23 24 25 26 27 28 29 30 31 32 33 34 35 36 37 38 39
41 40 39 38 37 36 35 34 33 32 31 30 29 28 27 26 25 24 23 22 21 20 19 18 17 16 15 14 13 12 11 10 9 8 7 6 5 4 3 2 1 0
Z3:Z2xZ7
0 1 2 3 4 5 6 7 8 9 10 11 12 13 14 15 16 17 18 19 20 21 22 23 24 25 26 27 28 29 30 31 32 33 34 35 36 37 38 39 40 41
1 2 3 4 5 6 0 8 9 10 11 12 13 7 15 16 17 18 19 20 14 22 23 24 25 26 27 21 29 30 31 32 33 34 28 36 37 38 39 40 41 35
2 3 4 5 6 0 1 9 10 11 12 13 7 8 16 17 18 19 20 14 15 23 24 25 26 27 21 22 30 31 32 33 34 28 29 37 38 39 40 41 35 36
3 4 5 6 0 1 2 10 11 12 13 7 8 9 17 18 19 20 14 15 16 24 25 26 27 21 22 23 31 32 33 34 28 29 30 38 39 40 41 35 36 37
4 5 6 0 1 2 3 11 12 13 7 8 9 10 18 19 20 14 15 16 17 25 26 27 21 22 23 24 32 33 34 28 29 30 31 39 40 41 35 36 37 38
5 6 0 1 2 3 4 12 13 7 8 9 10 11 19 20 14 15 16 17 18 26 27 21 22 23 24 25 33 34 28 29 30 31 32 40 41 35 36 37 38 39
6 0 1 2 3 4 5 13 7 8 9 10 11 12 20 14 15 16 17 18 19 27 21 22 23 24 25 26 34 28 29 30 31 32 33 41 35 36 37 38 39 40
7 8 9 10 11 12 13 0 1 2 3 4 5 6 35 36 37 38 39 40 41 28 29 30 31 32 33 34 21 22 23 24 25 26 27 14 15 16 17 18 19 20
8 9 10 11 12 13 7 1 2 3 4 5 6 0 36 37 38 39 40 41 35 29 30 31 32 33 34 28 22 23 24 25 26 27 21 15 16 17 18 19 20 14
9 10 11 12 13 7 8 2 3 4 5 6 0 1 37 38 39 40 41 35 36 30 31 32 33 34 28 29 23 24 25 26 27 21 22 16 17 18 19 20 14 15
10 11 12 13 7 8 9 3 4 5 6 0 1 2 38 39 40 41 35 36 37 31 32 33 34 28 29 30 24 25 26 27 21 22 23 17 18 19 20 14 15 16
11 12 13 7 8 9 10 4 5 6 0 1 2 3 39 40 41 35 36 37 38 32 33 34 28 29 30 31 25 26 27 21 22 23 24 18 19 20 14 15 16 17
12 13 7 8 9 10 11 5 6 0 1 2 3 4 40 41 35 36 37 38 39 33 34 28 29 30 31 32 26 27 21 22 23 24 25 19 20 14 15 16 17 18
13 7 8 9 10 11 12 6 0 1 2 3 4 5 41 35 36 37 38 39 40 34 28 29 30 31 32 33 27 21 22 23 24 25 26 20 14 15 16 17 18 19
14 15 16 17 18 19 20 21 22 23 24 25 26 27 28 29 30 31 32 33 34 35 36 37 38 39 40 41 0 1 2 3 4 5 6 7 8 9 10 11 12 13
15 16 17 18 19 20 14 22 23 24 25 26 27 21 29 30 31 32 33 34 28 36 37 38 39 40 41 35 1 2 3 4 5 6 0 8 9 10 11 12 13 7
16 17 18 19 20 14 15 23 24 25 26 27 21 22 30 31 32 33 34 28 29 37 38 39 40 41 35 36 2 3 4 5 6 0 1 9 10 11 12 13 7 8
17 18 19 20 14 15 16 24 25 26 27 21 22 23 31 32 33 34 28 29 30 38 39 40 41 35 36 37 3 4 5 6 0 1 2 10 11 12 13 7 8 9
18 19 20 14 15 16 17 25 26 27 21 22 23 24 32 33 34 28 29 30 31 39 40 41 35 36 37 38 4 5 6 0 1 2 3 11 12 13 7 8 9 10
19 20 14 15 16 17 18 26 27 21 22 23 24 25 33 34 28 29 30 31 32 40 41 35 36 37 38 39 5 6 0 1 2 3 4 12 13 7 8 9 10 11
20 14 15 16 17 18 19 27 21 22 23 24 25 26 34 28 29 30 31 32 33 41 35 36 37 38 39 40 6 0 1 2 3 4 5 13 7 8 9 10 11 12
21 22 23 24 25 26 27 14 15 16 17 18 19 20 7 8 9 10 11 12 13 0 1 2 3 4 5 6 35 36 37 38 39 40 41 28 29 30 31 32 33 34
22 23 24 25 26 27 21 15 16 17 18 19 20 14 8 9 10 11 12 13 7 1 2 3 4 5 6 0 36 37 38 39 40 41 35 29 30 31 32 33 34 28
23 24 25 26 27 21 22 16 17 18 19 20 14 15 9 10 11 12 13 7 8 2 3 4 5 6 0 1 37 38 39 40 41 35 36 30 31 32 33 34 28 29
24 25 26 27 21 22 23 17 18 19 20 14 15 16 10 11 12 13 7 8 9 3 4 5 6 0 1 2 38 39 40 41 35 36 37 31 32 33 34 28 29 30
25 26 27 21 22 23 24 18 19 20 14 15 16 17 11 12 13 7 8 9 10 4 5 6 0 1 2 3 39 40 41 35 36 37 38 32 33 34 28 29 30 31
26 27 21 22 23 24 25 19 20 14 15 16 17 18 12 13 7 8 9 10 11 5 6 0 1 2 3 4 40 41 35 36 37 38 39 33 34 28 29 30 31 32
27 21 22 23 24 25 26 20 14 15 16 17 18 19 13 7 8 9 10 11 12 6 0 1 2 3 4 5 41 35 36 37 38 39 40 34 28 29 30 31 32 33
28 29 30 31 32 33 34 35 36 37 38 39 40 41 0 1 2 3 4 5 6 7 8 9 10 11 12 13 14 15 16 17 18 19 20 21 22 23 24 25 26 27
29 30 31 32 33 34 28 36 37 38 39 40 41 35 1 2 3 4 5 6 0 8 9 10 11 12 13 7 15 16 17 18 19 20 14 22 23 24 25 26 27 21
30 31 32 33 34 28 29 37 38 39 40 41 35 36 2 3 4 5 6 0 1 9 10 11 12 13 7 8 16 17 18 19 20 14 15 23 24 25 26 27 21 22
31 32 33 34 28 29 30 38 39 40 41 35 36 37 3 4 5 6 0 1 2 10 11 12 13 7 8 9 17 18 19 20 14 15 16 24 25 26 27 21 22 23
32 33 34 28 29 30 31 39 40 41 35 36 37 38 4 5 6 0 1 2 3 11 12 13 7 8 9 10 18 19 20 14 15 16 17 25 26 27 21 22 23 24
33 34 28 29 30 31 32 40 41 35 36 37 38 39 5 6 0 1 2 3 4 12 13 7 8 9 10 11 19 20 14 15 16 17 18 26 27 21 22 23 24 25
34 28 29 30 31 32 33 41 35 36 37 38 39 40 6 0 1 2 3 4 5 13 7 8 9 10 11 12 20 14 15 16 17 18 19 27 21 22 23 24 25 26
35 36 37 38 39 40 41 28 29 30 31 32 33 34 21 22 23 24 25 26 27 14 15 16 17 18 19 20 7 8 9 10 11 12 13 0 1 2 3 4 5 6
36 37 38 39 40 41 35 29 30 31 32 33 34 28 22 23 24 25 26 27 21 15 16 17 18 19 20 14 8 9 10 11 12 13 7 1 2 3 4 5 6 0
37 38 39 40 41 35 36 30 31 32 33 34 28 29 23 24 25 26 27 21 22 16 17 18 19 20 14 15 9 10 11 12 13 7 8 2 3 4 5 6 0 1
38 39 40 41 35 36 37 31 32 33 34 28 29 30 24 25 26 27 21 22 23 17 18 19 20 14 15 16 10 11 12 13 7 8 9 3 4 5 6 0 1 2
39 40 41 35 36 37 38 32 33 34 28 29 30 31 25 26 27 21 22 23 24 18 19 20 14 15 16 17 11 12 13 7 8 9 10 4 5 6 0 1 2 3
40 41 35 36 37 38 39 33 34 28 29 30 31 32 26 27 21 22 23 24 25 19 20 14 15 16 17 18 12 13 7 8 9 10 11 5 6 0 1 2 3 4
41 35 36 37 38 39 40 34 28 29 30 31 32 33 27 21 22 23 24 25 26 20 14 15 16 17 18 19 13 7 8 9 10 11 12 6 0 1 2 3 4 5
Z3:D14
0 1 2 3 4 5 6 7 8 9 10 11 12 13 14 15 16 17 18 19 20 21 22 23 24 25 26 27 28 29 30 31 32 33 34 35 36 37 38 39 40 41
1 0 13 12 11 10 9 8 7 6 5 4 3 2 15 14 27 26 25 24 23 22 21 20 19 18 17 16 29 28 41 40 39 38 37 36 35 34 33 32 31 30
2 3 4 5 6 7 8 9 10 11 12 13 0 1 16 17 18 19 20 21 22 23 24 25 26 27 14 15 30 31 32 33 34 35 36 37 38 39 40 41 28 29
3 2 1 0 13 12 11 10 9 8 7 6 5 4 17 16 15 14 27 26 25 24 23 22 21 20 19 18 31 30 29 28 41 40 39 38 37 36 35 34 33 32
4 5 6 7 8 9 10 11 12 13 0 1 2 3 18 19 20 21 22 23 24 25 26 27 14 15 16 17 32 33 34 35 36 37 38 39 40 41 28 29 30 31
5 4 3 2 1 0 13 12 11 10 9 8 7 6 19 18 17 16 15 14 27 26 25 24 23 22 21 20 33 32 31 30 29 28 41 40 39 38 37 36 35 34
6 7 8 9 10 11 12 13 0 1 2 3 4 5 20 21 22 23 24 25 26 27 14 15 16 17 18 19 34 35 36 37 38 39 40 41 28 29 30 31 32 33
7 6 5 4 3 2 1 0 13 12 11 10 9 8 21 20 19 18 17 16 15 14 27 26 25 24 23 22 35 34 33 32 31 30 29 28 41 40 39 38 37 36
8 9 10 11 12 13 0 1 2 3 4 5 6 7 22 23 24 25 26 27 14 15 16 17 18 19 20 21 36 37 38 39 40 41 28 29 30 31 32 33 34 35
9 8 7 6 5 4 3 2 1 0 13 12 11 10 23 22 21 20 19 18 17 16 15 14 27 26 25 24 37 36 35 34 33 32 31 30 29 28 41 40 39 38
10 11 12 13 0 1 2 3 4 5 6 7 8 9 24 25 26 27 14 15 16 17 18 19 20 21 22 23 38 39 40 41 28 29 30 31 32 33 34 35 36 37
11 10 9 8 7 6 5 4 3 2 1 0 13 12 25 24 23 22 21 20 19 18 17 16 15 14 27 26 39 38 37 36 35 34 33 32 31 30 29 28 41 40
12 13 0 1 2 3 4 5 6 7 8 9 10 11 26 27 14 15 16 17 18 19 20 21 22 23 24 25 40 41 28 29 30 31 32 33 34 35 36 37 38 39
13 12 11 10 9 8 7 6 5 4 3 2 1 0 27 26 25 24 23 22 21 20 19 18 17 16 15 14 41 40 39 38 37 36 35 34 33 32 31 30 29 28
14 15 16 17 18 19 20 21 22 23 24 25 26 27 28 29 30 31 32 33 34 35 36 37 38 39 40 41 0 1 2 3 4 5 6 7 8 9 10 11 12 13
15 14 27 26 25 24 23 22 21 20 19 18 17 16 29 28 41 40 39 38 37 36 35 34 33 32 31 30 1 0 13 12 11 10 9 8 7 6 5 4 3 2
16 17 18 19 20 21 22 23 24 25 26 27 14 15 30 31 32 33 34 35 36 37 38 39 40 41 28 29 2 3 4 5 6 7 8 9 10 11 12 13 0 1
17 16 15 14 27 26 25 24 23 22 21 20 19 18 31 30 29 28 41 40 39 38 37 36 35 34 33 32 3 2 1 0 13 12 11 10 9 8 7 6 5 4
18 19 20 21 22 23 24 25 26 27 14 15 16 17 32 33 34 35 36 37 38 39 40 41 28 29 30 31 4 5 6 7 8 9 10 11 12 13 0 1 2 3
19 18 17 16 15 14 27 26 25 24 23 22 21 20 33 32 31 30 29 28 41 40 39 38 37 36 35 34 5 4 3 2 1 0 13 12 11 10 9 8 7 6
20 21 22 23 24 25 26 27 14 15 16 17 18 19 34 35 36 37 38 39 40 41 28 29 30 31 32 33 6 7 8 9 10 11 12 13 0 1 2 3 4 5
21 20 19 18 17 16 15 14 27 26 25 24 23 22 35 34 33 32 31 30 29 28 41 40 39 38 37 36 7 6 5 4 3 2 1 0 13 12 11 10 9 8
22 23 24 25 26 27 14 15 16 17 18 19 20 21 36 37 38 39 40 41 28 29 30 31 32 33 34 35 8 9 10 11 12 13 0 1 2 3 4 5 6 7
23 22 21 20 19 18 17 16 15 14 27 26 25 24 37 36 35 34 33 32 31 30 29 28 41 40 39 38 9 8 7 6 5 4 3 2 1 0 13 12 11 10
24 25 26 27 14 15 16 17 18 19 20 21 22 23 38 39 40 41 28 29 30 31 32 33 34 35 36 37 10 11 12 13 0 1 2 3 4 5 6 7 8 9
25 24 23 22 21 20 19 18 17 16 15 14 27 26 39 38 37 36 35 34 33 32 31 30 29 28 41 40 11 10 9 8 7 6 5 4 3 2 1 0 13 12
26 27 14 15 16 17 18 19 20 21 22 23 24 25 40 41 28 29 30 31 32 33 34 35 36 37 38 39 12 13 0 1 2 3 4 5 6 7 8 9 10 11
27 26 25 24 23 22 21 20 19 18 17 16 15 14 41 40 39 38 37 36 35 34 33 32 31 30 29 28 13 12 11 10 9 8 7 6 5 4 3 2 1 0
28 29 30 31 32 33 34 35 36 37 38 39 40 41 0 1 2 3 4 5 6 7 8 9 10 11 12 13 14 15 16 17 18 19 20 21 22 23 24 25 26 27
29 28 41 40 39 38 37 36 35 34 33 32 31 30 1 0 13 12 11 10 9 8 7 6 5 4 3 2 15 14 27 26 25 24 23 22 21 20 19 18 17 16
30 31 32 33 34 35 36 37 38 39 40 41 28 29 2 3 4 5 6 7 8 9 10 11 12 13 0 1 16 17 18 19 20 21 22 23 24 25 26 27 14 15
31 30 29 28 41 40 39 38 37 36 35 34 33 32 3 2 1 0 13 12 11 10 9 8 7 6 5 4 17 16 15 14 27 26 25 24 23 22 21 20 19 18
32 33 34 35 36 37 38 39 40 41 28 29 30 31 4 5 6 7 8 9 10 11 12 13 0 1 2 3 18 19 20 21 22 23 24 25 26 27 14 15 16 17
33 32 31 30 29 28 41 40 39 38 37 36 35 34 5 4 3 2 1 0 13 12 11 10 9 8 7 6 19 18 17 16 15 14 27 26 25 24 23 22 21 20
34 35 36 37 38 39 40 41 28 29 30 31 32 33 6 7 8 9 10 11 12 13 0 1 2 3 4 5 20 21 22 23 24 25 26 27 14 15 16 17 18 19
35 34 33 32 31 30 29 28 41 40 39 38 37 36 7 6 5 4 3 2 1 0 13 12 11 10 9 8 21 20 19 18 17 16 15 14 27 26 25 24 23 22
36 37 38 39 40 41 28 29 30 31 32 33 34 35 8 9 10 11 12 13 0 1 2 3 4 5 6 7 22 23 24 25 26 27 14 15 16 17 18 19 20 21
37 36 35 34 33 32 31 30 29 28 41 40 39 38 9 8 7 6 5 4 3 2 1 0 13 12 11 10 23 22 21 20 19 18 17 16 15 14 27 26 25 24
38 39 40 41 28 29 30 31 32 33 34 35 36 37 10 11 12 13 0 1 2 3 4 5 6 7 8 9 24 25 26 27 14 15 16 17 18 19 20 21 22 23
39 38 37 36 35 34 33 32 31 30 29 28 41 40 11 10 9 8 7 6 5 4 3 2 1 0 13 12 25 24 23 22 21 20 19 18 17 16 15 14 27 26
40 41 28 29 30 31 32 33 34 35 36 37 38 39 12 13 0 1 2 3 4 5 6 7 8 9 10 11 26 27 14 15 16 17 18 19 20 21 22 23 24 25
41 40 39 38 37 36 35 34 33 32 31 30 29 28 13 12 11 10 9 8 7 6 5 4 3 2 1 0 27 26 25 24 23 22 21 20 19 18 17 16 15 14
Z7:Z2xZ3
0 1 2 3 4 5 6 7 8 9 10 11 12 13 14 15 16 17 18 19 20 21 22 23 24 25 26 27 28 29 30 31 32 33 34 35 36 37 38 39 40 41
1 2 0 4 5 3 13 14 12 16 17 15 25 26 24 28 29 27 37 38 36 40 41 39 7 8 6 10 11 9 19 20 18 22 23 21 31 32 30 34 35 33
2 0 1 5 3 4 26 24 25 29 27 28 8 6 7 11 9 10 32 30 31 35 33 34 14 12 13 17 15 16 38 36 37 41 39 40 20 18 19 23 21 22
3 4 5 0 1 2 9 10 11 6 7 8 15 16 17 12 13 14 21 22 23 18 19 20 27 28 29 24 25 26 33 34 35 30 31 32 39 40 41 36 37 38
4 5 3 1 2 0 16 17 15 13 14 12 28 29 27 25 26 24 40 41 39 37 38 36 10 11 9 7 8 6 22 23 21 19 20 18 34 35 33 31 32 30
5 3 4 2 0 1 29 27 28 26 24 25 11 9 10 8 6 7 35 33 34 32 30 31 17 15 16 14 12 13 41 39 40 38 36 37 23 21 22 20 18 19
6 7 8 9 10 11 12 13 14 15 16 17 18 19 20 21 22 23 24 25 26 27 28 29 30 31 32 33 34 35 36 37 38 39 40 41 0 1 2 3 4 5
7 8 6 10 11 9 19 20 18 22 23 21 31 32 30 34 35 33 1 2 0 4 5 3 13 14 12 16 17 15 25 26 24 28 29 27 37 38 36 40 41 39
8 6 7 11 9 10 32 30 31 35 33 34 14 12 13 17 15 16 38 36 37 41 39 40 20 18 19 23 21 22 2 0 1 5 3 4 26 24 25 29 27 28
9 10 11 6 7 8 15 16 17 12 13 14 21 22 23 18 19 20 27 28 29 24 25 26 33 34 35 30 31 32 39 40 41 36 37 38 3 4 5 0 1 2
10 11 9 7 8 6 22 23 21 19 20 18 34 35 33 31 32 30 4 5 3 1 2 0 16 17 15 13 14 12 28 29 27 25 26 24 40 41 39 37 38 36
11 9 10 8 6 7 35 33 34 32 30 31 17 15 16 14 12 13 41 39 40 38 36 37 23 21 22 20 18 19 5 3 4 2 0 1 29 27 28 26 24 25
12 13 14 15 16 17 18 19 20 21 22 23 24 25 26 27 28 29 30 31 32 33 34 35 36 37 38 39 40 41 0 1 2 3 4 5 6 7 8 9 10 11
13 14 12 16 17 15 25 26 24 28 29 27 37 38 36 40 41 39 7 8 6 10 11 9 19 20 18 22 23 21 31 32 30 34 35 33 1 2 0 4 5 3
14 12 13 17 15 16 38 36 37 41 39 40 20 18 19 23 21 22 2 0 1 5 3 4 26 24 25 29 27 28 8 6 7 11 9 10 32 30 31 35 33 34
15 16 17 12 13 14 21 22 23 18 19 20 27 28 29 24 25 26 33 34 35 30 31 32 39 40 41 36 37 38 3 4 5 0 1 2 9 10 11 6 7 8
16 17 15 13 14 12 28 29 27 25 26 24 40 41 39 37 38 36 10 11 9 7 8 6 22 23 21 19 20 18 34 35 33 31 32 30 4 5 3 1 2 0
17 15 16 14 12 13 41 39 40 38 36 37 23 21 22 20 18 19 5 3 4 2 0 1 29 27 28 26 24 25 11 9 10 8 6 7 35 33 34 32 30 31
18 19 20 21 22 23 24 25 26 27 28 29 30 31 32 33 34 35 36 37 38 39 40 41 0 1 2 3 4 5 6 7 8 9 10 11 12 13 14 15 16 17
19 20 18 22 23 21 31 32 30 34 35 33 1 2 0 4 5 3 13 14 12 16 17 15 25 26 24 28 29 27 37 38 36 40 41 39 7 8 6 10 11 9
20 18 19 23 21 22 2 0 1 5 3 4 26 24 25 29 27 28 8 6 7 11 9 10 32 30 31 35 33 34 14 12 13 17 15 16 38 36 37 41 39 40
21 22 23 18 19 20 27 28 29 24 25 26 33 34 35 30 31 32 39 40 41 36 37 38 3 4 5 0 1 2 9 10 11 6 7 8 15 16 17 12 13 14
22 23 21 19 20 18 34 35 33 31 32 30 4 5 3 1 2 0 16 17 15 13 14 12 28 29 27 25 26 24 40 41 39 37 38 36 10 11 9 7 8 6
23 21 22 20 18 19 5 3 4 2 0 1 29 27 28 26 24 25 11 9 10 8 6 7 35 33 34 32 30 31 17 15 16 14 12 13 41 39 40 38 36 37
24 25 26 27 28 29 30 31 32 33 34 35 36 37 38 39 40 41 0 1 2 3 4 5 6 7 8 9 10 11 12 13 14 15 16 17 18 19 20 21 22 23
25 26 24 28 29 27 37 38 36 40 41 39 7 8 6 10 11 9 19 20 18 22 23 21 31 32 30 34 35 33 1 2 0 4 5 3 13 14 12 16 17 15
26 24 25 29 27 28 8 6 7 11 9 10 32 30 31 35 33 34 14 12 13 17 15 16 38 36 37 41 39 40 20 18 19 23 21 22 2 0 1 5 3 4
27 28 29 24 25 26 33 34 35 30 31 32 39 40 41 36 37 38 3 4 5 0 1 2 9 10 11 6 7 8 15 16 17 12 13 14 21 22 23 18 19 20
28 29 27 25 26 24 40 41 39 37 38 36 10 11 9 7 8 6 22 23 21 19 20 18 34 35 33 31 32 30 4 5 3 1 2 0 16 17 15 13 14 12
29 27 28 26 24 25 11 9 10 8 6 7 35 33 34 32 30 31 17 15 16 14 12 13 41 39 40 38 36 37 23 21 22 20 18 19 5 3 4 2 0 1
30 31 32 33 34 35 36 37 38 39 40 41 0 1 2 3 4 5 6 7 8 9 10 11 12 13 14 15 16 17 18 19 20 21 22 23 24 25 26 27 28 29
31 32 30 34 35 33 1 2 0 4 5 3 13 14 12 16 17 15 25 26 24 28 29 27 37 38 36 40 41 39 7 8 6 10 11 9 19 20 18 22 23 21
32 30 31 35 33 34 14 12 13 17 15 16 38 36 37 41 39 40 20 18 19 23 21 22 2 0 1 5 3 4 26 24 25 29 27 28 8 6 7 11 9 10
33 34 35 30 31 32 39 40 41 36 37 38 3 4 5 0 1 2 9 10 11 6 7 8 15 16 17 12 13 14 21 22 23 18 19 20 27 28 29 24 25 26
34 35 33 31 32 30 4 5 3 1 2 0 16 17 15 13 14 12 28 29 27 25 26 24 40 41 39 37 38 36 10 11 9 7 8 6 22 23 21 19 20 18
35 33 34 32 30 31 17 15 16 14 12 13 41 39 40 38 36 37 23 21 22 20 18 19 5 3 4 2 0 1 29 27 28 26 24 25 11 9 10 8 6 7
36 37 38 39 40 41 0 1 2 3 4 5 6 7 8 9 10 11 12 13 14 15 16 17 18 19 20 21 22 23 24 25 26 27 28 29 30 31 32 33 34 35
37 38 36 40 41 39 7 8 6 10 11 9 19 20 18 22 23 21 31 32 30 34 35 33 1 2 0 4 5 3 13 14 12 16 17 15 25 26 24 28 29 27
38 36 37 41 39 40 20 18 19 23 21 22 2 0 1 5 3 4 26 24 25 29 27 28 8 6 7 11 9 10 32 30 31 35 33 34 14 12 13 17 15 16
39 40 41 36 37 38 3 4 5 0 1 2 9 10 11 6 7 8 15 16 17 12 13 14 21 22 23 18 19 20 27 28 29 24 25 26 33 34 35 30 31 32
40 41 39 37 38 36 10 11 9 7 8 6 22 23 21 19 20 18 34 35 33 31 32 30 4 5 3 1 2 0 16 17 15 13 14 12 28 29 27 25 26 24
41 39 40 38 36 37 23 21 22 20 18 19 5 3 4 2 0 1 29 27 28 26 24 25 11 9 10 8 6 7 35 33 34 32 30 31 17 15 16 14 12 13
Z7:Z2xZ3
0 1 2 3 4 5 6 7 8 9 10 11 12 13 14 15 16 17 18 19 20 21 22 23 24 25 26 27 28 29 30 31 32 33 34 35 36 37 38 39 40 41
1 2 0 4 5 3 25 26 24 28 29 27 7 8 6 10 11 9 31 32 30 34 35 33 13 14 12 16 17 15 37 38 36 40 41 39 19 20 18 22 23 21
2 0 1 5 3 4 14 12 13 17 15 16 26 24 25 29 27 28 38 36 37 41 39 40 8 6 7 11 9 10 20 18 19 23 21 22 32 30 31 35 33 34
3 4 5 0 1 2 39 40 41 36 37 38 33 34 35 30 31 32 27 28 29 24 25 26 21 22 23 18 19 20 15 16 17 12 13 14 9 10 11 6 7 8
4 5 3 1 2 0 22 23 21 19 20 18 40 41 39 37 38 36 16 17 15 13 14 12 34 35 33 31 32 30 10 11 9 7 8 6 28 29 27 25 26 24
5 3 4 2 0 1 35 33 34 32 30 31 23 21 22 20 18 19 11 9 10 8 6 7 41 39 40 38 36 37 29 27 28 26 24 25 17 15 16 14 12 13
6 7 8 9 10 11 12 13 14 15 16 17 18 19 20 21 22 23 24 25 26 27 28 29 30 31 32 33 34 35 36 37 38 39 40 41 0 1 2 3 4 5
7 8 6 10 11 9 31 32 30 34 35 33 13 14 12 16 17 15 37 38 36 40 41 39 19 20 18 22 23 21 1 2 0 4 5 3 25 26 24 28 29 27
8 6 7 11 9 10 20 18 19 23 21 22 32 30 31 35 33 34 2 0 1 5 3 4 14 12 13 17 15 16 26 24 25 29 27 28 38 36 37 41 39 40
9 10 11 6 7 8 3 4 5 0 1 2 39 40 41 36 37 38 33 34 35 30 31 32 27 28 29 24 25 26 21 22 23 18 19 20 15 16 17 12 13 14
10 11 9 7 8 6 28 29 27 25 26 24 4 5 3 1 2 0 22 23 21 19 20 18 40 41 39 37 38 36 16 17 15 13 14 12 34 35 33 31 32 30
11 9 10 8 6 7 41 39 40 38 36 37 29 27 28 26 24 25 17 15 16 14 12 13 5 3 4 2 0 1 35 33 34 32 30 31 23 21 22 20 18 19
12 13 14 15 16 17 18 19 20 21 22 23 24 25 26 27 28 29 30 31 32 33 34 35 36 37 38 39 40 41 0 1 2 3 4 5 6 7 8 9 10 11
13 14 12 16 17 15 37 38 36 40 41 39 19 20 18 22 23 21 1 2 0 4 5 3 25 26 24 28 29 27 7 8 6 10 11 9 31 32 30 34 35 33
14 12 13 17 15 16 26 24 25 29 27 28 38 36 37 41 39 40 8 6 7 11 9 10 20 18 19 23 21 22 32 30 31 35 33 34 2 0 1 5 3 4
15 16 17 12 13 14 9 10 11 6 7 8 3 4 5 0 1 2 39 40 41 36 37 38 33 34 35 30 31 32 27 28 29 24 25 26 21 22 23 18 19 20
16 17 15 13 14 12 34 35 33 31 32 30 10 11 9 7 8 6 28 29 27 25 26 24 4 5 3 1 2 0 22 23 21 19 20 18 40 41 39 37 38 36
17 15 16 14 12 13 5 3 4 2 0 1 35 33 34 32 30 31 23 21 22 20 18 19 11 9 10 8 6 7 41 39 40 38 36 37 29 27 28 26 24 25
18 19 20 21 22 23 24 25 26 27 28 29 30 31 32 33 34 35 36 37 38 39 40 41 0 1 2 3 4 5 6 7 8 9 10 11 12 13 14 15 16 17
19 20 18 22 23 21 1 2 0 4 5 3 25 26 24 28 29 27 7 8 6 10 11 9 31 32 30 34 35 33 13 14 12 16 17 15 37 38 36 40 41 39
20 18 19 23 21 22 32 30 31 35 33 34 2 0 1 5 3 4 14 12 13 17 15 16 26 24 25 29 27 28 38 36 37 41 39 40 8 6 7 11 9 10
21 22 23 18 19 20 15 16 17 12 13 14 9 10 11 6 7 8 3 4 5 0 1 2 39 40 41 36 37 38 33 34 35 30 31 32 27 28 29 24 25 26
22 23 21 19 20 18 40 41 39 37 38 36 16 17 15 13 14 12 34 35 33 31 32 30 10 11 9 7 8 6 28 29 27 25 26 24 4 5 3 1 2 0
23 21 22 20 18 19 11 9 10 8 6 7 41 39 40 38 36 37 29 27 28 26 24 25 17 15 16 14 12 13 5 3 4 2 0 1 35 33 34 32 30 31
24 25 26 27 28 29 30 31 32 33 34 35 36 37 38 39 40 41 0 1 2 3 4 5 6 7 8 9 10 11 12 13 14 15 16 17 18 19 20 21 22 23
25 26 24 28 29 27 7 8 6 10 11 9 31 32 30 34 35 33 13 14 12 16 17 15 37 38 36 40 41 39 19 20 18 22 23 21 1 2 0 4 5 3
26 24 25 29 27 28 38 36 37 41 39 40 8 6 7 11 9 10 20 18 19 23 21 22 32 30 31 35 33 34 2 0 1 5 3 4 14 12 13 17 15 16
27 28 29 24 25 26 21 22 23 18 19 20 15 16 17 12 13 14 9 10 11 6 7 8 3 4 5 0 1 2 39 40 41 36 37 38 33 34 35 30 31 32
28 29 27 25 26 24 4 5 3 1 2 0 22 23 21 19 20 18 40 41 39 37 38 36 16 17 15 13 14 12 34 35 33 31 32 30 10 11 9 7 8 6
29 27 28 26 24 25 17 15 16 14 12 13 5 3 4 2 0 1 35 33 34 32 30 31 23 21 22 20 18 19 11 9 10 8 6 7 41 39 40 38 36 37
30 31 32 33 34 35 36 37 38 39 40 41 0 1 2 3 4 5 6 7 8 9 10 11 12 13 14 15 16 17 18 19 20 21 22 23 24 25 26 27 28 29
31 32 30 34 35 33 13 14 12 16 17 15 37 38 36 40 41 39 19 20 18 22 23 21 1 2 0 4 5 3 25 26 24 28 29 27 7 8 6 10 11 9
32 30 31 35 33 34 2 0 1 5 3 4 14 12 13 17 15 16 26 24 25 29 27 28 38 36 37 41 39 40 8 6 7 11 9 10 20 18 19 23 21 22
33 34 35 30 31 32 27 28 29 24 25 26 21 22 23 18 19 20 15 16 17 12 13 14 9 10 11 6 7 8 3 4 5 0 1 2 39 40 41 36 37 38
34 35 33 31 32 30 10 11 9 7 8 6 28 29 27 25 26 24 4 5 3 1 2 0 22 23 21 19 20 18 40 41 39 37 38 36 16 17 15 13 14 12
35 33 34 32 30 31 23 21 22 20 18 19 11 9 10 8 6 7 41 39 40 38 36 37 29 27 28 26 24 25 17 15 16 14 12 13 5 3 4 2 0 1
36 37 38 39 40 41 0 1 2 3 4 5 6 7 8 9 10 11 12 13 14 15 16 17 18 19 20 21 22 23 24 25 26 27 28 29 30 31 32 33 34 35
37 38 36 40 41 39 19 20 18 22 23 21 1 2 0 4 5 3 25 26 24 28 29 27 7 8 6 10 11 9 31 32 30 34 35 33 13 14 12 16 17 15
38 36 37 41 39 40 8 6 7 11 9 10 20 18 19 23 21 22 32 30 31 35 33 34 2 0 1 5 3 4 14 12 13 17 15 16 26 24 25 29 27 28
39 40 41 36 37 38 33 34 35 30 31 32 27 28 29 24 25 26 21 22 23 18 19 20 15 16 17 12 13 14 9 10 11 6 7 8 3 4 5 0 1 2
40 41 39 37 38 36 16 17 15 13 14 12 34 35 33 31 32 30 10 11 9 7 8 6 28 29 27 25 26 24 4 5 3 1 2 0 22 23 21 19 20 18
41 39 40 38 36 37 29 27 28 26 24 25 17 15 16 14 12 13 5 3 4 2 0 1 35 33 34 32 30 31 23 21 22 20 18 19 11 9 10 8 6 7
