14 40
Z8xZ5
0 1 2 3 4 5 6 7 8 9 10 11 12 13 14 15 16 17 18 19 20 21 22 23 24 25 26 27 28 29 30 31 32 33 34 35 36 37 38 39
1 2 3 4 0 6 7 8 9 5 11 12 13 14 10 16 17 18 19 15 21 22 23 24 20 26 27 28 29 25 31 32 33 34 30 36 37 38 39 35
2 3 4 0 1 7 8 9 5 6 12 13 14 10 11 17 18 19 15 16 22 23 24 20 21 27 28 29 25 26 32 33 34 30 31 37 38 39 35 36
3 4 0 1 2 8 9 5 6 7 13 14 10 11 12 18 19 15 16 17 23 24 20 21 22 28 29 25 26 27 33 34 30 31 32 38 39 35 36 37
4 0 1 2 3 9 5 6 7 8 14 10 11 12 13 19 15 16 17 18 24 20 21 22 23 29 25 26 27 28 34 30 31 32 33 39 35 36 37 38
5 6 7 8 9 10 11 12 13 14 15 16 17 18 19 20 21 22 23 24 25 26 27 28 29 30 31 32 33 34 35 36 37 38 39 0 1 2 3 4
6 7 8 9 5 11 12 13 14 10 16 17 18 19 15 21 22 23 24 20 26 27 28 29 25 31 32 33 34 30 36 37 38 39 35 1 2 3 4 0
7 8 9 5 6 12 13 14 10 11 17 18 19 15 16 22 23 24 20 21 27 28 29 25 26 32 33 34 30 31 37 38 39 35 36 2 3 4 0 1
8 9 5 6 7 13 14 10 11 12 18 19 15 16 17 23 24 20 21 22 28 29 25 26 27 33 34 30 31 32 38 39 35 36 37 3 4 0 1 2
9 5 6 7 8 14 10 11 12 13 19 15 16 17 18 24 20 21 22 23 29 25 26 27 28 34 30 31 32 33 39 35 36 37 38 4 0 1 2 3
10 11 12 13 14 15 16 17 18 19 20 21 22 23 24 25 26 27 28 29 30 31 32 33 34 35 36 37 38 39 0 1 2 3 4 5 6 7 8 9
11 12 13 14 10 16 17 18 19 15 21 22 23 24 20 26 27 28 29 25 31 32 33 34 30 36 37 38 39 35 1 2 3 4 0 6 7 8 9 5
12 13 14 10 11 17 18 19 15 16 22 23 24 20 21 27 28 29 25 26 32 33 34 30 31 37 38 39 35 36 2 3 4 0 1 7 8 9 5 6
13 14 10 11 12 18 19 15 16 17 23 24 20 21 22 28 29 25 26 27 33 34 30 31 32 38 39 35 36 37 3 4 0 1 2 8 9 5 6 7
14 10 11 12 13 19 15 16 17 18 24 20 21 22 23 29 25 26 27 28 34 30 31 32 33 39 35 36 37 38 4 0 1 2 3 9 5 6 7 8
15 16 17 18 19 20 21 22 23 24 25 26 27 28 29 30 31 32 33 34 35 36 37 38 39 0 1 2 3 4 5 6 7 8 9 10 11 12 13 14
16 17 18 19 15 21 22 23 24 20 26 27 28 29 25 31 32 33 34 30 36 37 38 39 35 1 2 3 4 0 6 7 8 9 5 11 12 13 14 10
17 18 19 15 16 22 23 24 20 21 27 28 29 25 26 32 33 34 30 31 37 38 39 35 36 2 3 4 0 1 7 8 9 5 6 12 13 14 10 11
18 19 15 16 17 23 24 20 21 22 28 29 25 26 27 33 34 30 31 32 38 39 35 36 37 3 4 0 1 2 8 9 5 6 7 13 14 10 11 12
19 15 16 17 18 24 20 21 22 23 29 25 26 27 28 34 30 31 32 33 39 35 36 37 38 4 0 1 2 3 9 5 6 7 8 14 10 11 12 13
20 21 22 23 24 25 26 27 28 29 30 31 32 33 34 35 36 37 38 39 0 1 2 3 4 5 6 7 8 9 10 11 12 13 14 15 16 17 18 19
21 22 23 24 20 26 27 28 29 25 31 32 33 34 30 36 37 38 39 35 1 2 3 4 0 6 7 8 9 5 11 12 13 14 10 16 17 18 19 15
22 23 24 20 21 27 28 29 25 26 32 33 34 30 31 37 38 39 35 36 2 3 4 0 1 7 8 9 5 6 12 13 14 10 11 17 18 19 15 16
23 24 20 21 22 28 29 25 26 27 33 34 30 31 32 38 39 35 36 37 3 4 0 1 2 8 9 5 6 7 13 14 10 11 12 18 19 15 16 17
24 20 21 22 23 29 25 26 27 28 34 30 31 32 33 39 35 36 37 38 4 0 1 2 3 9 5 6 7 8 14 10 11 12 13 19 15 16 17 18
25 26 27 28 29 30 31 32 33 34 35 36 37 38 39 0 1 2 3 4 5 6 7 8 9 10 11 12 13 14 15 16 17 18 19 20 21 22 23 24
26 27 28 29 25 31 32 33 34 30 36 37 38 39 35 1 2 3 4 0 6 7 8 9 5 11 12 13 14 10 16 17 18 19 15 21 22 23 24 20
27 28 29 25 26 32 33 34 30 31 37 38 39 35 36 2 3 4 0 1 7 8 9 5 6 12 13 14 10 11 17 18 19 15 16 22 23 24 20 21
28 29 25 26 27 33 34 30 31 32 38 39 35 36 37 3 4 0 1 2 8 9 5 6 7 13 14 10 11 12 18 19 15 16 17 23 24 20 21 22
29 25 26 27 28 34 30 31 32 33 39 35 36 37 38 4 0 1 2 3 9 5 6 7 8 14 10 11 12 13 19 15 16 17 18 24 20 21 22 23
30 31 32 33 34 35 36 37 38 39 0 1 2 3 4 5 6 7 8 9 10 11 12 13 14 15 16 17 18 19 20 21 22 23 24 25 26 27 28 29
31 32 33 34 30 36 37 38 39 35 1 2 3 4 0 6 7 8 9 5 11 12 13 14 10 16 17 18 19 15 21 22 23 24 20 26 27 28 29 25
32 33 34 30 31 37 38 39 35 36 2 3 4 0 1 7 8 9 5 6 12 13 14 10 11 17 18 19 15 16 22 23 24 20 21 27 28 29 25 26
33 34 30 31 32 38 39 35 36 37 3 4 0 1 2 8 9 5 6 7 13 14 10 11 12 18 19 15 16 17 23 24 20 21 22 28 29 25 26 27
34 30 31 32 33 39 35 36 37 38 4 0 1 2 3 9 5 6 7 8 14 10 11 12 13 19 15 16 17 18 24 20 21 22 23 29 25 26 27 28
35 36 37 38 39 0 1 2 3 4 5 6 7 8 9 10 11 12 13 14 15 16 17 18 19 20 21 22 23 24 25 26 27 28 29 30 31 32 33 34
36 37 38 39 35 1 2 3 4 0 6 7 8 9 5 11 12 13 14 10 16 17 18 19 15 21 22 23 24 20 26 27 28 29 25 31 32 33 34 30
37 38 39 35 36 2 3 4 0 1 7 8 9 5 6 12 13 14 10 11 17 18 19 15 16 22 23 24 20 21 27 28 29 25 26 32 33 34 30 31
38 39 35 36 37 3 4 0 1 2 8 9 5 6 7 13 14 10 11 12 18 19 15 16 17 23 24 20 21 22 28 29 25 26 27 33 34 30 31 32
39 35 36 37 38 4 0 1 2 3 9 5 6 7 8 14 10 11 12 13 19 15 16 17 18 24 20 21 22 23 29 25 26 27 28 34 30 31 32 33
Z4xZ2xZ5
0 1 2 3 4 5 6 7 8 9 10 11 12 13 14 15 16 17 18 19 20 21 22 23 24 25 26 27 28 29 30 31 32 33 34 35 36 37 38 39
1 2 3 4 0 6 7 8 9 5 11 12 13 14 10 16 17 18 19 15 21 22 23 24 20 26 27 28 29 25 31 32 33 34 30 36 37 38 39 35
2 3 4 0 1 7 8 9 5 6 12 13 14 10 11 17 18 19 15 16 22 23 24 20 21 27 28 29 25 26 32 33 34 30 31 37 38 39 35 36
3 4 0 1 2 8 9 5 6 7 13 14 10 11 12 18 19 15 16 17 23 24 20 21 22 28 29 25 26 27 33 34 30 31 32 38 39 35 36 37
4 0 1 2 3 9 5 6 7 8 14 10 11 12 13 19 15 16 17 18 24 20 21 22 23 29 25 26 27 28 34 30 31 32 33 39 35 36 37 38
5 6 7 8 9 0 1 2 3 4 15 16 17 18 19 10 11 12 13 14 25 26 27 28 29 20 21 22 23 24 35 36 37 38 39 30 31 32 33 34
6 7 8 9 5 1 2 3 4 0 16 17 18 19 15 11 12 13 14 10 26 27 28 29 25 21 22 23 24 20 36 37 38 39 35 31 32 33 34 30
7 8 9 5 6 2 3 4 0 1 17 18 19 15 16 12 13 14 10 11 27 28 29 25 26 22 23 24 20 21 37 38 39 35 36 32 33 34 30 31
8 9 5 6 7 3 4 0 1 2 18 19 15 16 17 13 14 10 11 12 28 29 25 26 27 23 24 20 21 22 38 39 35 36 37 33 34 30 31 32
9 5 6 7 8 4 0 1 2 3 19 15 16 17 18 14 10 11 12 13 29 25 26 27 28 24 20 21 22 23 39 35 36 37 38 34 30 31 32 33
10 11 12 13 14 15 16 17 18 19 20 21 22 23 24 25 26 27 28 29 30 31 32 33 34 35 36 37 38 39 0 1 2 3 4 5 6 7 8 9
11 12 13 14 10 16 17 18 19 15 21 22 23 24 20 26 27 28 29 25 31 32 33 34 30 36 37 38 39 35 1 2 3 4 0 6 7 8 9 5
12 13 14 10 11 17 18 19 15 16 22 23 24 20 21 27 28 29 25 26 32 33 34 30 31 37 38 39 35 36 2 3 4 0 1 7 8 9 5 6
13 14 10 11 12 18 19 15 16 17 23 24 20 21 22 28 29 25 26 27 33 34 30 31 32 38 39 35 36 37 3 4 0 1 2 8 9 5 6 7
14 10 11 12 13 19 15 16 17 18 24 20 21 22 23 29 25 26 27 28 34 30 31 32 33 39 35 36 37 38 4 0 1 2 3 9 5 6 7 8
15 16 17 18 19 10 11 12 13 14 25 26 27 28 29 20 21 22 23 24 35 36 37 38 39 30 31 32 33 34 5 6 7 8 9 0 1 2 3 4
16 17 18 19 15 11 12 13 14 10 26 27 28 29 25 21 22 23 24 20 36 37 38 39 35 31 32 33 34 30 6 7 8 9 5 1 2 3 4 0
17 18 19 15 16 12 13 14 10 11 27 28 29 25 26 22 23 24 20 21 37 38 39 35 36 32 33 34 30 31 7 8 9 5 6 2 3 4 0 1
18 19 15 16 17 13 14 10 11 12 28 29 25 26 27 23 24 20 21 22 38 39 35 36 37 33 34 30 31 32 8 9 5 6 7 3 4 0 1 2
19 15 16 17 18 14 10 11 12 13 29 25 26 27 28 24 20 21 22 23 39 35 36 37 38 34 30 31 32 33 9 5 6 7 8 4 0 1 2 3
20 21 22 23 24 25 26 27 28 29 30 31 32 33 34 35 36 37 38 39 0 1 2 3 4 5 6 7 8 9 10 11 12 13 14 15 16 17 18 19
21 22 23 24 20 26 27 28 29 25 31 32 33 34 30 36 37 38 39 35 1 2 3 4 0 6 7 8 9 5 11 12 13 14 10 16 17 18 19 15
22 23 24 20 21 27 28 29 25 26 32 33 34 30 31 37 38 39 35 36 2 3 4 0 1 7 8 9 5 6 12 13 14 10 11 17 18 19 15 16
23 24 20 21 22 28 29 25 26 27 33 34 30 31 32 38 39 35 36 37 3 4 0 1 2 8 9 5 6 7 13 14 10 11 12 18 19 15 16 17
24 20 21 22 23 29 25 26 27 28 34 30 31 32 33 39 35 36 37 38 4 0 1 2 3 9 5 6 7 8 14 10 11 12 13 19 15 16 17 18
25 26 27 28 29 20 21 22 23 24 35 36 37 38 39 30 31 32 33 34 5 6 7 8 9 0 1 2 3 4 15 16 17 18 19 10 11 12 13 14
26 27 28 29 25 21 22 23 24 20 36 37 38 39 35 31 32 33 34 30 6 7 8 9 5 1 2 3 4 0 16 17 18 19 15 11 12 13 14 10
27 28 29 25 26 22 23 24 20 21 37 38 39 35 36 32 33 34 30 31 7 8 9 5 6 2 3 4 0 1 17 18 19 15 16 12 13 14 10 11
28 29 25 26 27 23 24 20 21 22 38 39 35 36 37 33 34 30 31 32 8 9 5 6 7 3 4 0 1 2 18 19 15 16 17 13 14 10 11 12
29 25 26 27 28 24 20 21 22 23 39 35 36 37 38 34 30 31 32 33 9 5 6 7 8 4 0 1 2 3 19 15 16 17 18 14 10 11 12 13
30 31 32 33 34 35 36 37 38 39 0 1 2 3 4 5 6 7 8 9 10 11 12 13 14 15 16 17 18 19 20 21 22 23 24 25 26 27 28 29
31 32 33 34 30 36 37 38 39 35 1 2 3 4 0 6 7 8 9 5 11 12 13 14 10 16 17 18 19 15 21 22 23 24 20 26 27 28 29 25
32 33 34 30 31 37 38 39 35 36 2 3 4 0 1 7 8 9 5 6 12 13 14 10 11 17 18 19 15 16 22 23 24 20 21 27 28 29 25 26
33 34 30 31 32 38 39 35 36 37 3 4 0 1 2 8 9 5 6 7 13 14 10 11 12 18 19 15 16 17 23 24 20 21 22 28 29 25 26 27
34 30 31 32 33 39 35 36 37 38 4 0 1 2 3 9 5 6 7 8 14 10 11 12 13 19 15 16 17 18 24 20 21 22 23 29 25 26 27 28
35 36 37 38 39 30 31 32 33 34 5 6 7 8 9 0 1 2 3 4 15 16 17 18 19 10 11 12 13 14 25 26 27 28 29 20 21 22 23 24
36 37 38 39 35 31 32 33 34 30 6 7 8 9 5 1 2 3 4 0 16 17 18 19 15 11 12 13 14 10 26 27 28 29 25 21 22 23 24 20
37 38 39 35 36 32 33 34 30 31 7 8 9 5 6 2 3 4 0 1 17 18 19 15 16 12 13 14 10 11 27 28 29 25 26 22 23 24 20 21
38 39 35 36 37 33 34 30 31 32 8 9 5 6 7 3 4 0 1 2 18 19 15 16 17 13 14 10 11 12 28 29 25 26 27 23 24 20 21 22
39 35 36 37 38 34 30 31 32 33 9 5 6 7 8 4 0 1 2 3 19 15 16 17 18 14 10 11 12 13 29 25 26 27 28 24 20 21 22 23
Z2xZ2xZ2xZ5
0 1 2 3 4 5 6 7 8 9 10 11 12 13 14 15 16 17 18 19 20 21 22 23 24 25 26 27 28 29 30 31 32 33 34 35 36 37 38 39
1 2 3 4 0 6 7 8 9 5 11 12 13 14 10 16 17 18 19 15 21 22 23 24 20 26 27 28 29 25 31 32 33 34 30 36 37 38 39 35
2 3 4 0 1 7 8 9 5 6 12 13 14 10 11 17 18 19 15 16 22 23 24 20 21 27 28 29 25 26 32 33 34 30 31 37 38 39 35 36
3 4 0 1 2 8 9 5 6 7 13 14 10 11 12 18 19 15 16 17 23 24 20 21 22 28 29 25 26 27 33 34 30 31 32 38 39 35 36 37
4 0 1 2 3 9 5 6 7 8 14 10 11 12 13 19 15 16 17 18 24 20 21 22 23 29 25 26 27 28 34 30 31 32 33 39 35 36 37 38
5 6 7 8 9 0 1 2 3 4 15 16 17 18 19 10 11 12 13 14 25 26 27 28 29 20 21 22 23 24 35 36 37 38 39 30 31 32 33 34
6 7 8 9 5 1 2 3 4 0 16 17 18 19 15 11 12 13 14 10 26 27 28 29 25 21 22 23 24 20 36 37 38 39 35 31 32 33 34 30
7 8 9 5 6 2 3 4 0 1 17 18 19 15 16 12 13 14 10 11 27 28 29 25 26 22 23 24 20 21 37 38 39 35 36 32 33 34 30 31
8 9 5 6 7 3 4 0 1 2 18 19 15 16 17 13 14 10 11 12 28 29 25 26 27 23 24 20 21 22 38 39 35 36 37 33 34 30 31 32
9 5 6 7 8 4 0 1 2 3 19 15 16 17 18 14 10 11 12 13 29 25 26 27 28 24 20 21 22 23 39 35 36 37 38 34 30 31 32 33
10 11 12 13 14 15 16 17 18 19 0 1 2 3 4 5 6 7 8 9 30 31 32 33 34 35 36 37 38 39 20 21 22 23 24 25 26 27 28 29
11 12 13 14 10 16 17 18 19 15 1 2 3 4 0 6 7 8 9 5 31 32 33 34 30 36 37 38 39 35 21 22 23 24 20 26 27 28 29 25
12 13 14 10 11 17 18 19 15 16 2 3 4 0 1 7 8 9 5 6 32 33 34 30 31 37 38 39 35 36 22 23 24 20 21 27 28 29 25 26
13 14 10 11 12 18 19 15 16 17 3 4 0 1 2 8 9 5 6 7 33 34 30 31 32 38 39 35 36 37 23 24 20 21 22 28 29 25 26 27
14 10 11 12 13 19 15 16 17 18 4 0 1 2 3 9 5 6 7 8 34 30 31 32 33 39 35 36 37 38 24 20 21 22 23 29 25 26 27 28
15 16 17 18 19 10 11 12 13 14 5 6 7 8 9 0 1 2 3 4 35 36 37 38 39 30 31 32 33 34 25 26 27 28 29 20 21 22 23 24
16 17 18 19 15 11 12 13 14 10 6 7 8 9 5 1 2 3 4 0 36 37 38 39 35 31 32 33 34 30 26 27 28 29 25 21 22 23 24 20
17 18 19 15 16 12 13 14 10 11 7 8 9 5 6 2 3 4 0 1 37 38 39 35 36 32 33 34 30 31 27 28 29 25 26 22 23 24 20 21
18 19 15 16 17 13 14 10 11 12 8 9 5 6 7 3 4 0 1 2 38 39 35 36 37 33 34 30 31 32 28 29 25 26 27 23 24 20 21 22
19 15 16 17 18 14 10 11 12 13 9 5 6 7 8 4 0 1 2 3 39 35 36 37 38 34 30 31 32 33 29 25 26 27 28 24 20 21 22 23
20 21 22 23 24 25 26 27 28 29 30 31 32 33 34 35 36 37 38 39 0 1 2 3 4 5 6 7 8 9 10 11 12 13 14 15 16 17 18 19
21 22 23 24 20 26 27 28 29 25 31 32 33 34 30 36 37 38 39 35 1 2 3 4 0 6 7 8 9 5 11 12 13 14 10 16 17 18 19 15
22 23 24 20 21 27 28 29 25 26 32 33 34 30 31 37 38 39 35 36 2 3 4 0 1 7 8 9 5 6 12 13 14 10 11 17 18 19 15 16
23 24 20 21 22 28 29 25 26 27 33 34 30 31 32 38 39 35 36 37 3 4 0 1 2 8 9 5 6 7 13 14 10 11 12 18 19 15 16 17
24 20 21 22 23 29 25 26 27 28 34 30 31 32 33 39 35 36 37 38 4 0 1 2 3 9 5 6 7 8 14 10 11 12 13 19 15 16 17 18
25 26 27 28 29 20 21 22 23 24 35 36 37 38 39 30 31 32 33 34 5 6 7 8 9 0 1 2 3 4 15 16 17 18 19 10 11 12 13 14
26 27 28 29 25 21 22 23 24 20 36 37 38 39 35 31 32 33 34 30 6 7 8 9 5 1 2 3 4 0 16 17 18 19 15 11 12 13 14 10
27 28 29 25 26 22 23 24 20 21 37 38 39 35 36 32 33 34 30 31 7 8 9 5 6 2 3 4 0 1 17 18 19 15 16 12 13 14 10 11
28 29 25 26 27 23 24 20 21 22 38 39 35 36 37 33 34 30 31 32 8 9 5 6 7 3 4 0 1 2 18 19 15 16 17 13 14 10 11 12
29 25 26 27 28 24 20 21 22 23 39 35 36 37 38 34 30 31 32 33 9 5 6 7 8 4 0 1 2 3 19 15 16 17 18 14 10 11 12 13
30 31 32 33 34 35 36 37 38 39 20 21 22 23 24 25 26 27 28 29 10 11 12 13 14 15 16 17 18 19 0 1 2 3 4 5 6 7 8 9
31 32 33 34 30 36 37 38 39 35 21 22 23 24 20 26 27 28 29 25 11 12 13 14 10 16 17 18 19 15 1 2 3 4 0 6 7 8 9 5
32 33 34 30 31 37 38 39 35 36 22 23 24 20 21 27 28 29 25 26 12 13 14 10 11 17 18 19 15 16 2 3 4 0 1 7 8 9 5 6
33 34 30 31 32 38 39 35 36 37 23 24 20 21 22 28 29 25 26 27 13 14 10 11 12 18 19 15 16 17 3 4 0 1 2 8 9 5 6 7
34 30 31 32 33 39 35 36 37 38 24 20 21 22 23 29 25 26 27 28 14 10 11 12 13 19 15 16 17 18 4 0 1 2 3 9 5 6 7 8
35 36 37 38 39 30 31 32 33 34 25 26 27 28 29 20 21 22 23 24 15 16 17 18 19 10 11 12 13 14 5 6 7 8 9 0 1 2 3 4
36 37 38 39 35 31 32 33 34 30 26 27 28 29 25 21 22 23 24 20 16 17 18 19 15 11 12 13 14 10 6 7 8 9 5 1 2 3 4 0
37 38 39 35 36 32 33 34 30 31 27 28 29 25 26 22 23 24 20 21 17 18 19 15 16 12 13 14 10 11 7 8 9 5 6 2 3 4 0 1
38 39 35 36 37 33 34 30 31 32 28 29 25 26 27 23 24 20 21 22 18 19 15 16 17 13 14 10 11 12 8 9 5 6 7 3 4 0 1 2
39 35 36 37 38 34 30 31 32 33 29 25 26 27 28 24 20 21 22 23 19 15 16 17 18 14 10 11 12 13 9 5 6 7 8 4 0 1 2 3
D40
0 1 2 3 4 5 6 7 8 9 10 11 12 13 14 15 16 17 18 19 20 21 22 23 24 25 26 27 28 29 30 31 32 33 34 35 36 37 38 39
1 0 39 38 37 36 35 34 33 32 31 30 29 28 27 26 25 24 23 22 21 20 19 18 17 16 15 14 13 12 11 10 9 8 7 6 5 4 3 2
2 3 4 5 6 7 8 9 10 11 12 13 14 15 16 17 18 19 20 21 22 23 24 25 26 27 28 29 30 31 32 33 34 35 36 37 38 39 0 1
3 2 1 0 39 38 37 36 35 34 33 32 31 30 29 28 27 26 25 24 23 22 21 20 19 18 17 16 15 14 13 12 11 10 9 8 7 6 5 4
4 5 6 7 8 9 10 11 12 13 14 15 16 17 18 19 20 21 22 23 24 25 26 27 28 29 30 31 32 33 34 35 36 37 38 39 0 1 2 3
5 4 3 2 1 0 39 38 37 36 35 34 33 32 31 30 29 28 27 26 25 24 23 22 21 20 19 18 17 16 15 14 13 12 11 10 9 8 7 6
6 7 8 9 10 11 12 13 14 15 16 17 18 19 20 21 22 23 24 25 26 27 28 29 30 31 32 33 34 35 36 37 38 39 0 1 2 3 4 5
7 6 5 4 3 2 1 0 39 38 37 36 35 34 33 32 31 30 29 28 27 26 25 24 23 22 21 20 19 18 17 16 15 14 13 12 11 10 9 8
8 9 10 11 12 13 14 15 16 17 18 19 20 21 22 23 24 25 26 27 28 29 30 31 32 33 34 35 36 37 38 39 0 1 2 3 4 5 6 7
9 8 7 6 5 4 3 2 1 0 39 38 37 36 35 34 33 32 31 30 29 28 27 26 25 24 23 22 21 20 19 18 17 16 15 14 13 12 11 10
10 11 12 13 14 15 16 17 18 19 20 21 22 23 24 25 26 27 28 29 30 31 32 33 34 35 36 37 38 39 0 1 2 3 4 5 6 7 8 9
11 10 9 8 7 6 5 4 3 2 1 0 39 38 37 36 35 34 33 32 31 30 29 28 27 26 25 24 23 22 21 20 19 18 17 16 15 14 13 12
12 13 14 15 16 17 18 19 20 21 22 23 24 25 26 27 28 29 30 31 32 33 34 35 36 37 38 39 0 1 2 3 4 5 6 7 8 9 10 11
13 12 11 10 9 8 7 6 5 4 3 2 1 0 39 38 37 36 35 34 33 32 31 30 29 28 27 26 25 24 23 22 21 20 19 18 17 16 15 14
14 15 16 17 18 19 20 21 22 23 24 25 26 27 28 29 30 31 32 33 34 35 36 37 38 39 0 1 2 3 4 5 6 7 8 9 10 11 12 13
15 14 13 12 11 10 9 8 7 6 5 4 3 2 1 0 39 38 37 36 35 34 33 32 31 30 29 28 27 26 25 24 23 22 21 20 19 18 17 16
16 17 18 19 20 21 22 23 24 25 26 27 28 29 30 31 32 33 34 35 36 37 38 39 0 1 2 3 4 5 6 7 8 9 10 11 12 13 14 15
17 16 15 14 13 12 11 10 9 8 7 6 5 4 3 2 1 0 39 38 37 36 35 34 33 32 31 30 29 28 27 26 25 24 23 22 21 20 19 18
18 19 20 21 22 23 24 25 26 27 28 29 30 31 32 33 34 35 36 37 38 39 0 1 2 3 4 5 6 7 8 9 10 11 12 13 14 15 16 17
19 18 17 16 15 14 13 12 11 10 9 8 7 6 5 4 3 2 1 0 39 38 37 36 35 34 33 32 31 30 29 28 27 26 25 24 23 22 21 20
20 21 22 23 24 25 26 27 28 29 30 31 32 33 34 35 36 37 38 39 0 1 2 3 4 5 6 7 8 9 10 11 12 13 14 15 16 17 18 19
21 20 19 18 17 16 15 14 13 12 11 10 9 8 7 6 5 4 3 2 1 0 39 38 37 36 35 34 33 32 31 30 29 28 27 26 25 24 23 22
22 23 24 25 26 27 28 29 30 31 32 33 34 35 36 37 38 39 0 1 2 3 4 5 6 7 8 9 10 11 12 13 14 15 16 17 18 19 20 21
23 22 21 20 19 18 17 16 15 14 13 12 11 10 9 8 7 6 5 4 3 2 1 0 39 38 37 36 35 34 33 32 31 30 29 28 27 26 25 24
24 25 26 27 28 29 30 31 32 33 34 35 36 37 38 39 0 1 2 3 4 5 6 7 8 9 10 11 12 13 14 15 16 17 18 19 20 21 22 23
25 24 23 22 21 20 19 18 17 16 15 14 13 12 11 10 9 8 7 6 5 4 3 2 1 0 39 38 37 36 35 34 33 32 31 30 29 28 27 26
26 27 28 29 30 31 32 33 34 35 36 37 38 39 0 1 2 3 4 5 6 7 8 9 10 11 12 13 14 15 16 17 18 19 20 21 22 23 24 25
27 26 25 24 23 22 21 20 19 18 17 16 15 14 13 12 11 10 9 8 7 6 5 4 3 2 1 0 39 38 37 36 35 34 33 32 31 30 29 28
28 29 30 31 32 33 34 35 36 37 38 39 0 1 2 3 4 5 6 7 8 9 10 11 12 13 14 15 16 17 18 19 20 21 22 23 24 25 26 27
29 28 27 26 25 24 23 22 21 20 19 18 17 16 15 14 13 12 11 10 9 8 7 6 5 4 3 2 1 0 39 38 37 36 35 34 33 32 31 30
30 31 32 33 34 35 36 37 38 39 0 1 2 3 4 5 6 7 8 9 10 11 12 13 14 15 16 17 18 19 20 21 22 23 24 25 26 27 28 29
31 30 29 28 27 26 25 24 23 22 21 20 19 18 17 16 15 14 13 12 11 10 9 8 7 6 5 4 3 2 1 0 39 38 37 36 35 34 33 32
32 33 34 35 36 37 38 39 0 1 2 3 4 5 6 7 8 9 10 11 12 13 14 15 16 17 18 19 20 21 22 23 24 25 26 27 28 29 30 31
33 32 31 30 29 28 27 26 25 24 23 22 21 20 19 18 17 16 15 14 13 12 11 10 9 8 7 6 5 4 3 2 1 0 39 38 37 36 35 34
34 35 36 37 38 39 0 1 2 3 4 5 6 7 8 9 10 11 12 13 14 15 16 17 18 19 20 21 22 23 24 25 26 27 28 29 30 31 32 33
35 34 33 32 31 30 29 28 27 26 25 24 23 22 21 20 19 18 17 16 15 14 13 12 11 10 9 8 7 6 5 4 3 2 1 0 39 38 37 36
36 37 38 39 0 1 2 3 4 5 6 7 8 9 10 11 12 13 14 15 16 17 18 19 20 21 22 23 24 25 26 27 28 29 30 31 32 33 34 35
37 36 35 34 33 32 31 30 29 28 27 26 25 24 23 22 21 20 19 18 17 16 15 14 13 12 11 10 9 8 7 6 5 4 3 2 1 0 39 38
38 39 0 1 2 3 4 5 6 7 8 9 10 11 12 13 14 15 16 17 18 19 20 21 22 23 24 25 26 27 28 29 30 31 32 33 34 35 36 37
39 38 37 36 35 34 33 32 31 30 29 28 27 26 25 24 23 22 21 20 19 18 17 16 15 14 13 12 11 10 9 8 7 6 5 4 3 2 1 0
Dic10
0 1 2 3 4 5 6 7 8 9 10 11 12 13 14 15 16 17 18 19 20 21 22 23 24 25 26 27 28 29 30 31 32 33 34 35 36 37 38 39
1 20 39 18 37 16 35 14 33 12 31 10 29 8 27 6 25 4 23 2 21 0 19 38 17 36 15 34 13 32 11 30 9 28 7 26 5 24 3 22
2 3 4 5 6 7 8 9 10 11 12 13 14 15 16 17 18 19 20 21 22 23 24 25 26 27 28 29 30 31 32 33 34 35 36 37 38 39 0 1
3 22 1 20 39 18 37 16 35 14 33 12 31 10 29 8 27 6 25 4 23 2 21 0 19 38 17 36 15 34 13 32 11 30 9 28 7 26 5 24
4 5 6 7 8 9 10 11 12 13 14 15 16 17 18 19 20 21 22 23 24 25 26 27 28 29 30 31 32 33 34 35 36 37 38 39 0 1 2 3
5 24 3 22 1 20 39 18 37 16 35 14 33 12 31 10 29 8 27 6 25 4 23 2 21 0 19 38 17 36 15 34 13 32 11 30 9 28 7 26
6 7 8 9 10 11 12 13 14 15 16 17 18 19 20 21 22 23 24 25 26 27 28 29 30 31 32 33 34 35 36 37 38 39 0 1 2 3 4 5
7 26 5 24 3 22 1 20 39 18 37 16 35 14 33 12 31 10 29 8 27 6 25 4 23 2 21 0 19 38 17 36 15 34 13 32 11 30 9 28
8 9 10 11 12 13 14 15 16 17 18 19 20 21 22 23 24 25 26 27 28 29 30 31 32 33 34 35 36 37 38 39 0 1 2 3 4 5 6 7
9 28 7 26 5 24 3 22 1 20 39 18 37 16 35 14 33 12 31 10 29 8 27 6 25 4 23 2 21 0 19 38 17 36 15 34 13 32 11 30
10 11 12 13 14 15 16 17 18 19 20 21 22 23 24 25 26 27 28 29 30 31 32 33 34 35 36 37 38 39 0 1 2 3 4 5 6 7 8 9
11 30 9 28 7 26 5 24 3 22 1 20 39 18 37 16 35 14 33 12 31 10 29 8 27 6 25 4 23 2 21 0 19 38 17 36 15 34 13 32
12 13 14 15 16 17 18 19 20 21 22 23 24 25 26 27 28 29 30 31 32 33 34 35 36 37 38 39 0 1 2 3 4 5 6 7 8 9 10 11
13 32 11 30 9 28 7 26 5 24 3 22 1 20 39 18 37 16 35 14 33 12 31 10 29 8 27 6 25 4 23 2 21 0 19 38 17 36 15 34
14 15 16 17 18 19 20 21 22 23 24 25 26 27 28 29 30 31 32 33 34 35 36 37 38 39 0 1 2 3 4 5 6 7 8 9 10 11 12 13
15 34 13 32 11 30 9 28 7 26 5 24 3 22 1 20 39 18 37 16 35 14 33 12 31 10 29 8 27 6 25 4 23 2 21 0 19 38 17 36
16 17 18 19 20 21 22 23 24 25 26 27 28 29 30 31 32 33 34 35 36 37 38 39 0 1 2 3 4 5 6 7 8 9 10 11 12 13 14 15
17 36 15 34 13 32 11 30 9 28 7 26 5 24 3 22 1 20 39 18 37 16 35 14 33 12 31 10 29 8 27 6 25 4 23 2 21 0 19 38
18 19 20 21 22 23 24 25 26 27 28 29 30 31 32 33 34 35 36 37 38 39 0 1 2 3 4 5 6 7 8 9 10 11 12 13 14 15 16 17
19 38 17 36 15 34 13 32 11 30 9 28 7 26 5 24 3 22 1 20 39 18 37 16 35 14 33 12 31 10 29 8 27 6 25 4 23 2 21 0
20 21 22 23 24 25 26 27 28 29 30 31 32 33 34 35 36 37 38 39 0 1 2 3 4 5 6 7 8 9 10 11 12 13 14 15 16 17 18 19
21 0 19 38 17 36 15 34 13 32 11 30 9 28 7 26 5 24 3 22 1 20 39 18 37 16 35 14 33 12 31 10 29 8 27 6 25 4 23 2
22 23 24 25 26 27 28 29 30 31 32 33 34 35 36 37 38 39 0 1 2 3 4 5 6 7 8 9 10 11 12 13 14 15 16 17 18 19 20 21
23 2 21 0 19 38 17 36 15 34 13 32 11 30 9 28 7 26 5 24 3 22 1 20 39 18 37 16 35 14 33 12 31 10 29 8 27 6 25 4
24 25 26 27 28 29 30 31 32 33 34 35 36 37 38 39 0 1 2 3 4 5 6 7 8 9 10 11 12 13 14 15 16 17 18 19 20 21 22 23
25 4 23 2 21 0 19 38 17 36 15 34 13 32 11 30 9 28 7 26 5 24 3 22 1 20 39 18 37 16 35 14 33 12 31 10 29 8 27 6
26 27 28 29 30 31 32 33 34 35 36 37 38 39 0 1 2 3 4 5 6 7 8 9 10 11 12 13 14 15 16 17 18 19 20 21 22 23 24 25
27 6 25 4 23 2 21 0 19 38 17 36 15 34 13 32 11 30 9 28 7 26 5 24 3 22 1 20 39 18 37 16 35 14 33 12 31 10 29 8
28 29 30 31 32 33 34 35 36 37 38 39 0 1 2 3 4 5 6 7 8 9 10 11 12 13 14 15 16 17 18 19 20 21 22 23 24 25 26 27
29 8 27 6 25 4 23 2 21 0 19 38 17 36 15 34 13 32 11 30 9 28 7 26 5 24 3 22 1 20 39 18 37 16 35 14 33 12 31 10
30 31 32 33 34 35 36 37 38 39 0 1 2 3 4 5 6 7 8 9 10 11 12 13 14 15 16 17 18 19 20 21 22 23 24 25 26 27 28 29
31 10 29 8 27 6 25 4 23 2 21 0 19 38 17 36 15 34 13 32 11 30 9 28 7 26 5 24 3 22 1 20 39 18 37 16 35 14 33 12
32 33 34 35 36 37 38 39 0 1 2 3 4 5 6 7 8 9 10 11 12 13 14 15 16 17 18 19 20 21 22 23 24 25 26 27 28 29 30 31
33 12 31 10 29 8 27 6 25 4 23 2 21 0 19 38 17 36 15 34 13 32 11 30 9 28 7 26 5 24 3 22 1 20 39 18 37 16 35 14
34 35 36 37 38 39 0 1 2 3 4 5 6 7 8 9 10 11 12 13 14 15 16 17 18 19 20 21 22 23 24 25 26 27 28 29 30 31 32 33
35 14 33 12 31 10 29 8 27 6 25 4 23 2 21 0 19 38 17 36 15 34 13 32 11 30 9 28 7 26 5 24 3 22 1 20 39 18 37 16
36 37 38 39 0 1 2 3 4 5 6 7 8 9 10 11 12 13 14 15 16 17 18 19 20 21 22 23 24 25 26 27 28 29 30 31 32 33 34 35
37 16 35 14 33 12 31 10 29 8 27 6 25 4 23 2 21 0 19 38 17 36 15 34 13 32 11 30 9 28 7 26 5 24 3 22 1 20 39 18
38 39 0 1 2 3 4 5 6 7 8 9 10 11 12 13 14 15 16 17 18 19 20 21 22 23 24 25 26 27 28 29 30 31 32 33 34 35 36 37
39 18 37 16 35 14 33 12 31 10 29 8 27 6 25 4 23 2 21 0 19 38 17 36 15 34 13 32 11 30 9 28 7 26 5 24 3 22 1 20
Z4:Z2xZ5
0 1 2 3 4 5 6 7 8 9 10 11 12 13 14 15 16 17 18 19 20 21 22 23 24 25 26 27 28 29 30 31 32 33 34 35 36 37 38 39
1 2 3 4 0 6 7 8 9 5 11 12 13 14 10 16 17 18 19 15 21 22 23 24 20 26 27 28 29 25 31 32 33 34 30 36 37 38 39 35
2 3 4 0 1 7 8 9 5 6 12 13 14 10 11 17 18 19 15 16 22 23 24 20 21 27 28 29 25 26 32 33 34 30 31 37 38 39 35 36
3 4 0 1 2 8 9 5 6 7 13 14 10 11 12 18 19 15 16 17 23 24 20 21 22 28 29 25 26 27 33 34 30 31 32 38 39 35 36 37
4 0 1 2 3 9 5 6 7 8 14 10 11 12 13 19 15 16 17 18 24 20 21 22 23 29 25 26 27 28 34 30 31 32 33 39 35 36 37 38
5 6 7 8 9 0 1 2 3 4 35 36 37 38 39 30 31 32 33 34 25 26 27 28 29 20 21 22 23 24 15 16 17 18 19 10 11 12 13 14
6 7 8 9 5 1 2 3 4 0 36 37 38 39 35 31 32 33 34 30 26 27 28 29 25 21 22 23 24 20 16 17 18 19 15 11 12 13 14 10
7 8 9 5 6 2 3 4 0 1 37 38 39 35 36 32 33 34 30 31 27 28 29 25 26 22 23 24 20 21 17 18 19 15 16 12 13 14 10 11
8 9 5 6 7 3 4 0 1 2 38 39 35 36 37 33 34 30 31 32 28 29 25 26 27 23 24 20 21 22 18 19 15 16 17 13 14 10 11 12
9 5 6 7 8 4 0 1 2 3 39 35 36 37 38 34 30 31 32 33 29 25 26 27 28 24 20 21 22 23 19 15 16 17 18 14 10 11 12 13
10 11 12 13 14 15 16 17 18 19 20 21 22 23 24 25 26 27 28 29 30 31 32 33 34 35 36 37 38 39 0 1 2 3 4 5 6 7 8 9
11 12 13 14 10 16 17 18 19 15 21 22 23 24 20 26 27 28 29 25 31 32 33 34 30 36 37 38 39 35 1 2 3 4 0 6 7 8 9 5
12 13 14 10 11 17 18 19 15 16 22 23 24 20 21 27 28 29 25 26 32 33 34 30 31 37 38 39 35 36 2 3 4 0 1 7 8 9 5 6
13 14 10 11 12 18 19 15 16 17 23 24 20 21 22 28 29 25 26 27 33 34 30 31 32 38 39 35 36 37 3 4 0 1 2 8 9 5 6 7
14 10 11 12 13 19 15 16 17 18 24 20 21 22 23 29 25 26 27 28 34 30 31 32 33 39 35 36 37 38 4 0 1 2 3 9 5 6 7 8
15 16 17 18 19 10 11 12 13 14 5 6 7 8 9 0 1 2 3 4 35 36 37 38 39 30 31 32 33 34 25 26 27 28 29 20 21 22 23 24
16 17 18 19 15 11 12 13 14 10 6 7 8 9 5 1 2 3 4 0 36 37 38 39 35 31 32 33 34 30 26 27 28 29 25 21 22 23 24 20
17 18 19 15 16 12 13 14 10 11 7 8 9 5 6 2 3 4 0 1 37 38 39 35 36 32 33 34 30 31 27 28 29 25 26 22 23 24 20 21
18 19 15 16 17 13 14 10 11 12 8 9 5 6 7 3 4 0 1 2 38 39 35 36 37 33 34 30 31 32 28 29 25 26 27 23 24 20 21 22
19 15 16 17 18 14 10 11 12 13 9 5 6 7 8 4 0 1 2 3 39 35 36 37 38 34 30 31 32 33 29 25 26 27 28 24 20 21 22 23
20 21 22 23 24 25 26 27 28 29 30 31 32 33 34 35 36 37 38 39 0 1 2 3 4 5 6 7 8 9 10 11 12 13 14 15 16 17 18 19
21 22 23 24 20 26 27 28 29 25 31 32 33 34 30 36 37 38 39 35 1 2 3 4 0 6 7 8 9 5 11 12 13 14 10 16 17 18 19 15
22 23 24 20 21 27 28 29 25 26 32 33 34 30 31 37 38 39 35 36 2 3 4 0 1 7 8 9 5 6 12 13 14 10 11 17 18 19 15 16
23 24 20 21 22 28 29 25 26 27 33 34 30 31 32 38 39 35 36 37 3 4 0 1 2 8 9 5 6 7 13 14 10 11 12 18 19 15 16 17
24 20 21 22 23 29 25 26 27 28 34 30 31 32 33 39 35 36 37 38 4 0 1 2 3 9 5 6 7 8 14 10 11 12 13 19 15 16 17 18
25 26 27 28 29 20 21 22 23 24 15 16 17 18 19 10 11 12 13 14 5 6 7 8 9 0 1 2 3 4 35 36 37 38 39 30 31 32 33 34
26 27 28 29 25 21 22 23 24 20 16 17 18 19 15 11 12 13 14 10 6 7 8 9 5 1 2 3 4 0 36 37 38 39 35 31 32 33 34 30
27 28 29 25 26 22 23 24 20 21 17 18 19 15 16 12 13 14 10 11 7 8 9 5 6 2 3 4 0 1 37 38 39 35 36 32 33 34 30 31
28 29 25 26 27 23 24 20 21 22 18 19 15 16 17 13 14 10 11 12 8 9 5 6 7 3 4 0 1 2 38 39 35 36 37 33 34 30 31 32
29 25 26 27 28 24 20 21 22 23 19 15 16 17 18 14 10 11 12 13 9 5 6 7 8 4 0 1 2 3 39 35 36 37 38 34 30 31 32 33
30 31 32 33 34 35 36 37 38 39 0 1 2 3 4 5 6 7 8 9 10 11 12 13 14 15 16 17 18 19 20 21 22 23 24 25 26 27 28 29
31 32 33 34 30 36 37 38 39 35 1 2 3 4 0 6 7 8 9 5 11 12 13 14 10 16 17 18 19 15 21 22 23 24 20 26 27 28 29 25
32 33 34 30 31 37 38 39 35 36 2 3 4 0 1 7 8 9 5 6 12 13 14 10 11 17 18 19 15 16 22 23 24 20 21 27 28 29 25 26
33 34 30 31 32 38 39 35 36 37 3 4 0 1 2 8 9 5 6 7 13 14 10 11 12 18 19 15 16 17 23 24 20 21 22 28 29 25 26 27
34 30 31 32 33 39 35 36 37 38 4 0 1 2 3 9 5 6 7 8 14 10 11 12 13 19 15 16 17 18 24 20 21 22 23 29 25 26 27 28
35 36 37 38 39 30 31 32 33 34 25 26 27 28 29 20 21 22 23 24 15 16 17 18 19 10 11 12 13 14 5 6 7 8 9 0 1 2 3 4
36 37 38 39 35 31 32 33 34 30 26 27 28 29 25 21 22 23 24 20 16 17 18 19 15 11 12 13 14 10 6 7 8 9 5 1 2 3 4 0
37 38 39 35 36 32 33 34 30 31 27 28 29 25 26 22 23 24 20 21 17 18 19 15 16 12 13 14 10 11 7 8 9 5 6 2 3 4 0 1
38 39 35 36 37 33 34 30 31 32 28 29 25 26 27 23 24 20 21 22 18 19 15 16 17 13 14 10 11 12 8 9 5 6 7 3 4 0 1 2
39 35 36 37 38 34 30 31 32 33 29 25 26 27 28 24 20 21 22 23 19 15 16 17 18 14 10 11 12 13 9 5 6 7 8 4 0 1 2 3
Z4:D10
0 1 2 3 4 5 6 7 8 9 10 11 12 13 14 15 16 17 18 19 20 21 22 23 24 25 26 27 28 29 30 31 32 33 34 35 36 37 38 39
1 0 9 8 7 6 5 4 3 2 11 10 19 18 17 16 15 14 13 12 21 20 29 28 27 26 25 24 23 22 31 30 39 38 37 36 35 34 33 32
2 3 4 5 6 7 8 9 0 1 12 13 14 15 16 17 18 19 10 11 22 23 24 25 26 27 28 29 20 21 32 33 34 35 36 37 38 39 30 31
3 2 1 0 9 8 7 6 5 4 13 12 11 10 19 18 17 16 15 14 23 22 21 20 29 28 27 26 25 24 33 32 31 30 39 38 37 36 35 34
4 5 6 7 8 9 0 1 2 3 14 15 16 17 18 19 10 11 12 13 24 25 26 27 28 29 20 21 22 23 34 35 36 37 38 39 30 31 32 33
5 4 3 2 1 0 9 8 7 6 15 14 13 12 11 10 19 18 17 16 25 24 23 22 21 20 29 28 27 26 35 34 33 32 31 30 39 38 37 36
6 7 8 9 0 1 2 3 4 5 16 17 18 19 10 11 12 13 14 15 26 27 28 29 20 21 22 23 24 25 36 37 38 39 30 31 32 33 34 35
7 6 5 4 3 2 1 0 9 8 17 16 15 14 13 12 11 10 19 18 27 26 25 24 23 22 21 20 29 28 37 36 35 34 33 32 31 30 39 38
8 9 0 1 2 3 4 5 6 7 18 19 10 11 12 13 14 15 16 17 28 29 20 21 22 23 24 25 26 27 38 39 30 31 32 33 34 35 36 37
9 8 7 6 5 4 3 2 1 0 19 18 17 16 15 14 13 12 11 10 29 28 27 26 25 24 23 22 21 20 39 38 37 36 35 34 33 32 31 30
10 11 12 13 14 15 16 17 18 19 20 21 22 23 24 25 26 27 28 29 30 31 32 33 34 35 36 37 38 39 0 1 2 3 4 5 6 7 8 9
11 10 19 18 17 16 15 14 13 12 21 20 29 28 27 26 25 24 23 22 31 30 39 38 37 36 35 34 33 32 1 0 9 8 7 6 5 4 3 2
12 13 14 15 16 17 18 19 10 11 22 23 24 25 26 27 28 29 20 21 32 33 34 35 36 37 38 39 30 31 2 3 4 5 6 7 8 9 0 1
13 12 11 10 19 18 17 16 15 14 23 22 21 20 29 28 27 26 25 24 33 32 31 30 39 38 37 36 35 34 3 2 1 0 9 8 7 6 5 4
14 15 16 17 18 19 10 11 12 13 24 25 26 27 28 29 20 21 22 23 34 35 36 37 38 39 30 31 32 33 4 5 6 7 8 9 0 1 2 3
15 14 13 12 11 10 19 18 17 16 25 24 23 22 21 20 29 28 27 26 35 34 33 32 31 30 39 38 37 36 5 4 3 2 1 0 9 8 7 6
16 17 18 19 10 11 12 13 14 15 26 27 28 29 20 21 22 23 24 25 36 37 38 39 30 31 32 33 34 35 6 7 8 9 0 1 2 3 4 5
17 16 15 14 13 12 11 10 19 18 27 26 25 24 23 22 21 20 29 28 37 36 35 34 33 32 31 30 39 38 7 6 5 4 3 2 1 0 9 8
18 19 10 11 12 13 14 15 16 17 28 29 20 21 22 23 24 25 26 27 38 39 30 31 32 33 34 35 36 37 8 9 0 1 2 3 4 5 6 7
19 18 17 16 15 14 13 12 11 10 29 28 27 26 25 24 23 22 21 20 39 38 37 36 35 34 33 32 31 30 9 8 7 6 5 4 3 2 1 0
20 21 22 23 24 25 26 27 28 29 30 31 32 33 34 35 36 37 38 39 0 1 2 3 4 5 6 7 8 9 10 11 12 13 14 15 16 17 18 19
21 20 29 28 27 26 25 24 23 22 31 30 39 38 37 36 35 34 33 32 1 0 9 8 7 6 5 4 3 2 11 10 19 18 17 16 15 14 13 12
22 23 24 25 26 27 28 29 20 21 32 33 34 35 36 37 38 39 30 31 2 3 4 5 6 7 8 9 0 1 12 13 14 15 16 17 18 19 10 11
23 22 21 20 29 28 27 26 25 24 33 32 31 30 39 38 37 36 35 34 3 2 1 0 9 8 7 6 5 4 13 12 11 10 19 18 17 16 15 14
24 25 26 27 28 29 20 21 22 23 34 35 36 37 38 39 30 31 32 33 4 5 6 7 8 9 0 1 2 3 14 15 16 17 18 19 10 11 12 13
25 24 23 22 21 20 29 28 27 26 35 34 33 32 31 30 39 38 37 36 5 4 3 2 1 0 9 8 7 6 15 14 13 12 11 10 19 18 17 16
26 27 28 29 20 21 22 23 24 25 36 37 38 39 30 31 32 33 34 35 6 7 8 9 0 1 2 3 4 5 16 17 18 19 10 11 12 13 14 15
27 26 25 24 23 22 21 20 29 28 37 36 35 34 33 32 31 30 39 38 7 6 5 4 3 2 1 0 9 8 17 16 15 14 13 12 11 10 19 18
28 29 20 21 22 23 24 25 26 27 38 39 30 31 32 33 34 35 36 37 8 9 0 1 2 3 4 5 6 7 18 19 10 11 12 13 14 15 16 17
29 28 27 26 25 24 23 22 21 20 39 38 37 36 35 34 33 32 31 30 9 8 7 6 5 4 3 2 1 0 19 18 17 16 15 14 13 12 11 10
30 31 32 33 34 35 36 37 38 39 0 1 2 3 4 5 6 7 8 9 10 11 12 13 14 15 16 17 18 19 20 21 22 23 24 25 26 27 28 29
31 30 39 38 37 36 35 34 33 32 1 0 9 8 7 6 5 4 3 2 11 10 19 18 17 16 15 14 13 12 21 20 29 28 27 26 25 24 23 22
32 33 34 35 36 37 38 39 30 31 2 3 4 5 6 7 8 9 0 1 12 13 14 15 16 17 18 19 10 11 22 23 24 25 26 27 28 29 20 21
33 32 31 30 39 38 37 36 35 34 3 2 1 0 9 8 7 6 5 4 13 12 11 10 19 18 17 16 15 14 23 22 21 20 29 28 27 26 25 24
34 35 36 37 38 39 30 31 32 33 4 5 6 7 8 9 0 1 2 3 14 15 16 17 18 19 10 11 12 13 24 25 26 27 28 29 20 21 22 23
35 34 33 32 31 30 39 38 37 36 5 4 3 2 1 0 9 8 7 6 15 14 13 12 11 10 19 18 17 16 25 24 23 22 21 20 29 28 27 26
36 37 38 39 30 31 32 33 34 35 6 7 8 9 0 1 2 3 4 5 16 17 18 19 10 11 12 13 14 15 26 27 28 29 20 21 22 23 24 25
37 36 35 34 33 32 31 30 39 38 7 6 5 4 3 2 1 0 9 8 17 16 15 14 13 12 11 10 19 18 27 26 25 24 23 22 21 20 29 28
38 39 30 31 32 33 34 35 36 37 8 9 0 1 2 3 4 5 6 7 18 19 10 11 12 13 14 15 16 17 28 29 20 21 22 23 24 25 26 27
39 38 37 36 35 34 33 32 31 30 9 8 7 6 5 4 3 2 1 0 19 18 17 16 15 14 13 12 11 10 29 28 27 26 25 24 23 22 21 20
Z2xZ2:D10
0 1 2 3 4 5 6 7 8 9 10 11 12 13 14 15 16 17 18 19 20 21 22 23 24 25 26 27 28 29 30 31 32 33 34 35 36 37 38 39
1 0 9 8 7 6 5 4 3 2 11 10 19 18 17 16 15 14 13 12 21 20 29 28 27 26 25 24 23 22 31 30 39 38 37 36 35 34 33 32
2 3 4 5 6 7 8 9 0 1 12 13 14 15 16 17 18 19 10 11 22 23 24 25 26 27 28 29 20 21 32 33 34 35 36 37 38 39 30 31
3 2 1 0 9 8 7 6 5 4 13 12 11 10 19 18 17 16 15 14 23 22 21 20 29 28 27 26 25 24 33 32 31 30 39 38 37 36 35 34
4 5 6 7 8 9 0 1 2 3 14 15 16 17 18 19 10 11 12 13 24 25 26 27 28 29 20 21 22 23 34 35 36 37 38 39 30 31 32 33
5 4 3 2 1 0 9 8 7 6 15 14 13 12 11 10 19 18 17 16 25 24 23 22 21 20 29 28 27 26 35 34 33 32 31 30 39 38 37 36
6 7 8 9 0 1 2 3 4 5 16 17 18 19 10 11 12 13 14 15 26 27 28 29 20 21 22 23 24 25 36 37 38 39 30 31 32 33 34 35
7 6 5 4 3 2 1 0 9 8 17 16 15 14 13 12 11 10 19 18 27 26 25 24 23 22 21 20 29 28 37 36 35 34 33 32 31 30 39 38
8 9 0 1 2 3 4 5 6 7 18 19 10 11 12 13 14 15 16 17 28 29 20 21 22 23 24 25 26 27 38 39 30 31 32 33 34 35 36 37
9 8 7 6 5 4 3 2 1 0 19 18 17 16 15 14 13 12 11 10 29 28 27 26 25 24 23 22 21 20 39 38 37 36 35 34 33 32 31 30
10 11 12 13 14 15 16 17 18 19 0 1 2 3 4 5 6 7 8 9 30 31 32 33 34 35 36 37 38 39 20 21 22 23 24 25 26 27 28 29
11 10 19 18 17 16 15 14 13 12 1 0 9 8 7 6 5 4 3 2 31 30 39 38 37 36 35 34 33 32 21 20 29 28 27 26 25 24 23 22
12 13 14 15 16 17 18 19 10 11 2 3 4 5 6 7 8 9 0 1 32 33 34 35 36 37 38 39 30 31 22 23 24 25 26 27 28 29 20 21
13 12 11 10 19 18 17 16 15 14 3 2 1 0 9 8 7 6 5 4 33 32 31 30 39 38 37 36 35 34 23 22 21 20 29 28 27 26 25 24
14 15 16 17 18 19 10 11 12 13 4 5 6 7 8 9 0 1 2 3 34 35 36 37 38 39 30 31 32 33 24 25 26 27 28 29 20 21 22 23
15 14 13 12 11 10 19 18 17 16 5 4 3 2 1 0 9 8 7 6 35 34 33 32 31 30 39 38 37 36 25 24 23 22 21 20 29 28 27 26
16 17 18 19 10 11 12 13 14 15 6 7 8 9 0 1 2 3 4 5 36 37 38 39 30 31 32 33 34 35 26 27 28 29 20 21 22 23 24 25
17 16 15 14 13 12 11 10 19 18 7 6 5 4 3 2 1 0 9 8 37 36 35 34 33 32 31 30 39 38 27 26 25 24 23 22 21 20 29 28
18 19 10 11 12 13 14 15 16 17 8 9 0 1 2 3 4 5 6 7 38 39 30 31 32 33 34 35 36 37 28 29 20 21 22 23 24 25 26 27
19 18 17 16 15 14 13 12 11 10 9 8 7 6 5 4 3 2 1 0 39 38 37 36 35 34 33 32 31 30 29 28 27 26 25 24 23 22 21 20
20 21 22 23 24 25 26 27 28 29 30 31 32 33 34 35 36 37 38 39 0 1 2 3 4 5 6 7 8 9 10 11 12 13 14 15 16 17 18 19
21 20 29 28 27 26 25 24 23 22 31 30 39 38 37 36 35 34 33 32 1 0 9 8 7 6 5 4 3 2 11 10 19 18 17 16 15 14 13 12
22 23 24 25 26 27 28 29 20 21 32 33 34 35 36 37 38 39 30 31 2 3 4 5 6 7 8 9 0 1 12 13 14 15 16 17 18 19 10 11
23 22 21 20 29 28 27 26 25 24 33 32 31 30 39 38 37 36 35 34 3 2 1 0 9 8 7 6 5 4 13 12 11 10 19 18 17 16 15 14
24 25 26 27 28 29 20 21 22 23 34 35 36 37 38 39 30 31 32 33 4 5 6 7 8 9 0 1 2 3 14 15 16 17 18 19 10 11 12 13
25 24 23 22 21 20 29 28 27 26 35 34 33 32 31 30 39 38 37 36 5 4 3 2 1 0 9 8 7 6 15 14 13 12 11 10 19 18 17 16
26 27 28 29 20 21 22 23 24 25 36 37 38 39 30 31 32 33 34 35 6 7 8 9 0 1 2 3 4 5 16 17 18 19 10 11 12 13 14 15
27 26 25 24 23 22 21 20 29 28 37 36 35 34 33 32 31 30 39 38 7 6 5 4 3 2 1 0 9 8 17 16 15 14 13 12 11 10 19 18
28 29 20 21 22 23 24 25 26 27 38 39 30 31 32 33 34 35 36 37 8 9 0 1 2 3 4 5 6 7 18 19 10 11 12 13 14 15 16 17
29 28 27 26 25 24 23 22 21 20 39 38 37 36 35 34 33 32 31 30 9 8 7 6 5 4 3 2 1 0 19 18 17 16 15 14 13 12 11 10
30 31 32 33 34 35 36 37 38 39 20 21 22 23 24 25 26 27 28 29 10 11 12 13 14 15 16 17 18 19 0 1 2 3 4 5 6 7 8 9
31 30 39 38 37 36 35 34 33 32 21 20 29 28 27 26 25 24 23 22 11 10 19 18 17 16 15 14 13 12 1 0 9 8 7 6 5 4 3 2
32 33 34 35 36 37 38 39 30 31 22 23 24 25 26 27 28 29 20 21 12 13 14 15 16 17 18 19 10 11 2 3 4 5 6 7 8 9 0 1
33 32 31 30 39 38 37 36 35 34 23 22 21 20 29 28 27 26 25 24 13 12 11 10 19 18 17 16 15 14 3 2 1 0 9 8 7 6 5 4
34 35 36 37 38 39 30 31 32 33 24 25 26 27 28 29 20 21 22 23 14 15 16 17 18 19 10 11 12 13 4 5 6 7 8 9 0 1 2 3
35 34 33 32 31 30 39 38 37 36 25 24 23 22 21 20 29 28 27 26 15 14 13 12 11 10 19 18 17 16 5 4 3 2 1 0 9 8 7 6
36 37 38 39 30 31 32 33 34 35 26 27 28 29 20 21 22 23 24 25 16 17 18 19 10 11 12 13 14 15 6 7 8 9 0 1 2 3 4 5
37 36 35 34 33 32 31 30 39 38 27 26 25 24 23 22 21 20 29 28 17 16 15 14 13 12 11 10 19 18 7 6 5 4 3 2 1 0 9 8
38 39 30 31 32 33 34 35 36 37 28 29 20 21 22 23 24 25 26 27 18 19 10 11 12 13 14 15 16 17 8 9 0 1 2 3 4 5 6 7
39 38 37 36 35 34 33 32 31 30 29 28 27 26 25 24 23 22 21 20 19 18 17 16 15 14 13 12 11 10 9 8 7 6 5 4 3 2 1 0
Z2xZ2:D10
0 1 2 3 4 5 6 7 8 9 10 11 12 13 14 15 16 17 18 19 20 21 22 23 24 25 26 27 28 29 30 31 32 33 34 35 36 37 38 39
1 0 9 8 7 6 5 4 3 2 11 10 19 18 17 16 15 14 13 12 31 30 39 38 37 36 35 34 33 32 21 20 29 28 27 26 25 24 23 22
2 3 4 5 6 7 8 9 0 1 12 13 14 15 16 17 18 19 10 11 22 23 24 25 26 27 28 29 20 21 32 33 34 35 36 37 38 39 30 31
3 2 1 0 9 8 7 6 5 4 13 12 11 10 19 18 17 16 15 14 33 32 31 30 39 38 37 36 35 34 23 22 21 20 29 28 27 26 25 24
4 5 6 7 8 9 0 1 2 3 14 15 16 17 18 19 10 11 12 13 24 25 26 27 28 29 20 21 22 23 34 35 36 37 38 39 30 31 32 33
5 4 3 2 1 0 9 8 7 6 15 14 13 12 11 10 19 18 17 16 35 34 33 32 31 30 39 38 37 36 25 24 23 22 21 20 29 28 27 26
6 7 8 9 0 1 2 3 4 5 16 17 18 19 10 11 12 13 14 15 26 27 28 29 20 21 22 23 24 25 36 37 38 39 30 31 32 33 34 35
7 6 5 4 3 2 1 0 9 8 17 16 15 14 13 12 11 10 19 18 37 36 35 34 33 32 31 30 39 38 27 26 25 24 23 22 21 20 29 28
8 9 0 1 2 3 4 5 6 7 18 19 10 11 12 13 14 15 16 17 28 29 20 21 22 23 24 25 26 27 38 39 30 31 32 33 34 35 36 37
9 8 7 6 5 4 3 2 1 0 19 18 17 16 15 14 13 12 11 10 39 38 37 36 35 34 33 32 31 30 29 28 27 26 25 24 23 22 21 20
10 11 12 13 14 15 16 17 18 19 0 1 2 3 4 5 6 7 8 9 30 31 32 33 34 35 36 37 38 39 20 21 22 23 24 25 26 27 28 29
11 10 19 18 17 16 15 14 13 12 1 0 9 8 7 6 5 4 3 2 21 20 29 28 27 26 25 24 23 22 31 30 39 38 37 36 35 34 33 32
12 13 14 15 16 17 18 19 10 11 2 3 4 5 6 7 8 9 0 1 32 33 34 35 36 37 38 39 30 31 22 23 24 25 26 27 28 29 20 21
13 12 11 10 19 18 17 16 15 14 3 2 1 0 9 8 7 6 5 4 23 22 21 20 29 28 27 26 25 24 33 32 31 30 39 38 37 36 35 34
14 15 16 17 18 19 10 11 12 13 4 5 6 7 8 9 0 1 2 3 34 35 36 37 38 39 30 31 32 33 24 25 26 27 28 29 20 21 22 23
15 14 13 12 11 10 19 18 17 16 5 4 3 2 1 0 9 8 7 6 25 24 23 22 21 20 29 28 27 26 35 34 33 32 31 30 39 38 37 36
16 17 18 19 10 11 12 13 14 15 6 7 8 9 0 1 2 3 4 5 36 37 38 39 30 31 32 33 34 35 26 27 28 29 20 21 22 23 24 25
17 16 15 14 13 12 11 10 19 18 7 6 5 4 3 2 1 0 9 8 27 26 25 24 23 22 21 20 29 28 37 36 35 34 33 32 31 30 39 38
18 19 10 11 12 13 14 15 16 17 8 9 0 1 2 3 4 5 6 7 38 39 30 31 32 33 34 35 36 37 28 29 20 21 22 23 24 25 26 27
19 18 17 16 15 14 13 12 11 10 9 8 7 6 5 4 3 2 1 0 29 28 27 26 25 24 23 22 21 20 39 38 37 36 35 34 33 32 31 30
20 21 22 23 24 25 26 27 28 29 30 31 32 33 34 35 36 37 38 39 0 1 2 3 4 5 6 7 8 9 10 11 12 13 14 15 16 17 18 19
21 20 29 28 27 26 25 24 23 22 31 30 39 38 37 36 35 34 33 32 11 10 19 18 17 16 15 14 13 12 1 0 9 8 7 6 5 4 3 2
22 23 24 25 26 27 28 29 20 21 32 33 34 35 36 37 38 39 30 31 2 3 4 5 6 7 8 9 0 1 12 13 14 15 16 17 18 19 10 11
23 22 21 20 29 28 27 26 25 24 33 32 31 30 39 38 37 36 35 34 13 12 11 10 19 18 17 16 15 14 3 2 1 0 9 8 7 6 5 4
24 25 26 27 28 29 20 21 22 23 34 35 36 37 38 39 30 31 32 33 4 5 6 7 8 9 0 1 2 3 14 15 16 17 18 19 10 11 12 13
25 24 23 22 21 20 29 28 27 26 35 34 33 32 31 30 39 38 37 36 15 14 13 12 11 10 19 18 17 16 5 4 3 2 1 0 9 8 7 6
26 27 28 29 20 21 22 23 24 25 36 37 38 39 30 31 32 33 34 35 6 7 8 9 0 1 2 3 4 5 16 17 18 19 10 11 12 13 14 15
27 26 25 24 23 22 21 20 29 28 37 36 35 34 33 32 31 30 39 38 17 16 15 14 13 12 11 10 19 18 7 6 5 4 3 2 1 0 9 8
28 29 20 21 22 23 24 25 26 27 38 39 30 31 32 33 34 35 36 37 8 9 0 1 2 3 4 5 6 7 18 19 10 11 12 13 14 15 16 17
29 28 27 26 25 24 23 22 21 20 39 38 37 36 35 34 33 32 31 30 19 18 17 16 15 14 13 12 11 10 9 8 7 6 5 4 3 2 1 0
30 31 32 33 34 35 36 37 38 39 20 21 22 23 24 25 26 27 28 29 10 11 12 13 14 15 16 17 18 19 0 1 2 3 4 5 6 7 8 9
31 30 39 38 37 36 35 34 33 32 21 20 29 28 27 26 25 24 23 22 1 0 9 8 7 6 5 4 3 2 11 10 19 18 17 16 15 14 13 12
32 33 34 35 36 37 38 39 30 31 22 23 24 25 26 27 28 29 20 21 12 13 14 15 16 17 18 19 10 11 2 3 4 5 6 7 8 9 0 1
33 32 31 30 39 38 37 36 35 34 23 22 21 20 29 28 27 26 25 24 3 2 1 0 9 8 7 6 5 4 13 12 11 10 19 18 17 16 15 14
34 35 36 37 38 39 30 31 32 33 24 25 26 27 28 29 20 21 22 23 14 15 16 17 18 19 10 11 12 13 4 5 6 7 8 9 0 1 2 3
35 34 33 32 31 30 39 38 37 36 25 24 23 22 21 20 29 28 27 26 5 4 3 2 1 0 9 8 7 6 15 14 13 12 11 10 19 18 17 16
36 37 38 39 30 31 32 33 34 35 26 27 28 29 20 21 22 23 24 25 16 17 18 19 10 11 12 13 14 15 6 7 8 9 0 1 2 3 4 5
37 36 35 34 33 32 31 30 39 38 27 26 25 24 23 22 21 20 29 28 7 6 5 4 3 2 1 0 9 8 17 16 15 14 13 12 11 10 19 18
38 39 30 31 32 33 34 35 36 37 28 29 20 21 22 23 24 25 26 27 18 19 10 11 12 13 14 15 16 17 8 9 0 1 2 3 4 5 6 7
39 38 37 36 35 34 33 32 31 30 29 28 27 26 25 24 23 22 21 20 9 8 7 6 5 4 3 2 1 0 19 18 17 16 15 14 13 12 11 10
Z5:Z8
0 1 2 3 4 5 6 7 8 9 10 11 12 13 14 15 16 17 18 19 20 21 22 23 24 25 26 27 28 29 30 31 32 33 34 35 36 37 38 39
1 2 3 4 5 6 7 0 17 18 19 20 21 22 23 16 33 34 35 36 37 38 39 32 9 10 11 12 13 14 15 8 25 26 27 28 29 30 31 24
2 3 4 5 6 7 0 1 34 35 36 37 38 39 32 33 26 27 28 29 30 31 24 25 18 19 20 21 22 23 16 17 10 11 12 13 14 15 8 9
3 4 5 6 7 0 1 2 27 28 29 30 31 24 25 26 11 12 13 14 15 8 9 10 35 36 37 38 39 32 33 34 19 20 21 22 23 16 17 18
4 5 6 7 0 1 2 3 12 13 14 15 8 9 10 11 20 21 22 23 16 17 18 19 28 29 30 31 24 25 26 27 36 37 38 39 32 33 34 35
5 6 7 0 1 2 3 4 21 22 23 16 17 18 19 20 37 38 39 32 33 34 35 36 13 14 15 8 9 10 11 12 29 30 31 24 25 26 27 28
6 7 0 1 2 3 4 5 38 39 32 33 34 35 36 37 30 31 24 25 26 27 28 29 22 23 16 17 18 19 20 21 14 15 8 9 10 11 12 13
7 0 1 2 3 4 5 6 31 24 25 26 27 28 29 30 15 8 9 10 11 12 13 14 39 32 33 34 35 36 37 38 23 16 17 18 19 20 21 22
8 9 10 11 12 13 14 15 16 17 18 19 20 21 22 23 24 25 26 27 28 29 30 31 32 33 34 35 36 37 38 39 0 1 2 3 4 5 6 7
9 10 11 12 13 14 15 8 25 26 27 28 29 30 31 24 1 2 3 4 5 6 7 0 17 18 19 20 21 22 23 16 33 34 35 36 37 38 39 32
10 11 12 13 14 15 8 9 2 3 4 5 6 7 0 1 34 35 36 37 38 39 32 33 26 27 28 29 30 31 24 25 18 19 20 21 22 23 16 17
11 12 13 14 15 8 9 10 35 36 37 38 39 32 33 34 19 20 21 22 23 16 17 18 3 4 5 6 7 0 1 2 27 28 29 30 31 24 25 26
12 13 14 15 8 9 10 11 20 21 22 23 16 17 18 19 28 29 30 31 24 25 26 27 36 37 38 39 32 33 34 35 4 5 6 7 0 1 2 3
13 14 15 8 9 10 11 12 29 30 31 24 25 26 27 28 5 6 7 0 1 2 3 4 21 22 23 16 17 18 19 20 37 38 39 32 33 34 35 36
14 15 8 9 10 11 12 13 6 7 0 1 2 3 4 5 38 39 32 33 34 35 36 37 30 31 24 25 26 27 28 29 22 23 16 17 18 19 20 21
15 8 9 10 11 12 13 14 39 32 33 34 35 36 37 38 23 16 17 18 19 20 21 22 7 0 1 2 3 4 5 6 31 24 25 26 27 28 29 30
16 17 18 19 20 21 22 23 24 25 26 27 28 29 30 31 32 33 34 35 36 37 38 39 0 1 2 3 4 5 6 7 8 9 10 11 12 13 14 15
17 18 19 20 21 22 23 16 33 34 35 36 37 38 39 32 9 10 11 12 13 14 15 8 25 26 27 28 29 30 31 24 1 2 3 4 5 6 7 0
18 19 20 21 22 23 16 17 10 11 12 13 14 15 8 9 2 3 4 5 6 7 0 1 34 35 36 37 38 39 32 33 26 27 28 29 30 31 24 25
19 20 21 22 23 16 17 18 3 4 5 6 7 0 1 2 27 28 29 30 31 24 25 26 11 12 13 14 15 8 9 10 35 36 37 38 39 32 33 34
20 21 22 23 16 17 18 19 28 29 30 31 24 25 26 27 36 37 38 39 32 33 34 35 4 5 6 7 0 1 2 3 12 13 14 15 8 9 10 11
21 22 23 16 17 18 19 20 37 38 39 32 33 34 35 36 13 14 15 8 9 10 11 12 29 30 31 24 25 26 27 28 5 6 7 0 1 2 3 4
22 23 16 17 18 19 20 21 14 15 8 9 10 11 12 13 6 7 0 1 2 3 4 5 38 39 32 33 34 35 36 37 30 31 24 25 26 27 28 29
23 16 17 18 19 20 21 22 7 0 1 2 3 4 5 6 31 24 25 26 27 28 29 30 15 8 9 10 11 12 13 14 39 32 33 34 35 36 37 38
24 25 26 27 28 29 30 31 32 33 34 35 36 37 38 39 0 1 2 3 4 5 6 7 8 9 10 11 12 13 14 15 16 17 18 19 20 21 22 23
25 26 27 28 29 30 31 24 1 2 3 4 5 6 7 0 17 18 19 20 21 22 23 16 33 34 35 36 37 38 39 32 9 10 11 12 13 14 15 8
26 27 28 29 30 31 24 25 18 19 20 21 22 23 16 17 10 11 12 13 14 15 8 9 2 3 4 5 6 7 0 1 34 35 36 37 38 39 32 33
27 28 29 30 31 24 25 26 11 12 13 14 15 8 9 10 35 36 37 38 39 32 33 34 19 20 21 22 23 16 17 18 3 4 5 6 7 0 1 2
28 29 30 31 24 25 26 27 36 37 38 39 32 33 34 35 4 5 6 7 0 1 2 3 12 13 14 15 8 9 10 11 20 21 22 23 16 17 18 19
29 30 31 24 25 26 27 28 5 6 7 0 1 2 3 4 21 22 23 16 17 18 19 20 37 38 39 32 33 34 35 36 13 14 15 8 9 10 11 12
30 31 24 25 26 27 28 29 22 23 16 17 18 19 20 21 14 15 8 9 10 11 12 13 6 7 0 1 2 3 4 5 38 39 32 33 34 35 36 37
31 24 25 26 27 28 29 30 15 8 9 10 11 12 13 14 39 32 33 34 35 36 37 38 23 16 17 18 19 20 21 22 7 0 1 2 3 4 5 6
32 33 34 35 36 37 38 39 0 1 2 3 4 5 6 7 8 9 10 11 12 13 14 15 16 17 18 19 20 21 22 23 24 25 26 27 28 29 30 31
33 34 35 36 37 38 39 32 9 10 11 12 13 14 15 8 25 26 27 28 29 30 31 24 1 2 3 4 5 6 7 0 17 18 19 20 21 22 23 16
34 35 36 37 38 39 32 33 26 27 28 29 30 31 24 25 18 19 20 21 22 23 16 17 10 11 12 13 14 15 8 9 2 3 4 5 6 7 0 1
35 36 37 38 39 32 33 34 19 20 21 22 23 16 17 18 3 4 5 6 7 0 1 2 27 28 29 30 31 24 25 26 11 12 13 14 15 8 9 10
36 37 38 39 32 33 34 35 4 5 6 7 0 1 2 3 12 13 14 15 8 9 10 11 20 21 22 23 16 17 18 19 28 29 30 31 24 25 26 27
37 38 39 32 33 34 35 36 13 14 15 8 9 10 11 12 29 30 31 24 25 26 27 28 5 6 7 0 1 2 3 4 21 22 23 16 17 18 19 20
38 39 32 33 34 35 36 37 30 31 24 25 26 27 28 29 22 23 16 17 18 19 20 21 14 15 8 9 10 11 12 13 6 7 0 1 2 3 4 5
39 32 33 34 35 36 37 38 23 16 17 18 19 20 21 22 7 0 1 2 3 4 5 6 31 24 25 26 27 28 29 30 15 8 9 10 11 12 13 14
Z5:Z8
0 1 2 3 4 5 6 7 8 9 10 11 12 13 14 15 16 17 18 19 20 21 22 23 24 25 26 27 28 29 30 31 32 33 34 35 36 37 38 39
1 2 3 4 5 6 7 0 33 34 35 36 37 38 39 32 25 26 27 28 29 30 31 24 17 18 19 20 21 22 23 16 9 10 11 12 13 14 15 8
2 3 4 5 6 7 0 1 10 11 12 13 14 15 8 9 18 19 20 21 22 23 16 17 26 27 28 29 30 31 24 25 34 35 36 37 38 39 32 33
3 4 5 6 7 0 1 2 35 36 37 38 39 32 33 34 27 28 29 30 31 24 25 26 19 20 21 22 23 16 17 18 11 12 13 14 15 8 9 10
4 5 6 7 0 1 2 3 12 13 14 15 8 9 10 11 20 21 22 23 16 17 18 19 28 29 30 31 24 25 26 27 36 37 38 39 32 33 34 35
5 6 7 0 1 2 3 4 37 38 39 32 33 34 35 36 29 30 31 24 25 26 27 28 21 22 23 16 17 18 19 20 13 14 15 8 9 10 11 12
6 7 0 1 2 3 4 5 14 15 8 9 10 11 12 13 22 23 16 17 18 19 20 21 30 31 24 25 26 27 28 29 38 39 32 33 34 35 36 37
7 0 1 2 3 4 5 6 39 32 33 34 35 36 37 38 31 24 25 26 27 28 29 30 23 16 17 18 19 20 21 22 15 8 9 10 11 12 13 14
8 9 10 11 12 13 14 15 16 17 18 19 20 21 22 23 24 25 26 27 28 29 30 31 32 33 34 35 36 37 38 39 0 1 2 3 4 5 6 7
9 10 11 12 13 14 15 8 1 2 3 4 5 6 7 0 33 34 35 36 37 38 39 32 25 26 27 28 29 30 31 24 17 18 19 20 21 22 23 16
10 11 12 13 14 15 8 9 18 19 20 21 22 23 16 17 26 27 28 29 30 31 24 25 34 35 36 37 38 39 32 33 2 3 4 5 6 7 0 1
11 12 13 14 15 8 9 10 3 4 5 6 7 0 1 2 35 36 37 38 39 32 33 34 27 28 29 30 31 24 25 26 19 20 21 22 23 16 17 18
12 13 14 15 8 9 10 11 20 21 22 23 16 17 18 19 28 29 30 31 24 25 26 27 36 37 38 39 32 33 34 35 4 5 6 7 0 1 2 3
13 14 15 8 9 10 11 12 5 6 7 0 1 2 3 4 37 38 39 32 33 34 35 36 29 30 31 24 25 26 27 28 21 22 23 16 17 18 19 20
14 15 8 9 10 11 12 13 22 23 16 17 18 19 20 21 30 31 24 25 26 27 28 29 38 39 32 33 34 35 36 37 6 7 0 1 2 3 4 5
15 8 9 10 11 12 13 14 7 0 1 2 3 4 5 6 39 32 33 34 35 36 37 38 31 24 25 26 27 28 29 30 23 16 17 18 19 20 21 22
16 17 18 19 20 21 22 23 24 25 26 27 28 29 30 31 32 33 34 35 36 37 38 39 0 1 2 3 4 5 6 7 8 9 10 11 12 13 14 15
17 18 19 20 21 22 23 16 9 10 11 12 13 14 15 8 1 2 3 4 5 6 7 0 33 34 35 36 37 38 39 32 25 26 27 28 29 30 31 24
18 19 20 21 22 23 16 17 26 27 28 29 30 31 24 25 34 35 36 37 38 39 32 33 2 3 4 5 6 7 0 1 10 11 12 13 14 15 8 9
19 20 21 22 23 16 17 18 11 12 13 14 15 8 9 10 3 4 5 6 7 0 1 2 35 36 37 38 39 32 33 34 27 28 29 30 31 24 25 26
20 21 22 23 16 17 18 19 28 29 30 31 24 25 26 27 36 37 38 39 32 33 34 35 4 5 6 7 0 1 2 3 12 13 14 15 8 9 10 11
21 22 23 16 17 18 19 20 13 14 15 8 9 10 11 12 5 6 7 0 1 2 3 4 37 38 39 32 33 34 35 36 29 30 31 24 25 26 27 28
22 23 16 17 18 19 20 21 30 31 24 25 26 27 28 29 38 39 32 33 34 35 36 37 6 7 0 1 2 3 4 5 14 15 8 9 10 11 12 13
23 16 17 18 19 20 21 22 15 8 9 10 11 12 13 14 7 0 1 2 3 4 5 6 39 32 33 34 35 36 37 38 31 24 25 26 27 28 29 30
24 25 26 27 28 29 30 31 32 33 34 35 36 37 38 39 0 1 2 3 4 5 6 7 8 9 10 11 12 13 14 15 16 17 18 19 20 21 22 23
25 26 27 28 29 30 31 24 17 18 19 20 21 22 23 16 9 10 11 12 13 14 15 8 1 2 3 4 5 6 7 0 33 34 35 36 37 38 39 32
26 27 28 29 30 31 24 25 34 35 36 37 38 39 32 33 2 3 4 5 6 7 0 1 10 11 12 13 14 15 8 9 18 19 20 21 22 23 16 17
27 28 29 30 31 24 25 26 19 20 21 22 23 16 17 18 11 12 13 14 15 8 9 10 3 4 5 6 7 0 1 2 35 36 37 38 39 32 33 34
28 29 30 31 24 25 26 27 36 37 38 39 32 33 34 35 4 5 6 7 0 1 2 3 12 13 14 15 8 9 10 11 20 21 22 23 16 17 18 19
29 30 31 24 25 26 27 28 21 22 23 16 17 18 19 20 13 14 15 8 9 10 11 12 5 6 7 0 1 2 3 4 37 38 39 32 33 34 35 36
30 31 24 25 26 27 28 29 38 39 32 33 34 35 36 37 6 7 0 1 2 3 4 5 14 15 8 9 10 11 12 13 22 23 16 17 18 19 20 21
31 24 25 26 27 28 29 30 23 16 17 18 19 20 21 22 15 8 9 10 11 12 13 14 7 0 1 2 3 4 5 6 39 32 33 34 35 36 37 38
32 33 34 35 36 37 38 39 0 1 2 3 4 5 6 7 8 9 10 11 12 13 14 15 16 17 18 19 20 21 22 23 24 25 26 27 28 29 30 31
33 34 35 36 37 38 39 32 25 26 27 28 29 30 31 24 17 18 19 20 21 22 23 16 9 10 11 12 13 14 15 8 1 2 3 4 5 6 7 0
34 35 36 37 38 39 32 33 2 3 4 5 6 7 0 1 10 11 12 13 14 15 8 9 18 19 20 21 22 23 16 17 26 27 28 29 30 31 24 25
35 36 37 38 39 32 33 34 27 28 29 30 31 24 25 26 19 20 21 22 23 16 17 18 11 12 13 14 15 8 9 10 3 4 5 6 7 0 1 2
36 37 38 39 32 33 34 35 4 5 6 7 0 1 2 3 12 13 14 15 8 9 10 11 20 21 22 23 16 17 18 19 28 29 30 31 24 25 26 27
37 38 39 32 33 34 35 36 29 30 31 24 25 26 27 28 21 22 23 16 17 18 19 20 13 14 15 8 9 10 11 12 5 6 7 0 1 2 3 4
38 39 32 33 34 35 36 37 6 7 0 1 2 3 4 5 14 15 8 9 10 11 12 13 22 23 16 17 18 19 20 21 30 31 24 25 26 27 28 29
39 32 33 34 35 36 37 38 31 24 25 26 27 28 29 30 23 16 17 18 19 20 21 22 15 8 9 10 11 12 13 14 7 0 1 2 3 4 5 6
Z5:Z4xZ2
0 1 2 3 4 5 6 7 8 9 10 11 12 13 14 15 16 17 18 19 20 21 22 23 24 25 26 27 28 29 30 31 32 33 34 35 36 37 38 39
1 0 3 2 5 4 7 6 9 8 11 10 13 12 15 14 17 16 19 18 21 20 23 22 25 24 27 26 29 28 31 30 33 32 35 34 37 36 39 38
2 3 4 5 6 7 0 1 18 19 20 21 22 23 16 17 34 35 36 37 38 39 32 33 10 11 12 13 14 15 8 9 26 27 28 29 30 31 24 25
3 2 5 4 7 6 1 0 19 18 21 20 23 22 17 16 35 34 37 36 39 38 33 32 11 10 13 12 15 14 9 8 27 26 29 28 31 30 25 24
4 5 6 7 0 1 2 3 36 37 38 39 32 33 34 35 28 29 30 31 24 25 26 27 20 21 22 23 16 17 18 19 12 13 14 15 8 9 10 11
5 4 7 6 1 0 3 2 37 36 39 38 33 32 35 34 29 28 31 30 25 24 27 26 21 20 23 22 17 16 19 18 13 12 15 14 9 8 11 10
6 7 0 1 2 3 4 5 30 31 24 25 26 27 28 29 14 15 8 9 10 11 12 13 38 39 32 33 34 35 36 37 22 23 16 17 18 19 20 21
7 6 1 0 3 2 5 4 31 30 25 24 27 26 29 28 15 14 9 8 11 10 13 12 39 38 33 32 35 34 37 36 23 22 17 16 19 18 21 20
8 9 10 11 12 13 14 15 16 17 18 19 20 21 22 23 24 25 26 27 28 29 30 31 32 33 34 35 36 37 38 39 0 1 2 3 4 5 6 7
9 8 11 10 13 12 15 14 17 16 19 18 21 20 23 22 25 24 27 26 29 28 31 30 33 32 35 34 37 36 39 38 1 0 3 2 5 4 7 6
10 11 12 13 14 15 8 9 26 27 28 29 30 31 24 25 2 3 4 5 6 7 0 1 18 19 20 21 22 23 16 17 34 35 36 37 38 39 32 33
11 10 13 12 15 14 9 8 27 26 29 28 31 30 25 24 3 2 5 4 7 6 1 0 19 18 21 20 23 22 17 16 35 34 37 36 39 38 33 32
12 13 14 15 8 9 10 11 4 5 6 7 0 1 2 3 36 37 38 39 32 33 34 35 28 29 30 31 24 25 26 27 20 21 22 23 16 17 18 19
13 12 15 14 9 8 11 10 5 4 7 6 1 0 3 2 37 36 39 38 33 32 35 34 29 28 31 30 25 24 27 26 21 20 23 22 17 16 19 18
14 15 8 9 10 11 12 13 38 39 32 33 34 35 36 37 22 23 16 17 18 19 20 21 6 7 0 1 2 3 4 5 30 31 24 25 26 27 28 29
15 14 9 8 11 10 13 12 39 38 33 32 35 34 37 36 23 22 17 16 19 18 21 20 7 6 1 0 3 2 5 4 31 30 25 24 27 26 29 28
16 17 18 19 20 21 22 23 24 25 26 27 28 29 30 31 32 33 34 35 36 37 38 39 0 1 2 3 4 5 6 7 8 9 10 11 12 13 14 15
17 16 19 18 21 20 23 22 25 24 27 26 29 28 31 30 33 32 35 34 37 36 39 38 1 0 3 2 5 4 7 6 9 8 11 10 13 12 15 14
18 19 20 21 22 23 16 17 34 35 36 37 38 39 32 33 10 11 12 13 14 15 8 9 26 27 28 29 30 31 24 25 2 3 4 5 6 7 0 1
19 18 21 20 23 22 17 16 35 34 37 36 39 38 33 32 11 10 13 12 15 14 9 8 27 26 29 28 31 30 25 24 3 2 5 4 7 6 1 0
20 21 22 23 16 17 18 19 12 13 14 15 8 9 10 11 4 5 6 7 0 1 2 3 36 37 38 39 32 33 34 35 28 29 30 31 24 25 26 27
21 20 23 22 17 16 19 18 13 12 15 14 9 8 11 10 5 4 7 6 1 0 3 2 37 36 39 38 33 32 35 34 29 28 31 30 25 24 27 26
22 23 16 17 18 19 20 21 6 7 0 1 2 3 4 5 30 31 24 25 26 27 28 29 14 15 8 9 10 11 12 13 38 39 32 33 34 35 36 37
23 22 17 16 19 18 21 20 7 6 1 0 3 2 5 4 31 30 25 24 27 26 29 28 15 14 9 8 11 10 13 12 39 38 33 32 35 34 37 36
24 25 26 27 28 29 30 31 32 33 34 35 36 37 38 39 0 1 2 3 4 5 6 7 8 9 10 11 12 13 14 15 16 17 18 19 20 21 22 23
25 24 27 26 29 28 31 30 33 32 35 34 37 36 39 38 1 0 3 2 5 4 7 6 9 8 11 10 13 12 15 14 17 16 19 18 21 20 23 22
26 27 28 29 30 31 24 25 2 3 4 5 6 7 0 1 18 19 20 21 22 23 16 17 34 35 36 37 38 39 32 33 10 11 12 13 14 15 8 9
27 26 29 28 31 30 25 24 3 2 5 4 7 6 1 0 19 18 21 20 23 22 17 16 35 34 37 36 39 38 33 32 11 10 13 12 15 14 9 8
28 29 30 31 24 25 26 27 20 21 22 23 16 17 18 19 12 13 14 15 8 9 10 11 4 5 6 7 0 1 2 3 36 37 38 39 32 33 34 35
29 28 31 30 25 24 27 26 21 20 23 22 17 16 19 18 13 12 15 14 9 8 11 10 5 4 7 6 1 0 3 2 37 36 39 38 33 32 35 34
30 31 24 25 26 27 28 29 14 15 8 9 10 11 12 13 38 39 32 33 34 35 36 37 22 23 16 17 18 19 20 21 6 7 0 1 2 3 4 5
31 30 25 24 27 26 29 28 15 14 9 8 11 10 13 12 39 38 33 32 35 34 37 36 23 22 17 16 19 18 21 20 7 6 1 0 3 2 5 4
32 33 34 35 36 37 38 39 0 1 2 3 4 5 6 7 8 9 10 11 12 13 14 15 16 17 18 19 20 21 22 23 24 25 26 27 28 29 30 31
33 32 35 34 37 36 39 38 1 0 3 2 5 4 7 6 9 8 11 10 13 12 15 14 17 16 19 18 21 20 23 22 25 24 27 26 29 28 31 30
34 35 36 37 38 39 32 33 10 11 12 13 14 15 8 9 26 27 28 29 30 31 24 25 2 3 4 5 6 7 0 1 18 19 20 21 22 23 16 17
35 34 37 36 39 38 33 32 11 10 13 12 15 14 9 8 27 26 29 28 31 30 25 24 3 2 5 4 7 6 1 0 19 18 21 20 23 22 17 16
36 37 38 39 32 33 34 35 28 29 30 31 24 25 26 27 20 21 22 23 16 17 18 19 12 13 14 15 8 9 10 11 4 5 6 7 0 1 2 3
37 36 39 38 33 32 35 34 29 28 31 30 25 24 27 26 21 20 23 22 17 16 19 18 13 12 15 14 9 8 11 10 5 4 7 6 1 0 3 2
38 39 32 33 34 35 36 37 22 23 16 17 18 19 20 21 6 7 0 1 2 3 4 5 30 31 24 25 26 27 28 29 14 15 8 9 10 11 12 13
39 38 33 32 35 34 37 36 23 22 17 16 19 18 21 20 7 6 1 0 3 2 5 4 31 30 25 24 27 26 29 28 15 14 9 8 11 10 13 12
Z5:Z4xZ2
0 1 2 3 4 5 6 7 8 9 10 11 12 13 14 15 16 17 18 19 20 21 22 23 24 25 26 27 28 29 30 31 32 33 34 35 36 37 38 39
1 0 3 2 5 4 7 6 9 8 11 10 13 12 15 14 17 16 19 18 21 20 23 22 25 24 27 26 29 28 31 30 33 32 35 34 37 36 39 38
2 3 4 5 6 7 0 1 34 35 36 37 38 39 32 33 26 27 28 29 30 31 24 25 18 19 20 21 22 23 16 17 10 11 12 13 14 15 8 9
3 2 5 4 7 6 1 0 35 34 37 36 39 38 33 32 27 26 29 28 31 30 25 24 19 18 21 20 23 22 17 16 11 10 13 12 15 14 9 8
4 5 6 7 0 1 2 3 12 13 14 15 8 9 10 11 20 21 22 23 16 17 18 19 28 29 30 31 24 25 26 27 36 37 38 39 32 33 34 35
5 4 7 6 1 0 3 2 13 12 15 14 9 8 11 10 21 20 23 22 17 16 19 18 29 28 31 30 25 24 27 26 37 36 39 38 33 32 35 34
6 7 0 1 2 3 4 5 38 39 32 33 34 35 36 37 30 31 24 25 26 27 28 29 22 23 16 17 18 19 20 21 14 15 8 9 10 11 12 13
7 6 1 0 3 2 5 4 39 38 33 32 35 34 37 36 31 30 25 24 27 26 29 28 23 22 17 16 19 18 21 20 15 14 9 8 11 10 13 12
8 9 10 11 12 13 14 15 16 17 18 19 20 21 22 23 24 25 26 27 28 29 30 31 32 33 34 35 36 37 38 39 0 1 2 3 4 5 6 7
9 8 11 10 13 12 15 14 17 16 19 18 21 20 23 22 25 24 27 26 29 28 31 30 33 32 35 34 37 36 39 38 1 0 3 2 5 4 7 6
10 11 12 13 14 15 8 9 2 3 4 5 6 7 0 1 34 35 36 37 38 39 32 33 26 27 28 29 30 31 24 25 18 19 20 21 22 23 16 17
11 10 13 12 15 14 9 8 3 2 5 4 7 6 1 0 35 34 37 36 39 38 33 32 27 26 29 28 31 30 25 24 19 18 21 20 23 22 17 16
12 13 14 15 8 9 10 11 20 21 22 23 16 17 18 19 28 29 30 31 24 25 26 27 36 37 38 39 32 33 34 35 4 5 6 7 0 1 2 3
13 12 15 14 9 8 11 10 21 20 23 22 17 16 19 18 29 28 31 30 25 24 27 26 37 36 39 38 33 32 35 34 5 4 7 6 1 0 3 2
14 15 8 9 10 11 12 13 6 7 0 1 2 3 4 5 38 39 32 33 34 35 36 37 30 31 24 25 26 27 28 29 22 23 16 17 18 19 20 21
15 14 9 8 11 10 13 12 7 6 1 0 3 2 5 4 39 38 33 32 35 34 37 36 31 30 25 24 27 26 29 28 23 22 17 16 19 18 21 20
16 17 18 19 20 21 22 23 24 25 26 27 28 29 30 31 32 33 34 35 36 37 38 39 0 1 2 3 4 5 6 7 8 9 10 11 12 13 14 15
17 16 19 18 21 20 23 22 25 24 27 26 29 28 31 30 33 32 35 34 37 36 39 38 1 0 3 2 5 4 7 6 9 8 11 10 13 12 15 14
18 19 20 21 22 23 16 17 10 11 12 13 14 15 8 9 2 3 4 5 6 7 0 1 34 35 36 37 38 39 32 33 26 27 28 29 30 31 24 25
19 18 21 20 23 22 17 16 11 10 13 12 15 14 9 8 3 2 5 4 7 6 1 0 35 34 37 36 39 38 33 32 27 26 29 28 31 30 25 24
20 21 22 23 16 17 18 19 28 29 30 31 24 25 26 27 36 37 38 39 32 33 34 35 4 5 6 7 0 1 2 3 12 13 14 15 8 9 10 11
21 20 23 22 17 16 19 18 29 28 31 30 25 24 27 26 37 36 39 38 33 32 35 34 5 4 7 6 1 0 3 2 13 12 15 14 9 8 11 10
22 23 16 17 18 19 20 21 14 15 8 9 10 11 12 13 6 7 0 1 2 3 4 5 38 39 32 33 34 35 36 37 30 31 24 25 26 27 28 29
23 22 17 16 19 18 21 20 15 14 9 8 11 10 13 12 7 6 1 0 3 2 5 4 39 38 33 32 35 34 37 36 31 30 25 24 27 26 29 28
24 25 26 27 28 29 30 31 32 33 34 35 36 37 38 39 0 1 2 3 4 5 6 7 8 9 10 11 12 13 14 15 16 17 18 19 20 21 22 23
25 24 27 26 29 28 31 30 33 32 35 34 37 36 39 38 1 0 3 2 5 4 7 6 9 8 11 10 13 12 15 14 17 16 19 18 21 20 23 22
26 27 28 29 30 31 24 25 18 19 20 21 22 23 16 17 10 11 12 13 14 15 8 9 2 3 4 5 6 7 0 1 34 35 36 37 38 39 32 33
27 26 29 28 31 30 25 24 19 18 21 20 23 22 17 16 11 10 13 12 15 14 9 8 3 2 5 4 7 6 1 0 35 34 37 36 39 38 33 32
28 29 30 31 24 25 26 27 36 37 38 39 32 33 34 35 4 5 6 7 0 1 2 3 12 13 14 15 8 9 10 11 20 21 22 23 16 17 18 19
29 28 31 30 25 24 27 26 37 36 39 38 33 32 35 34 5 4 7 6 1 0 3 2 13 12 15 14 9 8 11 10 21 20 23 22 17 16 19 18
30 31 24 25 26 27 28 29 22 23 16 17 18 19 20 21 14 15 8 9 10 11 12 13 6 7 0 1 2 3 4 5 38 39 32 33 34 35 36 37
31 30 25 24 27 26 29 28 23 22 17 16 19 18 21 20 15 14 9 8 11 10 13 12 7 6 1 0 3 2 5 4 39 38 33 32 35 34 37 36
32 33 34 35 36 37 38 39 0 1 2 3 4 5 6 7 8 9 10 11 12 13 14 15 16 17 18 19 20 21 22 23 24 25 26 27 28 29 30 31
33 32 35 34 37 36 39 38 1 0 3 2 5 4 7 6 9 8 11 10 13 12 15 14 17 16 19 18 21 20 23 22 25 24 27 26 29 28 31 30
34 35 36 37 38 39 32 33 26 27 28 29 30 31 24 25 18 19 20 21 22 23 16 17 10 11 12 13 14 15 8 9 2 3 4 5 6 7 0 1
35 34 37 36 39 38 33 32 27 26 29 28 31 30 25 24 19 18 21 20 23 22 17 16 11 10 13 12 15 14 9 8 3 2 5 4 7 6 1 0
36 37 38 39 32 33 34 35 4 5 6 7 0 1 2 3 12 13 14 15 8 9 10 11 20 21 22 23 16 17 18 19 28 29 30 31 24 25 26 27
37 36 39 38 33 32 35 34 5 4 7 6 1 0 3 2 13 12 15 14 9 8 11 10 21 20 23 22 17 16 19 18 29 28 31 30 25 24 27 26
38 39 32 33 34 35 36 37 30 31 24 25 26 27 28 29 22 23 16 17 18 19 20 21 14 15 8 9 10 11 12 13 6 7 0 1 2 3 4 5
39 38 33 32 35 34 37 36 31 30 25 24 27 26 29 28 23 22 17 16 19 18 21 20 15 14 9 8 11 10 13 12 7 6 1 0 3 2 5 4
Z5:Dic2
0 1 2 3 4 5 6 7 8 9 10 11 12 13 14 15 16 17 18 19 20 21 22 23 24 25 26 27 28 29 30 31 32 33 34 35 36 37 38 39
1 4 7 2 5 0 3 6 9 12 15 10 13 8 11 14 17 20 23 18 21 16 19 22 25 28 31 26 29 24 27 30 33 36 39 34 37 32 35 38
2 3 4 5 6 7 0 1 10 11 12 13 14 15 8 9 18 19 20 21 22 23 16 17 26 27 28 29 30 31 24 25 34 35 36 37 38 39 32 33
3 6 1 4 7 2 5 0 11 14 9 12 15 10 13 8 19 22 17 20 23 18 21 16 27 30 25 28 31 26 29 24 35 38 33 36 39 34 37 32
4 5 6 7 0 1 2 3 12 13 14 15 8 9 10 11 20 21 22 23 16 17 18 19 28 29 30 31 24 25 26 27 36 37 38 39 32 33 34 35
5 0 3 6 1 4 7 2 13 8 11 14 9 12 15 10 21 16 19 22 17 20 23 18 29 24 27 30 25 28 31 26 37 32 35 38 33 36 39 34
6 7 0 1 2 3 4 5 14 15 8 9 10 11 12 13 22 23 16 17 18 19 20 21 30 31 24 25 26 27 28 29 38 39 32 33 34 35 36 37
7 2 5 0 3 6 1 4 15 10 13 8 11 14 9 12 23 18 21 16 19 22 17 20 31 26 29 24 27 30 25 28 39 34 37 32 35 38 33 36
8 9 10 11 12 13 14 15 16 17 18 19 20 21 22 23 24 25 26 27 28 29 30 31 32 33 34 35 36 37 38 39 0 1 2 3 4 5 6 7
9 12 15 10 13 8 11 14 17 20 23 18 21 16 19 22 25 28 31 26 29 24 27 30 33 36 39 34 37 32 35 38 1 4 7 2 5 0 3 6
10 11 12 13 14 15 8 9 18 19 20 21 22 23 16 17 26 27 28 29 30 31 24 25 34 35 36 37 38 39 32 33 2 3 4 5 6 7 0 1
11 14 9 12 15 10 13 8 19 22 17 20 23 18 21 16 27 30 25 28 31 26 29 24 35 38 33 36 39 34 37 32 3 6 1 4 7 2 5 0
12 13 14 15 8 9 10 11 20 21 22 23 16 17 18 19 28 29 30 31 24 25 26 27 36 37 38 39 32 33 34 35 4 5 6 7 0 1 2 3
13 8 11 14 9 12 15 10 21 16 19 22 17 20 23 18 29 24 27 30 25 28 31 26 37 32 35 38 33 36 39 34 5 0 3 6 1 4 7 2
14 15 8 9 10 11 12 13 22 23 16 17 18 19 20 21 30 31 24 25 26 27 28 29 38 39 32 33 34 35 36 37 6 7 0 1 2 3 4 5
15 10 13 8 11 14 9 12 23 18 21 16 19 22 17 20 31 26 29 24 27 30 25 28 39 34 37 32 35 38 33 36 7 2 5 0 3 6 1 4
16 17 18 19 20 21 22 23 24 25 26 27 28 29 30 31 32 33 34 35 36 37 38 39 0 1 2 3 4 5 6 7 8 9 10 11 12 13 14 15
17 20 23 18 21 16 19 22 25 28 31 26 29 24 27 30 33 36 39 34 37 32 35 38 1 4 7 2 5 0 3 6 9 12 15 10 13 8 11 14
18 19 20 21 22 23 16 17 26 27 28 29 30 31 24 25 34 35 36 37 38 39 32 33 2 3 4 5 6 7 0 1 10 11 12 13 14 15 8 9
19 22 17 20 23 18 21 16 27 30 25 28 31 26 29 24 35 38 33 36 39 34 37 32 3 6 1 4 7 2 5 0 11 14 9 12 15 10 13 8
20 21 22 23 16 17 18 19 28 29 30 31 24 25 26 27 36 37 38 39 32 33 34 35 4 5 6 7 0 1 2 3 12 13 14 15 8 9 10 11
21 16 19 22 17 20 23 18 29 24 27 30 25 28 31 26 37 32 35 38 33 36 39 34 5 0 3 6 1 4 7 2 13 8 11 14 9 12 15 10
22 23 16 17 18 19 20 21 30 31 24 25 26 27 28 29 38 39 32 33 34 35 36 37 6 7 0 1 2 3 4 5 14 15 8 9 10 11 12 13
23 18 21 16 19 22 17 20 31 26 29 24 27 30 25 28 39 34 37 32 35 38 33 36 7 2 5 0 3 6 1 4 15 10 13 8 11 14 9 12
24 25 26 27 28 29 30 31 32 33 34 35 36 37 38 39 0 1 2 3 4 5 6 7 8 9 10 11 12 13 14 15 16 17 18 19 20 21 22 23
25 28 31 26 29 24 27 30 33 36 39 34 37 32 35 38 1 4 7 2 5 0 3 6 9 12 15 10 13 8 11 14 17 20 23 18 21 16 19 22
26 27 28 29 30 31 24 25 34 35 36 37 38 39 32 33 2 3 4 5 6 7 0 1 10 11 12 13 14 15 8 9 18 19 20 21 22 23 16 17
27 30 25 28 31 26 29 24 35 38 33 36 39 34 37 32 3 6 1 4 7 2 5 0 11 14 9 12 15 10 13 8 19 22 17 20 23 18 21 16
28 29 30 31 24 25 26 27 36 37 38 39 32 33 34 35 4 5 6 7 0 1 2 3 12 13 14 15 8 9 10 11 20 21 22 23 16 17 18 19
29 24 27 30 25 28 31 26 37 32 35 38 33 36 39 34 5 0 3 6 1 4 7 2 13 8 11 14 9 12 15 10 21 16 19 22 17 20 23 18
30 31 24 25 26 27 28 29 38 39 32 33 34 35 36 37 6 7 0 1 2 3 4 5 14 15 8 9 10 11 12 13 22 23 16 17 18 19 20 21
31 26 29 24 27 30 25 28 39 34 37 32 35 38 33 36 7 2 5 0 3 6 1 4 15 10 13 8 11 14 9 12 23 18 21 16 19 22 17 20
32 33 34 35 36 37 38 39 0 1 2 3 4 5 6 7 8 9 10 11 12 13 14 15 16 17 18 19 20 21 22 23 24 25 26 27 28 29 30 31
33 36 39 34 37 32 35 38 1 4 7 2 5 0 3 6 9 12 15 10 13 8 11 14 17 20 23 18 21 16 19 22 25 28 31 26 29 24 27 30
34 35 36 37 38 39 32 33 2 3 4 5 6 7 0 1 10 11 12 13 14 15 8 9 18 19 20 21 22 23 16 17 26 27 28 29 30 31 24 25
35 38 33 36 39 34 37 32 3 6 1 4 7 2 5 0 11 14 9 12 15 10 13 8 19 22 17 20 23 18 21 16 27 30 25 28 31 26 29 24
36 37 38 39 32 33 34 35 4 5 6 7 0 1 2 3 12 13 14 15 8 9 10 11 20 21 22 23 16 17 18 19 28 29 30 31 24 25 26 27
37 32 35 38 33 36 39 34 5 0 3 6 1 4 7 2 13 8 11 14 9 12 15 10 21 16 19 22 17 20 23 18 29 24 27 30 25 28 31 26
38 39 32 33 34 35 36 37 6 7 0 1 2 3 4 5 14 15 8 9 10 11 12 13 22 23 16 17 18 19 20 21 30 31 24 25 26 27 28 29
39 34 37 32 35 38 33 36 7 2 5 0 3 6 1 4 15 10 13 8 11 14 9 12 23 18 21 16 19 22 17 20 31 26 29 24 27 30 25 28
