m13_19 13 27 0 8 0 9 0 10 1 9 1 10 1 12 2 10 2 11 2 12 3 10 3 11 3 12 4 10 4 11 4 12 5 10 5 11 5 12 6 10 6 11 6 12 7 10 7 11 7 12 8 11 8 12 9 11
m13_20 13 27 0 8 0 9 0 12 1 9 1 11 1 12 2 9 2 11 2 12 3 10 3 11 3 12 4 10 4 11 4 12 5 10 5 11 5 12 6 10 6 11 6 12 7 10 7 11 7 12 8 10 8 11 9 10
m13_21 13 27 0 8 0 9 0 12 1 9 1 11 1 12 2 9 2 11 2 12 3 9 3 11 3 12 4 10 4 11 4 12 5 10 5 11 5 12 6 10 6 11 6 12 7 10 7 11 7 12 8 10 8 11 9 10
m13_25 13 26 0 8 0 9 0 12 1 8 1 11 1 12 2 9 2 10 2 12 3 10 3 11 3 12 4 10 4 11 4 12 5 10 5 11 5 12 6 10 6 11 6 12 7 10 7 11 7 12 8 10 9 11
m13_26 13 27 0 8 0 9 0 12 1 8 1 9 1 12 2 9 2 10 2 12 3 10 3 11 3 12 4 10 4 11 4 12 5 10 5 11 5 12 6 10 6 11 6 12 7 10 7 11 7 12 8 10 8 11 9 11
m13_27 13 26 0 8 0 9 0 12 1 8 1 10 1 12 2 9 2 11 2 12 3 9 3 11 3 12 4 10 4 11 4 12 5 10 5 11 5 12 6 10 6 11 6 12 7 10 7 11 7 12 8 11 9 10
m13_28 13 27 0 8 0 9 0 12 1 8 1 9 1 12 2 9 2 11 2 12 3 9 3 11 3 12 4 10 4 11 4 12 5 10 5 11 5 12 6 10 6 11 6 12 7 10 7 11 7 12 8 10 8 11 9 10
m13_29 13 26 0 8 0 9 0 12 1 8 1 10 1 12 2 9 2 11 2 12 3 9 3 11 3 12 4 9 4 11 4 12 5 10 5 11 5 12 6 10 6 11 6 12 7 10 7 11 7 12 8 11 9 10
m13_30 13 27 0 8 0 11 0 12 1 8 1 11 1 12 2 9 2 10 2 12 3 9 3 10 3 12 4 10 4 11 4 12 5 10 5 11 5 12 6 10 6 11 6 12 7 10 7 11 7 12 8 9 8 10 9 11
m13_31 13 27 0 8 0 10 0 12 1 8 1 10 1 12 2 9 2 11 2 12 3 9 3 11 3 12 4 9 4 11 4 12 5 10 5 11 5 12 6 10 6 11 6 12 7 10 7 11 7 12 8 9 8 11 9 10
m13_38 13 26 0 8 0 9 0 12 1 8 1 9 1 12 2 8 2 11 2 12 3 9 3 10 3 12 4 10 4 11 4 12 5 10 5 11 5 12 6 10 6 11 6 12 7 10 7 11 7 12 8 10 9 11
m13_39 13 27 0 8 0 9 0 12 1 8 1 9 1 12 2 8 2 9 2 12 3 9 3 10 3 12 4 10 4 11 4 12 5 10 5 11 5 12 6 10 6 11 6 12 7 10 7 11 7 12 8 10 8 11 9 11
m13_40 13 26 0 8 0 9 0 12 1 8 1 11 1 12 2 8 2 11 2 12 3 9 3 10 3 12 4 9 4 10 4 12 5 10 5 11 5 12 6 10 6 11 6 12 7 10 7 11 7 12 8 10 9 11
m13_41 13 26 0 8 0 9 0 12 1 8 1 10 1 12 2 8 2 10 2 12 3 9 3 11 3 12 4 9 4 11 4 12 5 9 5 11 5 12 6 10 6 11 6 12 7 10 7 11 7 12 8 11 9 10
m13_42 13 27 0 8 0 11 0 12 1 8 1 11 1 12 2 8 2 11 2 12 3 9 3 10 3 12 4 9 4 10 4 12 5 9 5 10 5 12 6 10 6 11 6 12 7 10 7 11 7 12 8 9 8 10 9 11
m13_49 13 26 0 8 0 9 0 12 1 8 1 9 1 12 2 8 2 11 2 12 3 8 3 11 3 12 4 9 4 10 4 12 5 9 5 10 5 12 6 10 6 11 6 12 7 10 7 11 7 12 8 10 9 11
m13_50 13 26 0 8 0 9 0 12 1 8 1 11 1 12 2 8 2 11 2 12 3 8 3 11 3 12 4 9 4 10 4 12 5 9 5 10 5 12 6 9 6 10 6 12 7 10 7 11 7 12 8 10 9 11
m13_53 13 26 0 7 0 9 0 12 1 8 1 9 1 11 2 9 2 11 2 12 3 10 3 11 3 12 4 10 4 11 4 12 5 10 5 11 5 12 6 10 6 11 6 12 7 10 7 11 8 10 8 12 9 10
m13_54 13 26 0 7 0 9 0 12 1 8 1 9 1 11 2 9 2 11 2 12 3 9 3 11 3 12 4 10 4 11 4 12 5 10 5 11 5 12 6 10 6 11 6 12 7 10 7 11 8 10 8 12 9 10
m13_55 13 30 0 7 0 9 0 12 1 8 1 9 1 11 2 9 2 10 2 11 2 12 3 9 3 10 3 11 3 12 4 9 4 10 4 11 4 12 5 9 5 10 5 11 5 12 6 9 6 10 6 11 6 12 7 10 7 11 8 10 8 12
m13_56 13 26 0 7 0 8 0 9 0 11 1 8 1 10 1 11 2 9 2 11 2 12 3 9 3 11 3 12 4 9 4 11 4 12 5 10 5 11 5 12 6 10 6 11 6 12 7 10 7 12 8 12 9 10
m13_57 13 31 0 7 0 8 0 9 0 10 1 8 1 9 1 10 1 12 2 9 2 10 2 11 2 12 3 9 3 10 3 11 3 12 4 9 4 10 4 11 4 12 5 9 5 10 5 11 5 12 6 9 6 10 6 11 6 12 7 11 7 12 8 11
m13_58 13 31 0 7 0 8 0 9 1 8 1 9 1 11 1 12 2 9 2 10 2 11 2 12 3 9 3 10 3 11 3 12 4 9 4 10 4 11 4 12 5 9 5 10 5 11 5 12 6 9 6 10 6 11 6 12 7 10 7 11 7 12 8 10
m13_59 13 26 0 7 0 8 0 10 1 8 1 9 1 10 1 11 2 10 2 11 2 12 3 10 3 11 3 12 4 10 4 11 4 12 5 10 5 11 5 12 6 10 6 11 6 12 7 9 7 11 8 12 9 12
m13_60 13 26 0 7 0 8 0 10 0 11 1 8 1 9 1 11 2 9 2 11 2 12 3 10 3 11 3 12 4 10 4 11 4 12 5 10 5 11 5 12 6 10 6 11 6 12 7 9 7 12 8 12 9 10
m13_61 13 26 0 7 0 9 0 10 1 8 1 9 1 12 2 8 2 9 2 12 3 10 3 11 3 12 4 10 4 11 4 12 5 10 5 11 5 12 6 10 6 11 6 12 7 11 7 12 8 10 8 11 9 11
m13_62 13 26 0 7 0 9 0 10 1 8 1 9 1 12 2 8 2 9 2 12 3 9 3 10 3 12 4 10 4 11 4 12 5 10 5 11 5 12 6 10 6 11 6 12 7 11 7 12 8 10 8 11 9 11
m13_63 13 26 0 7 0 9 0 12 1 8 1 11 1 12 2 8 2 11 2 12 3 9 3 10 3 12 4 10 4 11 4 12 5 10 5 11 5 12 6 10 6 11 6 12 7 10 7 11 8 9 8 10 9 11
m13_64 13 26 0 7 0 9 0 12 1 8 1 11 1 12 2 8 2 11 2 12 3 9 3 10 3 12 4 9 4 10 4 12 5 10 5 11 5 12 6 10 6 11 6 12 7 10 7 11 8 9 8 10 9 11
m13_65 13 29 0 7 0 9 0 11 1 8 1 11 1 12 2 8 2 11 2 12 3 9 3 10 3 11 3 12 4 9 4 10 4 11 4 12 5 9 5 10 5 11 5 12 6 9 6 10 6 11 6 12 7 10 7 12 8 9 8 10
m13_66 13 28 0 7 0 8 0 9 0 12 1 8 1 9 1 11 1 12 2 8 2 9 2 11 2 12 3 10 3 11 3 12 4 10 4 11 4 12 5 10 5 11 5 12 6 10 6 11 6 12 7 10 7 11 8 10 9 10
m13_67 13 26 0 7 0 8 0 9 0 12 1 8 1 11 1 12 2 8 2 11 2 12 3 9 3 10 3 12 4 9 4 10 4 12 5 10 5 11 5 12 6 10 6 11 6 12 7 10 7 11 8 10 9 11
m13_68 13 26 0 7 0 8 0 9 0 12 1 8 1 10 1 12 2 8 2 10 2 12 3 9 3 11 3 12 4 9 4 11 4 12 5 9 5 11 5 12 6 10 6 11 6 12 7 10 7 11 8 11 9 10
m13_69 13 26 0 7 0 8 0 11 0 12 1 8 1 9 1 12 2 8 2 9 2 12 3 10 3 11 3 12 4 10 4 11 4 12 5 10 5 11 5 12 6 10 6 11 6 12 7 9 7 10 8 10 9 11
m13_70 13 27 0 7 0 8 0 11 1 8 1 9 1 11 1 12 2 8 2 9 2 11 2 12 3 10 3 11 3 12 4 10 4 11 4 12 5 10 5 11 5 12 6 10 6 11 6 12 7 9 7 12 8 10 9 10
m13_71 13 26 0 7 0 8 0 12 1 8 1 9 1 12 2 8 2 9 2 12 3 10 3 11 3 12 4 10 4 11 4 12 5 10 5 11 5 12 6 10 6 11 6 12 7 9 7 11 8 10 8 11 9 10
m13_72 13 31 0 7 0 8 0 11 0 12 1 8 1 10 1 11 1 12 2 8 2 10 2 11 2 12 3 9 3 10 3 11 3 12 4 9 4 10 4 11 4 12 5 9 5 10 5 11 5 12 6 9 6 10 6 11 6 12 7 9 7 10 8 9
m13_73 13 31 0 7 0 8 0 12 1 8 1 10 1 11 1 12 2 8 2 10 2 11 2 12 3 9 3 10 3 11 3 12 4 9 4 10 4 11 4 12 5 9 5 10 5 11 5 12 6 9 6 10 6 11 6 12 7 9 7 10 7 11 8 9
m13_74 13 30 0 7 0 8 0 12 1 8 1 11 1 12 2 8 2 11 2 12 3 9 3 10 3 11 3 12 4 9 4 10 4 11 4 12 5 9 5 10 5 11 5 12 6 9 6 10 6 11 6 12 7 9 7 10 7 11 8 9 8 10
m13_75 13 26 0 7 0 9 0 10 1 8 1 9 1 12 2 8 2 9 2 12 3 8 3 9 3 12 4 10 4 11 4 12 5 10 5 11 5 12 6 10 6 11 6 12 7 11 7 12 8 10 8 11 9 11
m13_76 13 26 0 7 0 9 0 12 1 8 1 11 1 12 2 8 2 11 2 12 3 8 3 11 3 12 4 9 4 10 4 12 5 9 5 10 5 12 6 10 6 11 6 12 7 10 7 11 8 9 8 10 9 11
m13_77 13 28 0 7 0 9 0 11 1 8 1 11 1 12 2 8 2 11 2 12 3 8 3 11 3 12 4 9 4 10 4 11 4 12 5 9 5 10 5 11 5 12 6 9 6 10 6 11 6 12 7 10 7 12 8 9 8 10
m13_78 13 29 0 7 0 8 0 9 0 11 1 8 1 9 1 11 1 12 2 8 2 9 2 11 2 12 3 8 3 9 3 11 3 12 4 10 4 11 4 12 5 10 5 11 5 12 6 10 6 11 6 12 7 10 7 12 8 10 9 10
m13_79 13 26 0 7 0 8 0 9 0 12 1 8 1 11 1 12 2 8 2 11 2 12 3 8 3 11 3 12 4 9 4 10 4 12 5 9 5 10 5 12 6 9 6 10 6 12 7 10 7 11 8 10 9 11
m13_80 13 31 0 7 0 8 0 10 0 11 1 8 1 10 1 11 1 12 2 8 2 10 2 11 2 12 3 8 3 10 3 11 3 12 4 9 4 10 4 11 4 12 5 9 5 10 5 11 5 12 6 9 6 10 6 11 6 12 7 9 7 12 8 9
m13_83 13 28 0 7 0 8 0 9 0 11 1 7 1 8 1 9 1 11 2 9 2 11 2 12 3 9 3 11 3 12 4 10 4 11 4 12 5 10 5 11 5 12 6 10 6 11 6 12 7 10 7 12 8 10 8 12 9 10
m13_86 13 24 0 7 0 8 0 12 1 7 1 9 1 11 2 8 2 9 2 10 3 10 3 11 3 12 4 10 4 11 4 12 5 10 5 11 5 12 6 10 6 11 6 12 7 10 8 11 9 12
m13_87 13 26 0 7 0 8 0 12 1 7 1 11 1 12 2 8 2 9 2 12 3 9 3 10 3 12 4 10 4 11 4 12 5 10 5 11 5 12 6 10 6 11 6 12 7 9 7 10 8 10 8 11 9 11
m13_88 13 26 0 7 0 8 0 12 1 7 1 10 1 12 2 8 2 9 2 12 3 9 3 11 3 12 4 9 4 11 4 12 5 10 5 11 5 12 6 10 6 11 6 12 7 9 7 11 8 10 8 11 9 10
m13_89 13 29 0 7 0 8 0 12 1 7 1 11 1 12 2 8 2 9 2 10 2 12 3 9 3 10 3 11 3 12 4 9 4 10 4 11 4 12 5 9 5 10 5 11 5 12 6 9 6 10 6 11 6 12 7 9 7 10 8 11
m13_90 13 30 0 7 0 8 0 11 0 12 1 7 1 10 1 11 1 12 2 8 2 9 2 11 2 12 3 9 3 10 3 11 3 12 4 9 4 10 4 11 4 12 5 9 5 10 5 11 5 12 6 9 6 10 6 11 6 12 7 9 8 10
m13_91 13 29 0 7 0 8 0 12 1 7 1 11 1 12 2 8 2 10 2 12 3 9 3 10 3 11 3 12 4 9 4 10 4 11 4 12 5 9 5 10 5 11 5 12 6 9 6 10 6 11 6 12 7 9 7 10 8 9 8 11
m13_92 13 28 0 7 0 8 0 9 0 11 1 7 1 8 1 9 1 11 2 8 2 9 2 10 2 11 3 10 3 11 3 12 4 10 4 11 4 12 5 10 5 11 5 12 6 10 6 11 6 12 7 10 7 12 8 12 9 12
m13_93 13 27 0 7 0 8 0 9 0 12 1 7 1 8 1 9 1 12 2 8 2 11 2 12 3 9 3 10 3 12 4 10 4 11 4 12 5 10 5 11 5 12 6 10 6 11 6 12 7 10 7 11 8 10 9 11
m13_94 13 27 0 7 0 8 0 10 0 12 1 7 1 8 1 10 1 12 2 8 2 9 2 12 3 9 3 11 3 12 4 9 4 11 4 12 5 10 5 11 5 12 6 10 6 11 6 12 7 9 7 11 8 11 9 10
m13_95 13 30 0 7 0 8 0 12 1 7 1 8 1 12 2 8 2 9 2 10 2 12 3 9 3 10 3 11 3 12 4 9 4 10 4 11 4 12 5 9 5 10 5 11 5 12 6 9 6 10 6 11 6 12 7 9 7 10 7 11 8 11
m13_96 13 31 0 7 0 8 0 11 0 12 1 7 1 8 1 11 1 12 2 8 2 9 2 11 2 12 3 9 3 10 3 11 3 12 4 9 4 10 4 11 4 12 5 9 5 10 5 11 5 12 6 9 6 10 6 11 6 12 7 9 7 10 8 10
m13_97 13 30 0 7 0 8 0 12 1 7 1 8 1 12 2 8 2 9 2 12 3 9 3 10 3 11 3 12 4 9 4 10 4 11 4 12 5 9 5 10 5 11 5 12 6 9 6 10 6 11 6 12 7 9 7 10 7 11 8 10 8 11
m13_98 13 26 0 7 0 9 0 12 1 7 1 9 1 12 2 8 2 9 2 11 3 8 3 9 3 11 4 10 4 11 4 12 5 10 5 11 5 12 6 10 6 11 6 12 7 10 7 11 8 10 8 12 9 10
m13_99 13 26 0 7 0 11 0 12 1 7 1 11 1 12 2 8 2 9 2 12 3 8 3 9 3 12 4 10 4 11 4 12 5 10 5 11 5 12 6 10 6 11 6 12 7 9 7 10 8 10 8 11 9 11
m13_100 13 26 0 7 0 11 0 12 1 7 1 11 1 12 2 8 2 9 2 12 3 8 3 9 3 12 4 9 4 10 4 12 5 10 5 11 5 12 6 10 6 11 6 12 7 9 7 10 8 10 8 11 9 11
m13_101 13 26 0 7 0 10 0 12 1 7 1 10 1 12 2 8 2 10 2 11 3 8 3 10 3 11 4 9 4 11 4 12 5 9 5 11 5 12 6 10 6 11 6 12 7 9 7 11 8 9 8 12 9 10
m13_102 13 28 0 7 0 11 0 12 1 7 1 11 1 12 2 8 2 10 2 12 3 8 3 10 3 12 4 9 4 10 4 11 4 12 5 9 5 10 5 11 5 12 6 9 6 10 6 11 6 12 7 9 7 10 8 9 8 11
m13_103 13 27 0 7 0 8 0 9 0 12 1 7 1 10 1 12 2 8 2 9 2 11 2 12 3 8 3 9 3 11 3 12 4 10 4 11 4 12 5 10 5 11 5 12 6 10 6 11 6 12 7 11 8 10 9 10
m13_104 13 24 0 7 0 8 0 11 1 7 1 9 1 10 2 8 2 9 2 12 3 8 3 9 3 12 4 10 4 11 4 12 5 10 5 11 5 12 6 10 6 11 6 12 7 12 8 10 9 11
m13_105 13 26 0 7 0 8 0 12 1 7 1 9 1 12 2 8 2 11 2 12 3 8 3 11 3 12 4 9 4 10 4 12 5 9 5 10 5 12 6 10 6 11 6 12 7 10 7 11 8 9 8 10 9 11
m13_106 13 30 0 7 0 8 0 11 0 12 1 7 1 9 1 11 1 12 2 8 2 10 2 11 2 12 3 8 3 10 3 11 3 12 4 9 4 10 4 11 4 12 5 9 5 10 5 11 5 12 6 9 6 10 6 11 6 12 7 10 8 9
m13_107 13 29 0 7 0 8 0 12 1 7 1 9 1 12 2 8 2 10 2 11 2 12 3 8 3 10 3 11 3 12 4 9 4 10 4 11 4 12 5 9 5 10 5 11 5 12 6 9 6 10 6 11 6 12 7 10 7 11 8 9
m13_108 13 28 0 7 0 8 0 12 1 7 1 9 1 10 1 12 2 8 2 11 2 12 3 8 3 11 3 12 4 9 4 10 4 11 4 12 5 9 5 10 5 11 5 12 6 9 6 10 6 11 6 12 7 11 8 9 8 10
m13_109 13 28 0 7 0 8 0 12 1 7 1 10 1 12 2 8 2 11 2 12 3 8 3 11 3 12 4 9 4 10 4 11 4 12 5 9 5 10 5 11 5 12 6 9 6 10 6 11 6 12 7 9 7 11 8 9 8 10
m13_110 13 29 0 7 0 8 0 9 0 12 1 7 1 8 1 9 1 12 2 8 2 9 2 11 2 12 3 8 3 9 3 11 3 12 4 10 4 11 4 12 5 10 5 11 5 12 6 10 6 11 6 12 7 10 7 11 8 10 9 10
m13_111 13 27 0 7 0 9 0 11 0 12 1 7 1 9 1 11 1 12 2 8 2 9 2 12 3 8 3 10 3 12 4 10 4 11 4 12 5 10 5 11 5 12 6 10 6 11 6 12 7 8 7 10 8 11 9 10
m13_112 13 26 0 7 0 9 0 12 1 7 1 9 1 12 2 8 2 9 2 12 3 8 3 11 3 12 4 10 4 11 4 12 5 10 5 11 5 12 6 10 6 11 6 12 7 8 7 11 8 10 9 10 9 11
m13_113 13 26 0 7 0 11 0 12 1 7 1 11 1 12 2 8 2 11 2 12 3 8 3 11 3 12 4 9 4 10 4 12 5 9 5 10 5 12 6 9 6 10 6 12 7 8 7 9 8 10 9 11 10 11
m13_114 13 27 0 7 0 10 0 11 0 12 1 7 1 10 1 11 1 12 2 8 2 10 2 12 3 8 3 10 3 12 4 9 4 11 4 12 5 9 5 11 5 12 6 9 6 11 6 12 7 8 7 9 8 11 9 10
m13_115 13 26 0 7 0 10 0 11 1 7 1 10 1 11 2 8 2 10 2 12 3 8 3 10 3 12 4 9 4 11 4 12 5 9 5 11 5 12 6 9 6 11 6 12 7 8 7 9 7 12 8 11 9 10
m13_116 13 31 0 7 0 10 0 11 0 12 1 7 1 10 1 11 1 12 2 8 2 9 2 11 2 12 3 8 3 9 3 11 3 12 4 9 4 10 4 11 4 12 5 9 5 10 5 11 5 12 6 9 6 10 6 11 6 12 7 8 7 9 8 10
m13_117 13 30 0 7 0 10 0 12 1 7 1 10 1 12 2 8 2 9 2 11 2 12 3 8 3 9 3 11 3 12 4 9 4 10 4 11 4 12 5 9 5 10 5 11 5 12 6 9 6 10 6 11 6 12 7 8 7 9 7 11 8 10
m13_118 13 29 0 7 0 11 0 12 1 7 1 11 1 12 2 8 2 9 2 10 2 12 3 8 3 9 3 10 3 12 4 8 4 9 4 10 4 12 5 10 5 11 5 12 6 10 6 11 6 12 7 8 7 9 7 10 8 11 9 11
m13_119 13 27 0 7 0 10 0 11 0 12 1 7 1 10 1 11 1 12 2 8 2 9 2 12 3 8 3 11 3 12 4 8 4 11 4 12 5 9 5 10 5 12 6 9 6 10 6 12 7 8 7 9 8 10 9 11
m13_120 13 31 0 7 0 9 0 11 0 12 1 7 1 9 1 11 1 12 2 8 2 10 2 11 2 12 3 8 3 10 3 11 3 12 4 8 4 10 4 11 4 12 5 9 5 10 5 11 5 12 6 9 6 10 6 11 6 12 7 8 7 10 8 9
m13_121 13 30 0 7 0 9 0 12 1 7 1 9 1 12 2 8 2 10 2 11 2 12 3 8 3 10 3 11 3 12 4 8 4 10 4 11 4 12 5 9 5 10 5 11 5 12 6 9 6 10 6 11 6 12 7 8 7 10 7 11 8 9
m13_127 13 29 0 7 0 8 0 9 0 12 1 7 1 8 1 9 1 12 2 7 2 8 2 9 2 12 3 9 3 10 3 12 4 10 4 11 4 12 5 10 5 11 5 12 6 10 6 11 6 12 7 10 7 11 8 10 8 11 9 11
m13_128 13 27 0 7 0 8 0 9 0 12 1 7 1 8 1 10 1 12 2 7 2 8 2 10 2 12 3 9 3 11 3 12 4 9 4 11 4 12 5 10 5 11 5 12 6 10 6 11 6 12 7 11 8 11 9 10
m13_132 13 27 0 7 0 8 0 9 0 12 1 7 1 8 1 9 1 12 2 7 2 9 2 10 2 12 3 8 3 11 3 12 4 10 4 11 4 12 5 10 5 11 5 12 6 10 6 11 6 12 7 11 8 10 9 11
m13_133 13 28 0 7 0 8 0 12 1 7 1 8 1 12 2 7 2 11 2 12 3 8 3 9 3 10 3 12 4 9 4 10 4 11 4 12 5 9 5 10 5 11 5 12 6 9 6 10 6 11 6 12 7 9 7 10 8 11
m13_134 13 30 0 7 0 8 0 11 0 12 1 7 1 8 1 11 1 12 2 7 2 10 2 11 2 12 3 8 3 9 3 11 3 12 4 9 4 10 4 11 4 12 5 9 5 10 5 11 5 12 6 9 6 10 6 11 6 12 7 9 8 10
m13_135 13 28 0 7 0 8 0 12 1 7 1 8 1 12 2 7 2 11 2 12 3 8 3 10 3 12 4 9 4 10 4 11 4 12 5 9 5 10 5 11 5 12 6 9 6 10 6 11 6 12 7 9 7 10 8 9 8 11
m13_136 13 29 0 7 0 8 0 9 0 12 1 7 1 8 1 9 1 12 2 7 2 8 2 9 2 12 3 8 3 9 3 10 3 12 4 10 4 11 4 12 5 10 5 11 5 12 6 10 6 11 6 12 7 10 7 11 8 11 9 11
m13_137 13 24 0 7 0 8 0 9 1 7 1 11 1 12 2 7 2 11 2 12 3 8 3 10 3 12 4 8 4 10 4 12 5 9 5 10 5 11 6 9 6 10 6 11 7 10 8 11 9 12
m13_138 13 28 0 7 0 8 0 12 1 7 1 11 1 12 2 7 2 11 2 12 3 8 3 9 3 10 3 12 4 8 4 9 4 10 4 12 5 9 5 10 5 11 5 12 6 9 6 10 6 11 6 12 7 9 7 10 8 11
m13_139 13 30 0 7 0 8 0 11 0 12 1 7 1 10 1 11 1 12 2 7 2 10 2 11 2 12 3 8 3 9 3 11 3 12 4 8 4 9 4 11 4 12 5 9 5 10 5 11 5 12 6 9 6 10 6 11 6 12 7 9 8 10
m13_140 13 31 0 7 0 10 0 11 0 12 1 7 1 10 1 11 1 12 2 7 2 10 2 11 2 12 3 8 3 9 3 11 3 12 4 8 4 9 4 11 4 12 5 8 5 9 5 11 5 12 6 9 6 10 6 11 6 12 7 8 7 9 8 10
m13_146 13 27 0 6 0 9 0 12 1 7 1 9 1 11 2 8 2 9 2 10 3 9 3 10 3 11 3 12 4 9 4 10 4 11 4 12 5 9 5 10 5 11 5 12 6 10 6 11 7 10 7 12 8 11 8 12
m13_147 13 29 0 6 0 8 0 9 0 12 1 7 1 8 1 9 1 11 2 8 2 9 2 11 2 12 3 9 3 10 3 11 3 12 4 9 4 10 4 11 4 12 5 9 5 10 5 11 5 12 6 10 6 11 7 10 7 12 8 10
m13_148 13 25 0 6 0 8 0 12 1 7 1 8 1 11 2 8 2 9 2 11 2 12 3 10 3 11 3 12 4 10 4 11 4 12 5 10 5 11 5 12 6 9 6 11 7 9 7 12 8 10 9 10
m13_149 13 29 0 6 0 8 0 12 1 7 1 8 1 10 1 11 2 8 2 10 2 11 2 12 3 9 3 10 3 11 3 12 4 9 4 10 4 11 4 12 5 9 5 10 5 11 5 12 6 9 6 10 6 11 7 9 7 12 8 9
m13_150 13 29 0 6 0 8 0 11 1 7 1 8 1 10 2 8 2 10 2 11 2 12 3 9 3 10 3 11 3 12 4 9 4 10 4 11 4 12 5 9 5 10 5 11 5 12 6 9 6 10 6 12 7 9 7 11 7 12 8 9
m13_151 13 29 0 6 0 8 0 12 1 7 1 8 1 11 2 8 2 11 2 12 3 9 3 10 3 11 3 12 4 9 4 10 4 11 4 12 5 9 5 10 5 11 5 12 6 9 6 10 6 11 7 9 7 10 7 12 8 9 8 10
m13_152 13 26 0 6 0 9 0 12 1 7 1 9 1 11 2 8 2 11 2 12 3 8 3 11 3 12 4 9 4 10 4 11 4 12 5 9 5 10 5 11 5 12 6 10 6 11 7 10 7 12 8 9 8 10
m13_153 13 28 0 6 0 8 0 9 0 11 1 7 1 8 1 9 1 10 2 8 2 9 2 10 2 11 3 8 3 9 3 10 3 11 4 10 4 11 4 12 5 10 5 11 5 12 6 10 6 12 7 11 7 12 8 12 9 12
m13_154 13 29 0 6 0 8 0 11 0 12 1 7 1 8 1 10 1 12 2 8 2 10 2 11 2 12 3 8 3 10 3 11 3 12 4 9 4 10 4 11 4 12 5 9 5 10 5 11 5 12 6 9 6 10 7 9 7 11 8 9
m13_155 13 29 0 6 0 8 0 11 1 7 1 8 1 10 1 12 2 8 2 10 2 11 2 12 3 8 3 10 3 11 3 12 4 9 4 10 4 11 4 12 5 9 5 10 5 11 5 12 6 9 6 10 6 12 7 9 7 11 8 9
m13_156 13 32 0 6 0 8 0 11 0 12 1 7 1 8 1 10 1 12 2 8 2 9 2 10 2 11 2 12 3 8 3 9 3 10 3 11 3 12 4 8 4 9 4 10 4 11 4 12 5 8 5 9 5 10 5 11 5 12 6 9 6 10 7 9 7 11
m13_157 13 30 0 6 0 7 0 8 0 9 1 7 1 8 1 9 1 11 2 8 2 9 2 11 2 12 3 9 3 10 3 11 3 12 4 9 4 10 4 11 4 12 5 9 5 10 5 11 5 12 6 10 6 11 6 12 7 10 7 12 8 10
m13_158 13 27 0 6 0 7 0 8 0 10 1 7 1 8 1 9 1 10 2 8 2 9 2 10 2 12 3 10 3 11 3 12 4 10 4 11 4 12 5 10 5 11 5 12 6 9 6 12 7 11 7 12 8 11 9 11
m13_159 13 27 0 6 0 7 0 8 0 9 1 7 1 8 1 9 1 12 2 8 2 11 2 12 3 8 3 11 3 12 4 9 4 10 4 12 5 9 5 10 5 12 6 10 6 11 6 12 7 10 7 11 8 10 9 11
m13_160 13 30 0 6 0 7 0 8 0 10 1 7 1 8 1 10 1 12 2 8 2 10 2 11 2 12 3 8 3 10 3 11 3 12 4 9 4 10 4 11 4 12 5 9 5 10 5 11 5 12 6 9 6 11 6 12 7 9 7 11 8 9
m13_161 13 33 0 6 0 7 0 8 0 9 0 10 1 7 1 8 1 9 1 10 1 12 2 8 2 9 2 10 2 11 2 12 3 8 3 9 3 10 3 11 3 12 4 8 4 9 4 10 4 11 4 12 5 8 5 9 5 10 5 11 5 12 6 11 6 12 7 11
m13_162 13 33 0 6 0 7 0 8 0 9 1 7 1 8 1 9 1 11 1 12 2 8 2 9 2 10 2 11 2 12 3 8 3 9 3 10 3 11 3 12 4 8 4 9 4 10 4 11 4 12 5 8 5 9 5 10 5 11 5 12 6 10 6 11 6 12 7 10
m13_163 13 33 0 6 0 7 0 8 0 9 1 7 1 8 1 9 1 12 2 8 2 9 2 10 2 11 2 12 3 8 3 9 3 10 3 11 3 12 4 8 4 9 4 10 4 11 4 12 5 8 5 9 5 10 5 11 5 12 6 10 6 11 6 12 7 10 7 11
m13_164 13 33 0 6 0 7 0 8 1 7 1 8 1 10 1 11 1 12 2 8 2 9 2 10 2 11 2 12 3 8 3 9 3 10 3 11 3 12 4 8 4 9 4 10 4 11 4 12 5 8 5 9 5 10 5 11 5 12 6 9 6 10 6 11 6 12 7 9
m13_165 13 29 0 6 0 7 0 9 0 10 0 12 1 7 1 8 1 9 1 10 2 9 2 10 2 11 2 12 3 9 3 10 3 11 3 12 4 9 4 10 4 11 4 12 5 9 5 10 5 11 5 12 6 8 6 11 7 11 8 12
m13_166 13 29 0 6 0 7 0 9 1 7 1 8 1 9 1 10 2 9 2 10 2 11 2 12 3 9 3 10 3 11 3 12 4 9 4 10 4 11 4 12 5 9 5 10 5 11 5 12 6 8 6 10 6 12 7 11 7 12 8 11
m13_167 13 29 0 6 0 7 0 9 1 7 1 8 1 9 1 10 2 9 2 10 2 11 2 12 3 9 3 10 3 11 3 12 4 9 4 10 4 11 4 12 5 9 5 10 5 11 5 12 6 8 6 10 7 11 7 12 8 11 8 12
m13_168 13 29 0 6 0 7 0 9 0 10 0 11 1 7 1 8 1 10 1 11 2 8 2 10 2 11 2 12 3 9 3 10 3 11 3 12 4 9 4 10 4 11 4 12 5 9 5 10 5 11 5 12 6 8 6 12 7 12 8 9
m13_169 13 29 0 6 0 7 0 9 0 10 1 7 1 8 1 10 1 11 2 8 2 10 2 11 2 12 3 9 3 10 3 11 3 12 4 9 4 10 4 11 4 12 5 9 5 10 5 11 5 12 6 8 6 11 6 12 7 12 8 9
m13_170 13 29 0 6 0 7 0 9 0 10 1 7 1 8 1 10 2 8 2 10 2 11 2 12 3 9 3 10 3 11 3 12 4 9 4 10 4 11 4 12 5 9 5 10 5 11 5 12 6 8 6 11 6 12 7 11 7 12 8 9
m13_171 13 28 0 6 0 7 0 9 0 10 0 11 1 7 1 8 1 11 2 8 2 11 2 12 3 9 3 10 3 11 3 12 4 9 4 10 4 11 4 12 5 9 5 10 5 11 5 12 6 8 6 12 7 12 8 9 8 10
m13_172 13 28 0 6 0 7 0 9 0 11 1 7 1 8 1 11 2 8 2 11 2 12 3 9 3 10 3 11 3 12 4 9 4 10 4 11 4 12 5 9 5 10 5 11 5 12 6 8 6 12 7 10 7 12 8 9 8 10
m13_173 13 27 0 6 0 9 0 10 1 7 1 8 1 9 1 12 2 7 2 8 2 9 2 12 3 9 3 10 3 12 4 10 4 11 4 12 5 10 5 11 5 12 6 11 6 12 7 10 7 11 8 10 8 11 9 11
m13_174 13 29 0 6 0 9 0 10 1 7 1 8 1 9 1 11 2 7 2 8 2 9 2 11 3 9 3 10 3 11 3 12 4 9 4 10 4 11 4 12 5 9 5 10 5 11 5 12 6 11 6 12 7 10 7 12 8 10 8 12
m13_175 13 27 0 6 0 8 0 10 0 12 1 7 1 8 1 9 1 10 2 7 2 8 2 9 2 10 3 10 3 11 3 12 4 10 4 11 4 12 5 10 5 11 5 12 6 9 6 11 7 11 7 12 8 11 9 12
m13_176 13 27 0 6 0 8 0 10 0 12 1 7 1 8 1 9 1 12 2 7 2 8 2 9 2 12 3 9 3 11 3 12 4 10 4 11 4 12 5 10 5 11 5 12 6 9 6 11 7 10 7 11 8 11 9 10
m13_177 13 28 0 6 0 8 0 9 0 10 1 7 1 8 1 12 2 7 2 8 2 12 3 9 3 10 3 11 3 12 4 9 4 10 4 11 4 12 5 9 5 10 5 11 5 12 6 11 6 12 7 9 7 10 7 11 8 11
m13_178 13 29 0 6 0 8 0 9 0 11 1 7 1 8 1 11 1 12 2 7 2 8 2 11 2 12 3 9 3 10 3 11 3 12 4 9 4 10 4 11 4 12 5 9 5 10 5 11 5 12 6 10 6 12 7 9 7 10 8 10
m13_179 13 29 0 6 0 8 0 9 1 7 1 8 1 11 1 12 2 7 2 8 2 11 2 12 3 9 3 10 3 11 3 12 4 9 4 10 4 11 4 12 5 9 5 10 5 11 5 12 6 10 6 11 6 12 7 9 7 10 8 10
m13_180 13 29 0 6 0 8 0 9 1 7 1 8 1 12 2 7 2 8 2 12 3 9 3 10 3 11 3 12 4 9 4 10 4 11 4 12 5 9 5 10 5 11 5 12 6 10 6 11 6 12 7 9 7 10 7 11 8 10 8 11
m13_181 13 28 0 6 0 8 0 9 0 10 1 7 1 8 1 9 1 12 2 7 2 8 2 9 2 12 3 8 3 9 3 10 3 12 4 10 4 11 4 12 5 10 5 11 5 12 6 11 6 12 7 10 7 11 8 11 9 11
m13_182 13 25 0 6 0 9 0 12 1 7 1 11 1 12 2 7 2 11 2 12 3 8 3 10 3 12 4 8 4 10 4 12 5 9 5 10 5 11 5 12 6 10 6 11 7 9 7 10 8 9 8 11
m13_183 13 27 0 6 0 8 0 9 0 10 1 7 1 9 1 10 1 11 2 7 2 9 2 10 2 11 3 8 3 10 3 12 4 10 4 11 4 12 5 10 5 11 5 12 6 11 6 12 7 8 7 12 8 11 9 12
m13_184 13 28 0 6 0 8 0 9 0 11 1 7 1 11 1 12 2 7 2 11 2 12 3 8 3 9 3 10 3 11 4 9 4 10 4 11 4 12 5 9 5 10 5 11 5 12 6 10 6 12 7 8 7 9 7 10 8 12
m13_185 13 28 0 6 0 8 0 12 1 7 1 11 1 12 2 7 2 11 2 12 3 8 3 9 3 10 3 12 4 9 4 10 4 11 4 12 5 9 5 10 5 11 5 12 6 9 6 10 6 11 7 8 7 9 7 10 8 11
m13_186 13 29 0 6 0 8 0 11 0 12 1 7 1 10 1 11 1 12 2 7 2 10 2 11 2 12 3 8 3 9 3 11 3 12 4 9 4 10 4 11 4 12 5 9 5 10 5 11 5 12 6 9 6 10 7 8 7 9 8 10
m13_187 13 29 0 6 0 8 0 12 1 7 1 10 1 11 1 12 2 7 2 10 2 11 2 12 3 8 3 9 3 11 3 12 4 9 4 10 4 11 4 12 5 9 5 10 5 11 5 12 6 9 6 10 6 11 7 8 7 9 8 10
m13_188 13 29 0 6 0 8 0 12 1 7 1 10 1 11 1 12 2 7 2 10 2 11 2 12 3 8 3 9 3 12 4 9 4 10 4 11 4 12 5 9 5 10 5 11 5 12 6 9 6 10 6 11 7 8 7 9 8 10 8 11
m13_189 13 28 0 6 0 8 0 9 0 12 1 7 1 11 1 12 2 7 2 11 2 12 3 8 3 9 3 10 3 12 4 8 4 9 4 10 4 12 5 9 5 10 5 11 5 12 6 10 6 11 7 8 7 9 7 10 8 11
m13_190 13 28 0 6 0 8 0 12 1 7 1 11 1 12 2 7 2 11 2 12 3 8 3 9 3 10 3 12 4 8 4 9 4 10 4 12 5 9 5 10 5 11 5 12 6 9 6 10 6 11 7 8 7 9 7 10 8 11
m13_191 13 29 0 6 0 8 0 11 0 12 1 7 1 9 1 11 1 12 2 7 2 9 2 11 2 12 3 8 3 10 3 11 3 12 4 8 4 10 4 11 4 12 5 9 5 10 5 11 5 12 6 9 6 10 7 8 7 10 8 9
m13_192 13 29 0 6 0 8 0 12 1 7 1 9 1 11 1 12 2 7 2 9 2 11 2 12 3 8 3 10 3 11 3 12 4 8 4 10 4 11 4 12 5 9 5 10 5 11 5 12 6 9 6 10 6 11 7 8 7 10 8 9
m13_193 13 30 0 6 0 8 0 9 0 12 1 7 1 11 1 12 2 7 2 11 2 12 3 8 3 9 3 10 3 11 3 12 4 8 4 9 4 10 4 11 4 12 5 8 5 9 5 10 5 11 5 12 6 10 6 11 7 8 7 9 7 10
m13_194 13 31 0 6 0 8 0 10 0 11 1 7 1 10 1 11 1 12 2 7 2 10 2 11 2 12 3 8 3 9 3 10 3 11 3 12 4 8 4 9 4 10 4 11 4 12 5 8 5 9 5 10 5 11 5 12 6 9 6 12 7 8 7 9
m13_195 13 28 0 6 0 7 0 8 0 11 1 7 1 8 1 9 1 10 1 11 2 7 2 8 2 9 2 10 2 11 3 10 3 11 3 12 4 10 4 11 4 12 5 10 5 11 5 12 6 9 6 10 7 12 8 12 9 12
m13_196 13 27 0 6 0 7 0 8 0 10 1 7 1 8 1 9 1 11 2 7 2 8 2 9 2 11 3 10 3 11 3 12 4 10 4 11 4 12 5 10 5 11 5 12 6 9 6 11 6 12 7 12 8 12 9 10
m13_197 13 27 0 6 0 7 0 8 0 10 1 7 1 8 1 9 1 11 2 7 2 8 2 9 2 11 3 10 3 11 3 12 4 10 4 11 4 12 5 10 5 11 5 12 6 9 6 11 7 12 8 12 9 10 9 12
m13_198 13 28 0 6 0 7 0 8 0 12 1 7 1 8 1 9 1 12 2 7 2 8 2 9 2 12 3 9 3 11 3 12 4 10 4 11 4 12 5 10 5 11 5 12 6 9 6 11 7 10 7 11 8 10 8 11 9 10
m13_199 13 31 0 6 0 7 0 8 0 11 0 12 1 7 1 8 1 10 1 11 1 12 2 7 2 8 2 10 2 11 2 12 3 9 3 10 3 11 3 12 4 9 4 10 4 11 4 12 5 9 5 10 5 11 5 12 6 9 6 10 7 9 8 9
m13_200 13 31 0 6 0 7 0 8 0 12 1 7 1 8 1 10 1 11 1 12 2 7 2 8 2 10 2 11 2 12 3 9 3 10 3 11 3 12 4 9 4 10 4 11 4 12 5 9 5 10 5 11 5 12 6 9 6 10 6 11 7 9 8 9
m13_201 13 31 0 6 0 7 0 8 0 12 1 7 1 8 1 11 1 12 2 7 2 8 2 11 2 12 3 9 3 10 3 11 3 12 4 9 4 10 4 11 4 12 5 9 5 10 5 11 5 12 6 9 6 10 6 11 7 9 7 10 8 9 8 10
m13_202 13 29 0 6 0 7 0 8 0 11 1 7 1 8 1 11 1 12 2 7 2 10 2 11 2 12 3 8 3 9 3 11 3 12 4 9 4 10 4 11 4 12 5 9 5 10 5 11 5 12 6 9 6 10 6 12 7 9 8 10
m13_203 13 28 0 6 0 7 0 8 0 12 1 7 1 11 1 12 2 7 2 11 2 12 3 8 3 9 3 10 3 12 4 8 4 9 4 10 4 12 5 9 5 10 5 11 5 12 6 9 6 10 6 11 7 9 7 10 8 11
m13_204 13 29 0 6 0 7 0 8 0 11 0 12 1 7 1 10 1 11 1 12 2 7 2 10 2 11 2 12 3 8 3 9 3 11 3 12 4 8 4 9 4 11 4 12 5 9 5 10 5 11 5 12 6 9 6 10 7 9 8 10
m13_205 13 29 0 6 0 7 0 8 0 11 1 7 1 10 1 11 1 12 2 7 2 10 2 11 2 12 3 8 3 9 3 11 3 12 4 8 4 9 4 11 4 12 5 9 5 10 5 11 5 12 6 9 6 10 6 12 7 9 8 10
m13_206 13 28 0 6 0 7 0 8 0 9 1 7 1 11 1 12 2 7 2 11 2 12 3 8 3 9 3 10 3 12 4 8 4 9 4 10 4 12 5 8 5 9 5 10 5 12 6 11 6 12 7 10 8 11 9 11 10 11
m13_207 13 28 0 6 0 7 0 11 0 12 1 7 1 8 1 12 2 7 2 8 2 12 3 9 3 10 3 11 3 12 4 9 4 10 4 11 4 12 5 9 5 10 5 11 5 12 6 8 6 9 6 10 7 9 7 10 8 11
m13_208 13 28 0 6 0 7 0 11 1 7 1 8 1 12 2 7 2 8 2 12 3 9 3 10 3 11 3 12 4 9 4 10 4 11 4 12 5 9 5 10 5 11 5 12 6 8 6 9 6 10 6 12 7 9 7 10 8 11
m13_209 13 29 0 6 0 7 0 10 0 11 0 12 1 7 1 8 1 11 1 12 2 7 2 8 2 11 2 12 3 9 3 10 3 11 3 12 4 9 4 10 4 11 4 12 5 9 5 10 5 11 5 12 6 8 6 9 7 9 8 10
m13_210 13 29 0 6 0 7 0 10 0 11 1 7 1 8 1 11 1 12 2 7 2 8 2 11 2 12 3 9 3 10 3 11 3 12 4 9 4 10 4 11 4 12 5 9 5 10 5 11 5 12 6 8 6 9 6 12 7 9 8 10
m13_211 13 29 0 6 0 7 0 11 0 12 1 7 1 8 1 11 1 12 2 7 2 8 2 11 2 12 3 9 3 10 3 11 3 12 4 9 4 10 4 11 4 12 5 9 5 10 5 11 5 12 6 8 6 9 7 9 7 10 8 10
m13_212 13 29 0 6 0 7 0 12 1 7 1 8 1 11 1 12 2 7 2 8 2 11 2 12 3 9 3 10 3 11 3 12 4 9 4 10 4 11 4 12 5 9 5 10 5 11 5 12 6 8 6 9 6 11 7 9 7 10 8 10
m13_213 13 28 0 6 0 7 0 11 0 12 1 7 1 8 1 12 2 7 2 8 2 12 3 9 3 10 3 11 3 12 4 9 4 10 4 11 4 12 5 9 5 10 5 11 5 12 6 8 6 9 7 9 7 10 8 10 8 11
m13_214 13 30 0 6 0 7 0 10 0 11 1 7 1 8 1 10 1 11 1 12 2 7 2 8 2 10 2 11 2 12 3 9 3 10 3 11 3 12 4 9 4 10 4 11 4 12 5 9 5 10 5 11 5 12 6 8 6 12 7 9 8 9
m13_215 13 29 0 6 0 7 0 10 0 11 1 7 1 8 1 11 1 12 2 7 2 10 2 11 2 12 3 8 3 9 3 11 3 12 4 9 4 10 4 11 4 12 5 9 5 10 5 11 5 12 6 8 6 9 6 12 7 9 8 10
m13_216 13 30 0 6 0 7 0 10 0 11 1 7 1 10 1 11 1 12 2 7 2 10 2 11 2 12 3 8 3 9 3 11 3 12 4 8 4 9 4 11 4 12 5 9 5 10 5 11 5 12 6 8 6 9 6 12 7 8 7 9 8 10
m13_217 13 33 0 6 0 7 0 10 0 11 0 12 1 7 1 9 1 10 1 11 1 12 2 7 2 9 2 10 2 11 2 12 3 8 3 9 3 10 3 11 3 12 4 8 4 9 4 10 4 11 4 12 5 8 5 9 5 10 5 11 5 12 6 8 6 9 7 8
m13_218 13 33 0 6 0 7 0 11 0 12 1 7 1 9 1 10 1 11 1 12 2 7 2 9 2 10 2 11 2 12 3 8 3 9 3 10 3 11 3 12 4 8 4 9 4 10 4 11 4 12 5 8 5 9 5 10 5 11 5 12 6 8 6 9 6 10 7 8
m13_219 13 33 0 6 0 7 0 12 1 7 1 9 1 10 1 11 1 12 2 7 2 9 2 10 2 11 2 12 3 8 3 9 3 10 3 11 3 12 4 8 4 9 4 10 4 11 4 12 5 8 5 9 5 10 5 11 5 12 6 8 6 9 6 10 6 11 7 8
m13_220 13 32 0 6 0 7 0 11 0 12 1 7 1 10 1 11 1 12 2 7 2 10 2 11 2 12 3 8 3 9 3 10 3 11 3 12 4 8 4 9 4 10 4 11 4 12 5 8 5 9 5 10 5 11 5 12 6 8 6 9 6 10 7 8 7 9
m13_221 13 32 0 6 0 7 0 12 1 7 1 10 1 11 1 12 2 7 2 10 2 11 2 12 3 8 3 9 3 10 3 11 3 12 4 8 4 9 4 10 4 11 4 12 5 8 5 9 5 10 5 11 5 12 6 8 6 9 6 10 6 11 7 8 7 9
m13_222 13 28 0 6 0 9 0 10 1 7 1 8 1 9 1 12 2 7 2 8 2 9 2 12 3 7 3 8 3 9 3 12 4 10 4 11 4 12 5 10 5 11 5 12 6 11 6 12 7 10 7 11 8 10 8 11 9 11
m13_223 13 29 0 6 0 9 0 11 1 7 1 8 1 11 1 12 2 7 2 8 2 11 2 12 3 7 3 8 3 11 3 12 4 9 4 10 4 11 4 12 5 9 5 10 5 11 5 12 6 10 6 12 7 9 7 10 8 9 8 10
m13_224 13 31 0 6 0 7 0 8 0 9 0 12 1 7 1 8 1 9 1 11 1 12 2 7 2 8 2 9 2 11 2 12 3 7 3 8 3 9 3 11 3 12 4 10 4 11 4 12 5 10 5 11 5 12 6 10 6 11 7 10 8 10 9 10
m13_226 13 27 0 6 0 7 0 9 0 10 1 6 1 7 1 9 1 10 2 8 2 9 2 12 3 8 3 9 3 12 4 10 4 11 4 12 5 10 5 11 5 12 6 11 6 12 7 11 7 12 8 10 8 11 9 11
m13_227 13 27 0 6 0 7 0 9 0 11 1 6 1 7 1 9 1 11 2 8 2 11 2 12 3 8 3 11 3 12 4 9 4 10 4 11 5 10 5 11 5 12 6 10 6 12 7 10 7 12 8 9 8 10 9 12
m13_228 13 28 0 6 0 7 0 9 0 11 1 6 1 7 1 9 1 11 2 8 2 11 2 12 3 8 3 11 3 12 4 9 4 10 4 11 4 12 5 9 5 10 5 11 5 12 6 10 6 12 7 10 7 12 8 9 8 10
m13_229 13 30 0 6 0 7 0 8 0 9 0 10 1 6 1 7 1 8 1 9 1 10 2 8 2 9 2 10 2 12 3 8 3 9 3 10 3 12 4 10 4 11 4 12 5 10 5 11 5 12 6 11 6 12 7 11 7 12 8 11 9 11
m13_230 13 31 0 6 0 7 0 8 0 10 0 12 1 6 1 7 1 8 1 10 1 12 2 8 2 10 2 11 2 12 3 8 3 10 3 11 3 12 4 9 4 10 4 11 4 12 5 9 5 10 5 11 5 12 6 9 6 11 7 9 7 11 8 9
m13_232 13 27 0 6 0 7 0 11 0 12 1 6 1 8 1 10 1 12 2 7 2 8 2 9 2 12 3 9 3 10 3 11 3 12 4 9 4 10 4 11 4 12 5 9 5 10 5 11 5 12 6 9 7 10 8 11
m13_233 13 26 0 6 0 7 0 11 1 6 1 8 1 10 2 7 2 8 2 9 2 12 3 9 3 10 3 11 3 12 4 9 4 10 4 11 4 12 5 9 5 10 5 11 5 12 6 9 6 12 7 10 8 11
m13_234 13 29 0 6 0 7 0 8 0 11 1 6 1 8 1 10 1 11 2 7 2 8 2 9 2 11 3 9 3 10 3 11 3 12 4 9 4 10 4 11 4 12 5 9 5 10 5 11 5 12 6 9 6 12 7 10 7 12 8 12
m13_235 13 27 0 6 0 7 0 9 0 11 1 6 1 9 1 10 1 11 2 7 2 8 2 9 2 11 3 8 3 11 3 12 4 10 4 11 4 12 5 10 5 11 5 12 6 8 6 12 7 10 7 12 8 10 9 12
m13_236 13 28 0 6 0 7 0 12 1 6 1 11 1 12 2 7 2 8 2 9 2 12 3 8 3 9 3 10 3 12 4 9 4 10 4 11 4 12 5 9 5 10 5 11 5 12 6 8 6 9 6 10 7 10 7 11 8 11
m13_237 13 28 0 6 0 7 0 10 0 12 1 6 1 10 1 11 1 12 2 7 2 8 2 9 2 12 3 8 3 9 3 11 3 12 4 9 4 10 4 11 4 12 5 9 5 10 5 11 5 12 6 8 6 9 7 11 8 10
m13_238 13 26 0 6 0 7 0 11 0 12 1 6 1 9 1 12 2 7 2 8 2 12 3 8 3 9 3 10 3 12 4 10 4 11 4 12 5 10 5 11 5 12 6 8 6 10 7 9 7 10 8 11 9 11
m13_239 13 28 0 6 0 7 0 12 1 6 1 11 1 12 2 7 2 8 2 12 3 8 3 9 3 10 3 12 4 9 4 10 4 11 4 12 5 9 5 10 5 11 5 12 6 8 6 9 6 10 7 9 7 10 7 11 8 11
m13_240 13 28 0 6 0 7 0 10 0 12 1 6 1 10 1 11 1 12 2 7 2 8 2 12 3 8 3 9 3 11 3 12 4 9 4 10 4 11 4 12 5 9 5 10 5 11 5 12 6 8 6 9 7 9 7 11 8 10
m13_241 13 29 0 6 0 7 0 11 0 12 1 6 1 10 1 11 1 12 2 7 2 8 2 11 2 12 3 8 3 9 3 11 3 12 4 9 4 10 4 11 4 12 5 9 5 10 5 11 5 12 6 8 6 9 7 9 7 10 8 10
m13_242 13 28 0 6 0 7 0 12 1 6 1 10 1 11 1 12 2 7 2 8 2 12 3 8 3 9 3 11 3 12 4 9 4 10 4 11 4 12 5 9 5 10 5 11 5 12 6 8 6 9 7 9 7 10 7 11 8 10
m13_243 13 30 0 6 0 7 0 12 1 6 1 11 1 12 2 7 2 8 2 9 2 10 2 12 3 8 3 9 3 10 3 11 3 12 4 8 4 9 4 10 4 11 4 12 5 8 5 9 5 10 5 11 5 12 6 8 6 9 6 10 7 11
m13_244 13 31 0 6 0 7 0 11 0 12 1 6 1 10 1 11 1 12 2 7 2 8 2 9 2 11 2 12 3 8 3 9 3 10 3 11 3 12 4 8 4 9 4 10 4 11 4 12 5 8 5 9 5 10 5 11 5 12 6 8 6 9 7 10
m13_245 13 30 0 6 0 7 0 12 1 6 1 10 1 11 1 12 2 7 2 8 2 9 2 12 3 8 3 9 3 10 3 11 3 12 4 8 4 9 4 10 4 11 4 12 5 8 5 9 5 10 5 11 5 12 6 8 6 9 7 10 7 11
m13_246 13 32 0 6 0 7 0 10 0 11 0 12 1 6 1 9 1 10 1 11 1 12 2 7 2 8 2 10 2 11 2 12 3 8 3 9 3 10 3 11 3 12 4 8 4 9 4 10 4 11 4 12 5 8 5 9 5 10 5 11 5 12 6 8 7 9
m13_247 13 29 0 6 0 7 0 9 0 12 1 6 1 9 1 11 1 12 2 7 2 9 2 10 2 12 3 8 3 10 3 11 3 12 4 8 4 10 4 11 4 12 5 9 5 10 5 11 5 12 6 8 6 10 7 8 7 11 8 9
m13_248 13 30 0 6 0 7 0 12 1 6 1 11 1 12 2 7 2 9 2 10 2 12 3 8 3 9 3 10 3 11 3 12 4 8 4 9 4 10 4 11 4 12 5 8 5 9 5 10 5 11 5 12 6 8 6 9 6 10 7 8 7 11
m13_249 13 31 0 6 0 7 0 11 0 12 1 6 1 10 1 11 1 12 2 7 2 9 2 11 2 12 3 8 3 9 3 10 3 11 3 12 4 8 4 9 4 10 4 11 4 12 5 8 5 9 5 10 5 11 5 12 6 8 6 9 7 8 7 10
m13_250 13 30 0 6 0 7 0 12 1 6 1 11 1 12 2 7 2 10 2 12 3 8 3 9 3 10 3 11 3 12 4 8 4 9 4 10 4 11 4 12 5 8 5 9 5 10 5 11 5 12 6 8 6 9 6 10 7 8 7 9 7 11
m13_251 13 28 0 6 0 7 0 8 0 10 0 11 1 6 1 7 1 8 1 10 1 11 2 7 2 8 2 9 2 11 3 9 3 11 3 12 4 10 4 11 4 12 5 10 5 11 5 12 6 9 6 12 7 12 8 12 9 10
m13_252 13 31 0 6 0 7 0 8 0 10 0 11 1 6 1 7 1 8 1 10 1 11 2 7 2 8 2 9 2 10 2 11 3 9 3 10 3 11 3 12 4 9 4 10 4 11 4 12 5 9 5 10 5 11 5 12 6 9 6 12 7 12 8 12
m13_253 13 30 0 6 0 7 0 8 0 11 1 6 1 7 1 8 1 11 2 7 2 8 2 9 2 10 2 11 3 9 3 10 3 11 3 12 4 9 4 10 4 11 4 12 5 9 5 10 5 11 5 12 6 9 6 10 6 12 7 12 8 12
m13_254 13 29 0 6 0 7 0 8 0 12 1 6 1 7 1 8 1 12 2 7 2 11 2 12 3 8 3 9 3 10 3 12 4 9 4 10 4 11 4 12 5 9 5 10 5 11 5 12 6 9 6 10 6 11 7 9 7 10 8 11
m13_255 13 30 0 6 0 7 0 8 0 11 0 12 1 6 1 7 1 8 1 11 1 12 2 7 2 10 2 11 2 12 3 8 3 9 3 11 3 12 4 9 4 10 4 11 4 12 5 9 5 10 5 11 5 12 6 9 6 10 7 9 8 10
m13_256 13 29 0 6 0 7 0 8 0 12 1 6 1 7 1 8 1 12 2 7 2 10 2 11 2 12 3 8 3 9 3 11 3 12 4 9 4 10 4 11 4 12 5 9 5 10 5 11 5 12 6 9 6 10 6 11 7 9 8 10
m13_257 13 29 0 6 0 7 0 8 0 12 1 6 1 7 1 8 1 12 2 7 2 11 2 12 3 8 3 9 3 12 4 9 4 10 4 11 4 12 5 9 5 10 5 11 5 12 6 9 6 10 6 11 7 9 7 10 8 10 8 11
m13_258 13 33 0 6 0 7 0 10 0 11 0 12 1 6 1 7 1 10 1 11 1 12 2 7 2 8 2 10 2 11 2 12 3 8 3 9 3 10 3 11 3 12 4 8 4 9 4 10 4 11 4 12 5 8 5 9 5 10 5 11 5 12 6 8 6 9 7 9
m13_259 13 32 0 6 0 7 0 11 0 12 1 6 1 7 1 11 1 12 2 7 2 8 2 10 2 11 2 12 3 8 3 9 3 10 3 11 3 12 4 8 4 9 4 10 4 11 4 12 5 8 5 9 5 10 5 11 5 12 6 8 6 9 6 10 7 9
m13_260 13 32 0 6 0 7 0 11 0 12 1 6 1 7 1 11 1 12 2 7 2 10 2 11 2 12 3 8 3 9 3 10 3 11 3 12 4 8 4 9 4 10 4 11 4 12 5 8 5 9 5 10 5 11 5 12 6 8 6 9 6 10 7 8 7 9
m13_261 13 28 0 6 0 8 0 9 0 11 1 6 1 8 1 9 1 11 2 7 2 8 2 9 2 10 3 7 3 8 3 9 3 10 4 10 4 11 4 12 5 10 5 11 5 12 6 10 6 12 7 11 7 12 8 12 9 12
m13_262 13 24 0 6 0 11 0 12 1 6 1 11 1 12 2 7 2 10 2 12 3 7 3 10 3 12 4 8 4 9 4 12 5 8 5 9 5 12 6 9 6 10 7 9 7 11 8 10 8 11
m13_263 13 28 0 6 0 11 0 12 1 6 1 11 1 12 2 7 2 8 2 10 2 12 3 7 3 8 3 10 3 12 4 9 4 10 4 11 4 12 5 9 5 10 5 11 5 12 6 8 6 9 6 10 7 9 7 11 8 11
m13_264 13 27 0 6 0 11 0 12 1 6 1 11 1 12 2 7 2 8 2 10 2 11 3 7 3 8 3 10 3 11 4 9 4 10 4 12 5 9 5 10 5 12 6 8 6 9 6 10 7 9 7 12 8 12 9 11
m13_265 13 29 0 6 0 10 0 11 0 12 1 6 1 10 1 11 1 12 2 7 2 8 2 11 2 12 3 7 3 8 3 11 3 12 4 9 4 10 4 11 4 12 5 9 5 10 5 11 5 12 6 8 6 9 7 9 7 10 8 10
m13_266 13 29 0 6 0 10 0 11 0 12 1 6 1 10 1 11 1 12 2 7 2 8 2 12 3 7 3 8 3 12 4 9 4 10 4 11 4 12 5 9 5 10 5 11 5 12 6 8 6 9 7 9 7 10 7 11 8 10 8 11
m13_267 13 29 0 6 0 10 0 11 0 12 1 6 1 10 1 11 1 12 2 7 2 9 2 11 2 12 3 7 3 9 3 11 3 12 4 8 4 9 4 11 4 12 5 8 5 10 5 11 5 12 6 8 6 9 7 8 7 10 9 10
m13_268 13 28 0 6 0 10 0 12 1 6 1 10 1 12 2 7 2 9 2 11 2 12 3 7 3 9 3 11 3 12 4 8 4 9 4 11 4 12 5 8 5 10 5 11 5 12 6 8 6 9 6 11 7 8 7 10 9 10
m13_269 13 28 0 6 0 10 0 11 0 12 1 6 1 10 1 11 1 12 2 7 2 9 2 11 2 12 3 7 3 9 3 11 3 12 4 8 4 9 4 12 5 8 5 10 5 12 6 8 6 9 7 8 7 10 8 11 9 10
m13_270 13 29 0 6 0 11 0 12 1 6 1 11 1 12 2 7 2 9 2 10 2 12 3 7 3 9 3 10 3 12 4 8 4 9 4 10 4 11 4 12 5 8 5 9 5 10 5 11 5 12 6 8 6 9 6 10 7 8 7 11
m13_271 13 30 0 6 0 10 0 11 0 12 1 6 1 10 1 11 1 12 2 7 2 9 2 11 2 12 3 7 3 9 3 11 3 12 4 8 4 9 4 10 4 11 4 12 5 8 5 9 5 10 5 11 5 12 6 8 6 9 7 8 7 10
m13_272 13 28 0 6 0 11 0 12 1 6 1 11 1 12 2 7 2 10 2 12 3 7 3 10 3 12 4 8 4 9 4 10 4 11 4 12 5 8 5 9 5 10 5 11 5 12 6 8 6 9 6 10 7 8 7 9 7 11
m13_273 13 29 0 6 0 9 0 11 0 12 1 6 1 9 1 11 1 12 2 7 2 9 2 10 2 12 3 7 3 9 3 10 3 12 4 8 4 10 4 11 4 12 5 8 5 10 5 11 5 12 6 8 6 10 7 8 7 11 8 9
m13_274 13 28 0 6 0 7 0 8 0 12 1 6 1 8 1 9 1 12 2 7 2 8 2 11 2 12 3 7 3 10 3 11 3 12 4 9 4 10 4 11 4 12 5 9 5 10 5 11 5 12 6 10 6 11 7 9 8 10
m13_275 13 30 0 6 0 7 0 8 0 11 0 12 1 6 1 9 1 11 1 12 2 7 2 8 2 10 2 11 2 12 3 7 3 8 3 10 3 11 3 12 4 9 4 10 4 11 4 12 5 9 5 10 5 11 5 12 6 10 7 9 8 9
m13_276 13 29 0 6 0 7 0 8 0 12 1 6 1 9 1 12 2 7 2 8 2 10 2 11 2 12 3 7 3 8 3 10 3 11 3 12 4 9 4 10 4 11 4 12 5 9 5 10 5 11 5 12 6 10 6 11 7 9 8 9
m13_277 13 29 0 6 0 7 0 8 0 12 1 6 1 9 1 10 1 12 2 7 2 8 2 11 2 12 3 7 3 8 3 11 3 12 4 9 4 10 4 11 4 12 5 9 5 10 5 11 5 12 6 11 7 9 7 10 8 9 8 10
m13_278 13 29 0 6 0 7 0 8 0 12 1 6 1 10 1 12 2 7 2 8 2 11 2 12 3 7 3 8 3 11 3 12 4 9 4 10 4 11 4 12 5 9 5 10 5 11 5 12 6 9 6 11 7 9 7 10 8 9 8 10
m13_279 13 27 0 6 0 7 0 8 0 12 1 6 1 9 1 10 1 12 2 7 2 8 2 11 2 12 3 7 3 10 3 11 3 12 4 8 4 9 4 11 4 12 5 9 5 10 5 11 5 12 6 11 7 9 8 10
m13_280 13 27 0 6 0 7 0 8 0 12 1 6 1 9 1 10 1 12 2 7 2 10 2 11 2 12 3 7 3 10 3 11 3 12 4 8 4 9 4 11 4 12 5 8 5 9 5 11 5 12 6 11 7 9 8 10
m13_281 13 26 0 6 0 7 0 8 1 6 1 9 1 10 2 7 2 10 2 11 2 12 3 7 3 10 3 11 3 12 4 8 4 9 4 11 4 12 5 8 5 9 5 11 5 12 6 11 6 12 7 9 8 10
m13_282 13 26 0 6 0 7 0 8 1 6 1 9 1 10 2 7 2 10 2 11 2 12 3 7 3 10 3 11 3 12 4 8 4 9 4 11 5 8 5 9 5 11 6 11 6 12 7 9 8 10 8 12 9 12
m13_283 13 32 0 6 0 7 0 10 0 11 0 12 1 6 1 8 1 10 1 11 1 12 2 7 2 9 2 10 2 11 2 12 3 7 3 9 3 10 3 11 3 12 4 8 4 9 4 10 4 11 4 12 5 8 5 9 5 10 5 11 5 12 6 9 7 8
m13_284 13 31 0 6 0 7 0 11 0 12 1 6 1 8 1 11 1 12 2 7 2 9 2 10 2 11 2 12 3 7 3 9 3 10 3 11 3 12 4 8 4 9 4 10 4 11 4 12 5 8 5 9 5 10 5 11 5 12 6 9 6 10 7 8
m13_285 13 30 0 6 0 7 0 12 1 6 1 8 1 12 2 7 2 9 2 10 2 11 2 12 3 7 3 9 3 10 3 11 3 12 4 8 4 9 4 10 4 11 4 12 5 8 5 9 5 10 5 11 5 12 6 9 6 10 6 11 7 8
m13_286 13 31 0 6 0 7 0 8 0 9 0 12 1 6 1 7 1 8 1 9 1 12 2 7 2 8 2 9 2 10 2 12 3 7 3 8 3 9 3 10 3 12 4 10 4 11 4 12 5 10 5 11 5 12 6 10 6 11 7 11 8 11 9 11
m13_287 13 27 0 6 0 8 0 9 0 12 1 6 1 8 1 11 1 12 2 7 2 8 2 9 2 12 3 7 3 9 3 10 3 12 4 10 4 11 4 12 5 10 5 11 5 12 6 7 6 10 7 11 8 10 9 11
m13_288 13 29 0 6 0 8 0 11 0 12 1 6 1 8 1 11 1 12 2 7 2 8 2 9 2 12 3 7 3 9 3 10 3 12 4 9 4 10 4 11 4 12 5 9 5 10 5 11 5 12 6 7 6 9 6 10 7 11 8 10
m13_289 13 29 0 6 0 8 0 9 0 10 0 12 1 6 1 8 1 9 1 10 1 12 2 7 2 8 2 12 3 7 3 11 3 12 4 9 4 10 4 11 4 12 5 9 5 10 5 11 5 12 6 7 6 11 7 9 7 10 8 11
m13_290 13 30 0 6 0 8 0 10 0 11 0 12 1 6 1 8 1 10 1 11 1 12 2 7 2 8 2 11 2 12 3 7 3 9 3 11 3 12 4 9 4 10 4 11 4 12 5 9 5 10 5 11 5 12 6 7 6 9 7 10 8 9
m13_291 13 28 0 6 0 8 0 9 0 11 1 6 1 8 1 9 1 11 2 7 2 8 2 9 2 10 3 7 3 8 3 9 3 10 4 10 4 11 4 12 5 10 5 11 5 12 6 7 6 10 6 12 7 11 8 12 9 12
m13_292 13 28 0 6 0 8 0 11 0 12 1 6 1 9 1 11 1 12 2 7 2 8 2 10 2 12 3 7 3 9 3 10 3 12 4 8 4 10 4 11 4 12 5 9 5 10 5 11 5 12 6 7 6 10 7 11 8 9
m13_293 13 30 0 6 0 9 0 11 0 12 1 6 1 9 1 11 1 12 2 7 2 8 2 10 2 12 3 7 3 8 3 10 3 12 4 8 4 10 4 11 4 12 5 9 5 10 5 11 5 12 6 7 6 8 6 10 7 9 7 11 8 9
m13_294 13 32 0 6 0 10 0 11 0 12 1 6 1 10 1 11 1 12 2 7 2 8 2 9 2 11 2 12 3 7 3 8 3 9 3 11 3 12 4 8 4 9 4 10 4 11 4 12 5 8 5 9 5 10 5 11 5 12 6 7 6 8 6 9 7 10
m13_295 13 31 0 6 0 10 0 11 0 12 1 6 1 10 1 11 1 12 2 7 2 8 2 9 2 12 3 7 3 8 3 9 3 12 4 8 4 9 4 10 4 11 4 12 5 8 5 9 5 10 5 11 5 12 6 7 6 8 6 9 7 10 7 11
m13_296 13 33 0 6 0 9 0 10 0 11 0 12 1 6 1 9 1 10 1 11 1 12 2 7 2 8 2 10 2 11 2 12 3 7 3 8 3 10 3 11 3 12 4 8 4 9 4 10 4 11 4 12 5 8 5 9 5 10 5 11 5 12 6 7 6 8 7 9
m13_302 13 30 0 6 0 7 0 8 0 11 0 12 1 6 1 7 1 9 1 11 1 12 2 6 2 7 2 9 2 11 2 12 3 8 3 10 3 11 3 12 4 8 4 10 4 11 4 12 5 9 5 10 5 11 5 12 6 10 7 10 8 9
m13_303 13 29 0 6 0 7 0 8 0 12 1 6 1 7 1 9 1 12 2 6 2 7 2 9 2 12 3 8 3 10 3 11 3 12 4 8 4 10 4 11 4 12 5 9 5 10 5 11 5 12 6 10 6 11 7 10 7 11 8 9
m13_305 13 27 0 6 0 7 0 8 0 12 1 6 1 7 1 11 1 12 2 6 2 8 2 10 2 12 3 7 3 9 3 11 3 12 4 8 4 9 4 10 4 12 5 9 5 10 5 11 5 12 6 9 7 10 8 11
m13_306 13 27 0 6 0 7 0 8 0 12 1 6 1 7 1 10 1 12 2 6 2 10 2 11 2 12 3 7 3 9 3 10 3 12 4 8 4 9 4 11 4 12 5 8 5 9 5 11 5 12 6 9 7 11 8 10
m13_307 13 31 0 6 0 7 0 8 0 9 0 11 1 6 1 7 1 8 1 9 1 11 2 6 2 7 2 8 2 9 2 11 3 7 3 8 3 9 3 10 3 11 4 10 4 11 4 12 5 10 5 11 5 12 6 10 6 12 7 12 8 12 9 12
m13_308 13 32 0 6 0 7 0 10 0 11 0 12 1 6 1 9 1 10 1 11 1 12 2 6 2 9 2 10 2 11 2 12 3 7 3 8 3 10 3 11 3 12 4 7 4 8 4 10 4 11 4 12 5 8 5 9 5 10 5 11 5 12 6 8 7 9
m13_311 13 27 0 5 0 8 0 10 0 11 1 6 1 8 1 9 1 11 2 7 2 8 2 9 2 10 3 9 3 10 3 11 3 12 4 9 4 10 4 11 4 12 5 9 5 12 6 10 6 12 7 11 7 12 8 12
m13_312 13 27 0 5 0 8 0 11 1 6 1 8 1 10 2 7 2 8 2 9 3 9 3 10 3 11 3 12 4 9 4 10 4 11 4 12 5 9 5 10 5 12 6 9 6 11 6 12 7 10 7 11 7 12 8 12
m13_313 13 27 0 5 0 8 0 11 1 6 1 8 1 10 2 7 2 8 2 9 3 8 3 9 3 10 3 11 4 9 4 10 4 11 4 12 5 9 5 10 5 12 6 9 6 11 6 12 7 10 7 11 7 12 8 12
m13_314 13 28 0 5 0 7 0 8 0 11 1 6 1 8 1 9 1 10 2 7 2 8 2 10 2 11 3 9 3 10 3 11 3 12 4 9 4 10 4 11 4 12 5 9 5 10 5 12 6 11 6 12 7 9 7 12 8 12
m13_315 13 28 0 5 0 7 0 8 0 10 1 6 1 8 1 9 2 7 2 8 2 10 2 11 3 9 3 10 3 11 3 12 4 9 4 10 4 11 4 12 5 9 5 11 5 12 6 10 6 11 6 12 7 9 7 12 8 12
m13_316 13 28 0 5 0 7 0 8 0 10 1 6 1 8 1 9 2 7 2 8 2 10 2 11 3 8 3 9 3 10 3 11 4 9 4 10 4 11 4 12 5 9 5 11 5 12 6 10 6 11 6 12 7 9 7 12 8 12
m13_317 13 28 0 5 0 7 0 8 0 11 1 6 1 7 1 8 1 9 2 7 2 9 2 11 2 12 3 8 3 9 3 10 3 11 4 9 4 10 4 11 4 12 5 9 5 10 5 12 6 10 6 11 6 12 7 10 8 12
m13_318 13 29 0 5 0 7 0 8 0 10 1 6 1 7 1 8 1 9 2 7 2 8 2 9 2 10 3 8 3 9 3 10 3 11 4 9 4 10 4 11 4 12 5 9 5 11 5 12 6 10 6 11 6 12 7 11 7 12 8 12
m13_319 13 28 0 5 0 7 0 10 0 11 1 6 1 7 1 8 1 12 2 7 2 8 2 11 2 12 3 9 3 10 3 11 3 12 4 9 4 10 4 11 4 12 5 8 5 9 5 12 6 9 6 10 6 11 7 9 8 10
m13_320 13 28 0 5 0 7 0 9 0 11 1 6 1 7 1 8 1 9 2 7 2 9 2 11 2 12 3 8 3 9 3 10 3 12 4 9 4 10 4 11 4 12 5 8 5 10 5 12 6 10 6 11 6 12 7 10 8 11
m13_321 13 28 0 5 0 7 0 10 0 12 1 6 1 7 1 10 1 11 2 7 2 8 2 11 2 12 3 9 3 10 3 11 3 12 4 9 4 10 4 11 4 12 5 8 5 9 5 11 6 8 6 9 6 12 7 9 8 10
m13_322 13 30 0 5 0 7 0 11 1 6 1 7 1 9 1 10 1 12 2 7 2 9 2 10 2 11 2 12 3 8 3 9 3 10 3 11 3 12 4 8 4 9 4 10 4 11 4 12 5 8 5 9 5 10 5 12 6 8 6 11 7 8
m13_323 13 30 0 5 0 7 0 10 1 6 1 7 1 9 2 7 2 9 2 10 2 11 2 12 3 8 3 9 3 10 3 11 3 12 4 8 4 9 4 10 4 11 4 12 5 8 5 9 5 11 5 12 6 8 6 10 6 11 6 12 7 8
m13_324 13 30 0 5 0 7 0 10 1 6 1 7 1 9 2 7 2 9 2 10 2 11 3 8 3 9 3 10 3 11 3 12 4 8 4 9 4 10 4 11 4 12 5 8 5 9 5 11 5 12 6 8 6 10 6 11 6 12 7 8 7 12
m13_325 13 26 0 5 0 9 0 12 1 6 1 9 1 11 2 7 2 8 2 9 2 10 3 7 3 8 3 9 3 10 4 9 4 10 4 11 4 12 5 10 5 11 6 10 6 12 7 11 7 12 8 11 8 12
m13_326 13 27 0 5 0 8 0 11 1 6 1 8 1 10 2 7 2 10 2 11 2 12 3 7 3 10 3 11 3 12 4 9 4 10 4 11 4 12 5 9 5 10 5 12 6 9 6 11 6 12 7 8 7 9 8 12
m13_327 13 26 0 5 0 8 0 11 0 12 1 6 1 8 1 10 2 7 2 10 2 11 3 7 3 10 3 11 4 8 4 9 4 11 4 12 5 9 5 10 6 9 6 11 6 12 7 8 7 9 7 12 10 12
m13_328 13 27 0 5 0 8 0 11 1 6 1 8 1 10 2 7 2 10 2 11 2 12 3 7 3 10 3 11 3 12 4 8 4 9 4 10 4 11 5 9 5 10 5 12 6 9 6 11 6 12 7 8 7 9 8 12
m13_329 13 28 0 5 0 7 0 9 0 10 1 6 1 8 1 9 1 11 2 7 2 9 2 10 2 11 3 7 3 9 3 10 3 11 4 8 4 10 4 11 4 12 5 8 5 11 5 12 6 10 6 12 7 8 7 12 9 12
m13_330 13 28 0 5 0 7 0 9 0 10 1 6 1 8 1 9 2 7 2 9 2 10 2 11 3 7 3 9 3 10 3 11 4 8 4 10 4 11 4 12 5 8 5 11 5 12 6 10 6 11 6 12 7 8 7 12 9 12
m13_331 13 28 0 5 0 6 0 9 0 10 1 6 1 7 1 8 1 9 2 7 2 8 2 9 2 11 3 9 3 10 3 11 3 12 4 9 4 10 4 11 4 12 5 8 5 11 5 12 6 11 6 12 7 10 7 12 8 10
m13_332 13 28 0 5 0 6 0 10 0 12 1 6 1 7 1 8 1 10 2 7 2 8 2 9 2 10 3 8 3 9 3 10 3 11 4 10 4 11 4 12 5 8 5 9 5 11 6 9 6 11 7 11 7 12 8 12 9 12
m13_333 13 28 0 5 0 6 0 8 0 9 1 6 1 7 1 9 1 10 2 7 2 9 2 10 2 11 3 8 3 9 3 10 3 11 4 8 4 10 4 11 4 12 5 10 5 11 5 12 6 11 6 12 7 8 7 12 9 12
m13_334 13 31 0 5 0 6 0 7 0 8 0 12 1 6 1 7 1 8 1 10 1 12 2 7 2 8 2 10 2 11 2 12 3 8 3 9 3 10 3 11 3 12 4 8 4 9 4 10 4 11 4 12 5 9 5 10 5 11 6 9 6 11 7 9
m13_335 13 31 0 5 0 6 0 7 0 8 1 6 1 7 1 8 1 10 1 12 2 7 2 8 2 10 2 11 2 12 3 8 3 9 3 10 3 11 3 12 4 8 4 9 4 10 4 11 4 12 5 9 5 10 5 11 5 12 6 9 6 11 7 9
m13_336 13 27 0 5 0 6 0 8 0 9 1 6 1 8 1 9 1 10 2 7 2 9 2 11 3 7 3 9 3 11 4 8 4 10 4 11 4 12 5 10 5 11 5 12 6 11 6 12 7 8 7 10 7 12 9 12
m13_337 13 28 0 5 0 6 0 8 0 10 1 6 1 8 1 10 1 11 2 7 2 10 2 11 2 12 3 7 3 10 3 11 3 12 4 8 4 9 4 10 4 11 5 9 5 11 5 12 6 9 6 12 7 8 7 9 8 12
m13_338 13 28 0 5 0 6 0 8 0 12 1 6 1 8 1 11 1 12 2 7 2 10 2 11 2 12 3 7 3 10 3 11 3 12 4 8 4 9 4 11 5 9 5 10 5 11 6 9 6 10 7 8 7 9 8 10 9 12
m13_339 13 28 0 5 0 6 0 11 0 12 1 6 1 7 1 10 1 11 2 7 2 9 2 10 2 11 3 7 3 9 3 10 3 11 4 8 4 11 4 12 5 8 5 9 5 10 6 8 6 9 7 8 7 12 9 12 10 12
m13_340 13 30 0 5 0 6 0 8 1 6 1 7 1 8 1 9 2 8 2 9 2 10 2 11 2 12 3 8 3 9 3 10 3 11 3 12 4 8 4 9 4 10 4 11 4 12 5 7 5 9 6 10 6 11 6 12 7 10 7 11 7 12
m13_341 13 29 0 5 0 8 0 9 1 6 1 7 1 8 1 10 2 6 2 7 2 8 2 10 3 8 3 9 3 10 3 11 4 9 4 10 4 11 4 12 5 10 5 11 5 12 6 9 6 11 6 12 7 9 7 11 7 12 8 12
m13_342 13 29 0 5 0 8 0 9 0 10 1 6 1 7 1 8 1 11 2 6 2 7 2 8 2 11 3 8 3 9 3 10 3 11 4 9 4 10 4 11 4 12 5 11 5 12 6 9 6 10 6 12 7 9 7 10 7 12 8 12
m13_343 13 25 0 5 0 9 0 12 1 6 1 7 1 9 1 11 2 6 2 7 2 9 2 11 3 8 3 11 3 12 4 8 4 11 4 12 5 10 5 11 6 10 6 12 7 10 7 12 8 9 8 10
m13_344 13 29 0 5 0 7 0 9 0 11 1 6 1 7 1 8 1 9 2 6 2 7 2 8 2 9 3 9 3 10 3 11 3 12 4 9 4 10 4 11 4 12 5 8 5 10 6 10 6 11 6 12 7 10 7 12 8 11 8 12
m13_345 13 29 0 5 0 7 0 8 0 9 1 6 1 7 1 9 1 11 2 6 2 7 2 9 2 11 3 8 3 9 3 10 3 11 4 8 4 10 4 11 4 12 5 10 5 11 5 12 6 8 6 10 6 12 7 10 7 12 9 12
m13_346 13 30 0 5 0 7 0 8 0 10 0 12 1 6 1 7 1 10 1 11 1 12 2 6 2 7 2 10 2 11 2 12 3 8 3 9 3 10 3 11 3 12 4 8 4 9 4 10 4 11 4 12 5 9 5 11 6 8 6 9 7 9
m13_347 13 30 0 5 0 7 0 8 0 10 1 6 1 7 1 10 1 11 1 12 2 6 2 7 2 10 2 11 2 12 3 8 3 9 3 10 3 11 3 12 4 8 4 9 4 10 4 11 4 12 5 9 5 11 5 12 6 8 6 9 7 9
m13_348 13 30 0 5 0 7 0 8 0 10 1 6 1 7 1 10 1 11 2 6 2 7 2 10 2 11 3 8 3 9 3 10 3 11 3 12 4 8 4 9 4 10 4 11 4 12 5 9 5 11 5 12 6 8 6 9 6 12 7 9 7 12
m13_349 13 30 0 5 0 7 0 8 1 6 1 7 1 10 1 11 1 12 2 6 2 7 2 10 2 11 2 12 3 8 3 9 3 10 3 11 3 12 4 8 4 9 4 10 4 11 4 12 5 9 5 10 5 11 5 12 6 8 6 9 7 9
m13_350 13 30 0 5 0 7 0 8 1 6 1 7 1 10 1 11 2 6 2 7 2 10 2 11 3 8 3 9 3 10 3 11 3 12 4 8 4 9 4 10 4 11 4 12 5 9 5 10 5 11 5 12 6 8 6 9 6 12 7 9 7 12
m13_351 13 27 0 5 0 8 0 11 1 6 1 7 1 11 1 12 2 6 2 10 2 11 2 12 3 7 3 9 3 11 3 12 4 8 4 9 4 10 4 11 5 9 5 10 5 12 6 8 6 9 7 8 7 10 8 12
m13_352 13 27 0 5 0 7 0 11 0 12 1 6 1 7 1 8 1 11 2 6 2 8 2 9 2 11 3 7 3 10 3 11 3 12 4 9 4 10 4 11 4 12 5 8 5 9 5 10 6 10 6 12 7 9 8 12
m13_353 13 28 0 5 0 7 0 8 0 11 1 6 1 7 1 11 1 12 2 6 2 10 2 11 2 12 3 7 3 8 3 9 3 11 3 12 4 8 4 9 4 10 4 11 4 12 5 9 5 10 5 12 6 8 6 9 7 10
m13_354 13 28 0 5 0 7 0 9 0 10 1 6 1 7 1 10 1 11 2 6 2 8 2 10 2 11 3 7 3 9 3 10 3 11 4 8 4 9 4 11 4 12 5 8 5 11 5 12 6 9 6 12 7 8 7 12 10 12
m13_355 13 29 0 5 0 7 0 8 0 9 0 12 1 6 1 8 1 9 1 10 1 12 2 6 2 8 2 9 2 10 2 12 3 7 3 9 3 11 3 12 4 9 4 10 4 11 4 12 5 10 5 11 6 7 6 11 7 10 8 11
m13_356 13 29 0 5 0 7 0 8 0 9 1 6 1 8 1 9 1 10 2 6 2 8 2 9 2 10 3 7 3 9 3 11 3 12 4 9 4 10 4 11 4 12 5 10 5 11 5 12 6 7 6 11 6 12 7 10 8 11 8 12
m13_357 13 27 0 5 0 7 0 8 0 11 1 6 1 8 1 11 1 12 2 6 2 10 2 11 2 12 3 7 3 9 3 10 3 11 4 8 4 9 4 11 4 12 5 9 5 10 5 12 6 7 6 9 7 12 8 10
m13_358 13 30 0 5 0 7 0 10 0 11 0 12 1 6 1 9 1 10 1 11 1 12 2 6 2 9 2 10 2 11 2 12 3 7 3 8 3 10 3 11 3 12 4 8 4 9 4 10 4 11 4 12 5 8 5 9 6 7 6 8 7 9
m13_359 13 30 0 5 0 7 0 10 0 11 1 6 1 9 1 10 1 11 1 12 2 6 2 9 2 10 2 11 2 12 3 7 3 8 3 10 3 11 3 12 4 8 4 9 4 10 4 11 4 12 5 8 5 9 5 12 6 7 6 8 7 9
m13_360 13 30 0 5 0 7 0 11 1 6 1 9 1 10 1 11 1 12 2 6 2 9 2 10 2 11 2 12 3 7 3 8 3 10 3 11 3 12 4 8 4 9 4 10 4 11 4 12 5 8 5 9 5 10 5 12 6 7 6 8 7 9
m13_361 13 30 0 5 0 7 0 11 1 6 1 9 1 10 1 11 1 12 2 6 2 9 2 10 2 11 2 12 3 7 3 8 3 10 3 11 4 8 4 9 4 10 4 11 4 12 5 8 5 9 5 10 5 12 6 7 6 8 7 9 7 12
m13_362 13 28 0 5 0 7 0 10 1 6 1 8 1 10 1 11 2 6 2 8 2 10 2 11 3 7 3 9 3 11 3 12 4 8 4 9 4 10 4 11 5 9 5 11 5 12 6 7 6 9 6 12 7 8 8 12 10 12
m13_363 13 32 0 5 0 6 0 7 0 9 1 6 1 7 1 8 1 9 1 10 2 6 2 7 2 8 2 9 2 10 3 8 3 9 3 10 3 11 3 12 4 8 4 9 4 10 4 11 4 12 5 8 5 10 5 11 5 12 6 11 6 12 7 11 7 12
m13_364 13 30 0 5 0 6 0 7 0 10 0 12 1 6 1 7 1 10 1 11 1 12 2 6 2 9 2 10 2 11 2 12 3 7 3 8 3 10 3 11 3 12 4 8 4 9 4 10 4 11 4 12 5 8 5 9 5 11 6 8 7 9
m13_365 13 30 0 5 0 6 0 7 0 10 0 12 1 6 1 9 1 10 1 11 1 12 2 6 2 9 2 10 2 11 2 12 3 7 3 8 3 10 3 11 3 12 4 7 4 8 4 10 4 11 4 12 5 8 5 9 5 11 6 8 7 9
m13_366 13 28 0 5 0 6 0 9 0 11 1 5 1 6 1 9 1 11 2 7 2 8 2 9 2 10 3 7 3 8 3 9 3 10 4 10 4 11 4 12 5 10 5 12 6 10 6 12 7 11 7 12 8 11 8 12 9 12
m13_367 13 28 0 5 0 6 0 9 0 12 1 5 1 6 1 9 1 12 2 7 2 8 2 9 2 11 3 7 3 8 3 9 3 11 4 9 4 10 4 11 4 12 5 10 5 11 6 10 6 11 7 10 7 12 8 10 8 12
m13_368 13 29 0 5 0 6 0 8 0 9 1 5 1 6 1 8 1 9 2 7 2 9 2 11 2 12 3 7 3 9 3 11 3 12 4 8 4 10 4 11 5 10 5 11 5 12 6 10 6 11 6 12 7 8 7 10 8 12 9 10
m13_369 13 29 0 5 0 6 0 8 0 10 0 12 1 5 1 6 1 8 1 10 1 12 2 7 2 10 2 11 2 12 3 7 3 10 3 11 3 12 4 8 4 9 4 10 4 11 4 12 5 9 5 11 6 9 6 11 7 8 7 9
m13_370 13 29 0 5 0 6 0 8 0 10 1 5 1 6 1 8 1 10 2 7 2 10 2 11 2 12 3 7 3 10 3 11 3 12 4 8 4 9 4 10 4 11 5 9 5 11 5 12 6 9 6 11 6 12 7 8 7 9 8 12
m13_371 13 27 0 5 0 6 0 9 0 11 1 5 1 7 1 9 1 10 2 6 2 7 2 8 2 9 3 8 3 9 3 10 3 11 4 8 4 10 4 11 4 12 5 8 5 12 6 10 6 12 7 11 7 12 9 12
m13_372 13 28 0 5 0 6 0 10 0 11 0 12 1 5 1 7 1 9 1 11 1 12 2 6 2 7 2 8 2 11 2 12 3 8 3 9 3 10 3 11 3 12 4 8 4 9 4 10 4 11 4 12 5 8 6 9 7 10
m13_373 13 28 0 5 0 6 0 10 0 11 1 5 1 7 1 9 1 11 2 6 2 7 2 8 2 11 3 8 3 9 3 10 3 11 3 12 4 8 4 9 4 10 4 11 4 12 5 8 5 12 6 9 6 12 7 10 7 12
m13_374 13 30 0 5 0 6 0 7 0 10 0 12 1 5 1 7 1 9 1 10 1 12 2 6 2 7 2 8 2 10 2 12 3 8 3 9 3 10 3 11 3 12 4 8 4 9 4 10 4 11 4 12 5 8 5 11 6 9 6 11 7 11
m13_375 13 27 0 5 0 6 0 11 0 12 1 5 1 7 1 10 1 12 2 6 2 9 2 11 2 12 3 7 3 9 3 10 3 12 4 8 4 9 4 10 4 11 4 12 5 8 5 9 6 8 6 10 7 8 7 11
m13_376 13 29 0 5 0 6 0 8 0 10 0 12 1 5 1 8 1 9 1 10 1 12 2 6 2 7 2 8 2 10 2 12 3 7 3 10 3 11 3 12 4 9 4 10 4 11 4 12 5 7 5 11 6 9 6 11 7 9 8 11
m13_377 13 29 0 5 0 6 0 10 0 11 0 12 1 5 1 9 1 10 1 11 1 12 2 6 2 7 2 11 2 12 3 7 3 8 3 9 3 11 3 12 4 8 4 9 4 10 4 11 4 12 5 7 5 8 6 8 6 9 7 10
m13_378 13 30 0 5 0 6 0 10 0 11 0 12 1 5 1 9 1 10 1 11 1 12 2 6 2 7 2 10 2 11 2 12 3 7 3 8 3 10 3 11 3 12 4 8 4 9 4 10 4 11 4 12 5 7 5 8 6 8 6 9 7 9
m13_379 13 28 0 5 0 8 0 10 0 11 1 5 1 8 1 10 1 11 2 6 2 7 2 9 2 10 3 6 3 8 3 9 3 10 4 7 4 9 4 11 4 12 5 7 5 9 5 12 6 11 6 12 7 8 8 12 10 12
m13_380 13 27 0 4 0 7 0 10 0 12 1 5 1 7 1 9 1 12 2 6 2 7 2 8 2 9 3 9 3 10 3 11 3 12 4 8 4 9 4 11 5 8 5 10 5 11 6 10 6 11 6 12 7 11 8 12
m13_381 13 27 0 4 0 7 0 11 0 12 1 5 1 7 1 9 1 11 2 6 2 7 2 8 2 12 3 10 3 11 3 12 4 8 4 9 4 10 5 8 5 10 5 12 6 9 6 10 6 11 7 10 8 11 9 12
m13_382 13 27 0 4 0 7 0 11 1 5 1 7 1 10 2 6 2 7 2 8 2 9 3 8 3 9 3 10 3 11 3 12 4 8 4 9 4 10 4 12 5 8 5 9 5 11 5 12 6 10 6 11 6 12 7 12
m13_383 13 28 0 4 0 7 0 10 1 5 1 7 1 9 2 6 2 7 2 8 3 8 3 9 3 10 3 11 3 12 4 8 4 9 4 11 4 12 5 8 5 10 5 11 5 12 6 9 6 10 6 11 6 12 7 11 7 12
m13_384 13 24 0 4 0 8 0 11 1 5 1 8 1 10 1 12 2 6 2 8 2 9 2 12 3 7 3 8 3 9 3 10 4 9 4 10 4 12 5 9 5 11 6 10 6 11 7 11 7 12
m13_385 13 25 0 4 0 7 0 8 0 9 1 5 1 8 1 11 2 6 2 8 2 10 2 12 3 7 3 8 3 9 3 10 4 10 4 11 4 12 5 9 5 10 5 12 6 9 6 11 7 11 7 12
m13_386 13 27 0 4 0 7 0 8 0 10 1 5 1 7 1 8 1 9 2 6 2 8 2 11 3 7 3 8 3 9 3 10 4 9 4 11 4 12 5 10 5 11 5 12 6 9 6 10 6 12 7 11 7 12 8 12
m13_387 13 29 0 4 0 6 0 7 0 8 1 5 1 7 1 10 2 6 2 7 2 8 2 9 3 8 3 9 3 10 3 11 3 12 4 9 4 10 4 11 4 12 5 8 5 9 5 11 5 12 6 10 6 11 6 12 7 11 7 12
m13_388 13 28 0 4 0 6 0 8 0 12 1 5 1 7 1 8 1 9 2 6 2 8 2 10 2 12 3 7 3 8 3 9 3 10 4 9 4 10 4 11 5 10 5 11 5 12 6 9 6 11 7 11 7 12 8 11 9 12
m13_389 13 26 0 4 0 6 0 7 0 9 1 5 1 7 1 8 1 11 2 6 2 8 2 9 2 10 3 7 3 9 3 11 3 12 4 8 4 10 4 11 5 9 5 10 5 12 6 11 6 12 7 10 8 12
m13_390 13 27 0 4 0 8 0 11 1 5 1 8 1 10 2 6 2 7 2 8 2 9 3 6 3 7 3 8 3 9 4 9 4 10 4 12 5 9 5 11 5 12 6 10 6 11 6 12 7 10 7 11 7 12 8 12
m13_391 13 29 0 4 0 7 0 8 0 12 1 5 1 6 1 8 1 9 2 5 2 6 2 8 2 9 3 7 3 8 3 10 3 12 4 9 4 10 4 11 5 10 5 11 5 12 6 10 6 11 6 12 7 9 7 11 8 11 9 12
