# q | maxmin 25*maxmin q^2 | prodviol max(5^10*prod) q^10 argprod
1 0 0 1  | prodviol=0 max5^10prod=0 q^10=1 arg=[0,0,0,0,0,0,0,1]
2 0 0 4  | prodviol=0 max5^10prod=0 q^10=1024 arg=[0,0,0,0,0,0,0,2]
3 0 0 9  | prodviol=0 max5^10prod=0 q^10=59049 arg=[0,0,0,0,0,0,0,3]
4 0 0 16  | prodviol=0 max5^10prod=0 q^10=1048576 arg=[0,0,0,0,0,0,0,4]
5 1 25 25 EQ | prodviol=0 max5^10prod=9765625 q^10=9765625 arg=[0,0,0,1,1,1,1,1]  PROD-EQ
6 1 25 36  | prodviol=0 max5^10prod=39062500 q^10=60466176 arg=[0,0,0,1,1,1,1,2]
7 1 25 49  | prodviol=0 max5^10prod=175781250 q^10=282475249 arg=[0,0,1,1,1,1,2,1]
8 2 50 64  | prodviol=0 max5^10prod=703125000 q^10=1073741824 arg=[0,0,1,1,1,2,2,1]
9 2 50 81  | prodviol=0 max5^10prod=2812500000 q^10=3486784401 arg=[0,0,1,1,2,2,2,1]
10 4 100 100 EQ | prodviol=0 max5^10prod=10000000000 q^10=10000000000 arg=[0,0,0,2,2,2,2,2]  PROD-EQ
11 4 100 121  | prodviol=0 max5^10prod=23437500000 q^10=25937424601 arg=[0,0,1,2,2,2,3,1]
12 5 125 144  | prodviol=0 max5^10prod=52734375000 q^10=61917364224 arg=[0,0,1,2,2,3,3,1]
13 6 150 169  | prodviol=0 max5^10prod=118652343750 q^10=137858491849 arg=[0,0,1,2,3,3,3,1]
14 6 150 196  | prodviol=0 max5^10prod=265781250000 q^10=289254654976 arg=[0,0,1,2,3,3,3,2]
15 9 225 225 EQ | prodviol=0 max5^10prod=576650390625 q^10=576650390625 arg=[0,0,0,3,3,3,3,3]  PROD-EQ
16 9 225 256  | prodviol=0 max5^10prod=1044140625000 q^10=1099511627776 arg=[0,0,1,3,3,3,4,2]
17 10 250 289  | prodviol=0 max5^10prod=1860468750000 q^10=2015993900449 arg=[0,0,2,3,3,3,4,2]
18 12 300 324  | prodviol=0 max5^10prod=3307500000000 q^10=3570467226624 arg=[0,0,2,3,3,4,4,2]
19 12 300 361  | prodviol=0 max5^10prod=5880000000000 q^10=6131066257801 arg=[0,0,2,3,4,4,4,2]
20 16 400 400 EQ | prodviol=0 max5^10prod=10240000000000 q^10=10240000000000 arg=[0,0,0,4,4,4,4,4]  PROD-EQ
21 16 400 441  | prodviol=0 max5^10prod=16200000000000 q^10=16679880978201 arg=[0,0,2,4,4,4,5,2]
22 18 450 484  | prodviol=0 max5^10prod=25312500000000 q^10=26559922791424 arg=[0,0,2,4,4,5,5,2]
23 20 500 529  | prodviol=0 max5^10prod=39550781250000 q^10=41426511213649 arg=[0,0,2,4,5,5,5,2]
24 21 525 576  | prodviol=0 max5^10prod=61767578125000 q^10=63403380965376 arg=[0,0,2,4,5,5,5,3]
25 25 625 625 EQ | prodviol=0 max5^10prod=95367431640625 q^10=95367431640625 arg=[0,0,0,5,5,5,5,5]  PROD-EQ
26 25 625 676  | prodviol=0 max5^10prod=138427734375000 q^10=141167095653376 arg=[0,0,2,5,5,5,6,3]
27 28 700 729  | prodviol=0 max5^10prod=199401855468750 q^10=205891132094649 arg=[0,0,3,5,5,5,6,3]
28 30 750 784  | prodviol=0 max5^10prod=287138671875000 q^10=296196766695424 arg=[0,0,3,5,5,6,6,3]
29 30 750 841  | prodviol=0 max5^10prod=413479687500000 q^10=420707233300201 arg=[0,0,3,5,6,6,6,3]
30 36 900 900 EQ | prodviol=0 max5^10prod=590490000000000 q^10=590490000000000 arg=[0,0,0,6,6,6,6,6]  PROD-EQ
