GMyc2_C5 11 9216 480 0 1 51 : 96 96 96 96 96 0 0 0 0 0 0
GMyc3_C5 16 9216 480 0 1 36 : 96 96 96 96 96 0 0 0 0 0 0 0 0 0 0 0
GMyc2_C7 15 9216 480 0 1 28 : 96 96 0 0 0 0 0 96 96 0 0 0 0 0 96
Clebsch 16 9216 480 0 1 432 : 96 96 0 96 0 0 0 96 96 0 0 0 0 0 0 0
Petersen2 10 9216 480 0 1 22 : 96 96 96 96 96 0 0 0 0 0
Circ15_1 15 1024 480 -204800 0 0 : 32 32 32 32 32 32 32 32 32 32 32 32 32 32 32
Circ15_2 15 1024 480 -204800 0 0 : 32 32 32 32 32 32 32 32 32 32 32 32 32 32 32
Circ15_3 15 9216 480 0 1 9 : 96 0 0 96 0 0 96 0 0 96 0 0 96 0 0
Circ15_4 15 1024 480 -204800 0 0 : 32 32 32 32 32 32 32 32 32 32 32 32 32 32 32
Circ15_6 15 9216 480 0 1 9 : 96 0 0 96 0 0 96 0 0 96 0 0 96 0 0
Circ15_7 15 1024 480 -204800 0 0 : 32 32 32 32 32 32 32 32 32 32 32 32 32 32 32
Circ15_1-3 15 9216 480 0 1 9 : 96 0 0 96 0 0 96 0 0 96 0 0 96 0 0
Circ15_1-4 15 9216 480 0 1 78 : 96 96 96 96 96 0 0 0 0 0 0 0 0 0 0
Circ15_1-6 15 9216 480 0 1 99 : 96 96 96 96 0 0 0 0 0 96 0 0 0 0 0
Circ15_2-3 15 9216 480 0 1 81 : 96 96 96 96 96 0 0 0 0 0 0 0 0 0 0
Circ15_2-6 15 9216 480 0 1 9 : 96 0 0 96 0 0 96 0 0 96 0 0 96 0 0
Circ15_2-7 15 9216 480 0 1 90 : 96 0 96 0 96 0 96 0 96 0 0 0 0 0 0
Circ15_3-4 15 9216 480 0 1 9 : 96 0 0 96 0 0 96 0 0 96 0 0 96 0 0
Circ15_3-7 15 9216 480 0 1 93 : 96 0 0 96 0 0 96 0 0 96 0 0 96 0 0
Circ15_4-6 15 9216 480 0 1 93 : 96 0 96 0 96 0 96 0 96 0 0 0 0 0 0
Circ15_6-7 15 9216 480 0 1 9 : 96 0 0 96 0 0 96 0 0 96 0 0 96 0 0
Circ15_1-4-6 15 9216 480 0 1 621 : 96 96 96 96 96 0 0 0 0 0 0 0 0 0 0
Circ15_2-3-7 15 9216 480 0 1 621 : 96 96 96 96 96 0 0 0 0 0 0 0 0 0 0
Circ16_1 16 0 480 -230400 0 0 : 32 32 32 32 32 32 32 32 32 32 32 32 24 24 24 24
Circ16_2 16 0 480 -230400 0 0 : 32 32 32 32 32 32 32 32 32 32 32 32 24 24 24 24
Circ16_3 16 0 480 -230400 0 0 : 32 32 32 32 32 32 32 32 32 32 32 32 24 24 24 24
Circ16_4 16 0 480 -230400 0 0 : 32 32 32 32 32 32 32 32 32 32 32 32 24 24 24 24
Circ16_5 16 0 480 -230400 0 0 : 32 32 32 32 32 32 32 32 32 32 32 32 24 24 24 24
Circ16_6 16 0 480 -230400 0 0 : 32 32 32 32 32 32 32 32 32 32 32 32 24 24 24 24
Circ16_7 16 0 480 -230400 0 0 : 32 32 32 32 32 32 32 32 32 32 32 32 24 24 24 24
Circ16_8 16 0 480 -230400 0 0 : 32 32 32 32 32 32 32 32 32 32 32 32 24 24 24 24
Circ16_1-3 16 0 480 -230400 0 0 : 32 32 32 32 32 32 32 32 32 32 32 32 24 24 24 24
Circ16_1-4 16 9216 480 0 1 48 : 96 96 96 96 96 0 0 0 0 0 0 0 0 0 0 0
Circ16_1-5 16 0 480 -230400 0 0 : 32 32 32 32 32 32 32 32 32 32 32 32 24 24 24 24
Circ16_1-6 16 9216 480 0 1 72 : 96 96 0 0 0 96 96 0 0 0 0 96 0 0 0 0
Circ16_1-7 16 0 480 -230400 0 0 : 32 32 32 32 32 32 32 32 32 32 32 32 24 24 24 24
Circ16_1-8 16 2809 480 -160175 0 0 : 0 0 0 0 0 0 24 53 53 53 54 53 54 54 53 29
Circ16_2-3 16 9216 480 0 1 76 : 96 96 96 96 96 0 0 0 0 0 0 0 0 0 0 0
Circ16_2-5 16 9216 480 0 1 96 : 96 0 96 0 96 0 96 0 0 0 0 96 0 0 0 0
Circ16_2-6 16 0 480 -230400 0 0 : 32 32 32 32 32 32 32 32 32 32 32 32 24 24 24 24
Circ16_2-8 16 9216 480 0 1 48 : 96 0 96 0 96 0 96 0 96 0 0 0 0 0 0 0
Circ16_3-4 16 9216 480 0 1 48 : 96 0 0 96 0 0 96 0 0 96 0 0 96 0 0 0
Circ16_3-5 16 0 480 -230400 0 0 : 32 32 32 32 32 32 32 32 32 32 32 32 24 24 24 24
Circ16_3-7 16 0 480 -230400 0 0 : 32 32 32 32 32 32 32 32 32 32 32 32 24 24 24 24
Circ16_3-8 16 2809 480 -160175 0 0 : 53 47 0 53 55 0 53 53 0 52 53 0 5 53 3 0
Circ16_4-5 16 9216 480 0 1 44 : 96 96 0 0 0 96 96 0 0 0 0 96 0 0 0 0
Circ16_4-7 16 9216 480 0 1 48 : 96 0 96 0 96 0 0 0 0 96 0 96 0 0 0 0
Circ16_5-7 16 0 480 -230400 0 0 : 32 32 32 32 32 32 32 32 32 32 32 32 24 24 24 24
Circ16_5-8 16 2809 480 -160175 0 0 : 0 44 53 53 9 0 0 53 54 53 0 0 55 53 53 0
Circ16_6-7 16 9216 480 0 1 96 : 96 0 96 0 0 0 96 0 0 96 0 0 96 0 0 0
Circ16_6-8 16 9216 480 0 1 48 : 96 0 96 0 0 0 96 0 96 0 0 0 96 0 0 0
Circ16_7-8 16 2809 480 -160175 0 0 : 53 0 53 1 53 53 0 53 0 55 0 53 8 45 53 0
Circ16_1-3-5 16 0 480 -230400 0 0 : 32 32 32 32 32 32 32 32 32 32 32 32 24 24 24 24
Circ16_1-3-7 16 0 480 -230400 0 0 : 32 32 32 32 32 32 32 32 32 32 32 32 24 24 24 24
Circ16_1-3-8 16 9216 480 0 1 428 : 96 96 96 0 0 96 0 0 96 0 0 0 0 0 0 0
Circ16_1-4-7 16 9216 480 0 1 672 : 96 96 96 96 96 0 0 0 0 0 0 0 0 0 0 0
Circ16_1-5-7 16 0 480 -230400 0 0 : 32 32 32 32 32 32 32 32 32 32 32 32 24 24 24 24
Circ16_1-5-8 16 9216 480 0 1 408 : 96 96 96 96 0 0 0 0 96 0 0 0 0 0 0 0
Circ16_1-6-8 16 9216 480 0 1 120 : 96 96 0 0 0 96 96 0 0 0 0 96 0 0 0 0
Circ16_2-3-8 16 9216 480 0 1 124 : 96 96 96 96 96 0 0 0 0 0 0 0 0 0 0 0
Circ16_2-5-8 16 9216 480 0 1 144 : 96 0 96 0 96 0 96 0 96 0 0 0 0 0 0 0
Circ16_3-4-5 16 9216 480 0 1 672 : 96 96 0 96 96 0 96 0 0 0 0 0 0 0 0 0
Circ16_3-5-7 16 0 480 -230400 0 0 : 32 32 32 32 32 32 32 32 32 32 32 32 24 24 24 24
Circ16_3-7-8 16 9216 480 0 1 456 : 96 96 0 96 0 0 0 0 96 0 96 0 0 0 0 0
Circ16_5-7-8 16 9216 480 0 1 476 : 96 96 0 0 0 96 0 0 96 0 96 0 0 0 0 0
Circ16_6-7-8 16 9216 480 0 1 144 : 96 0 96 0 0 0 96 0 96 0 0 0 96 0 0 0
Circ16_1-3-5-7 16 0 480 -230400 0 0 : 32 32 32 32 32 32 32 32 32 32 32 32 24 24 24 24
