#HITS C5 1
HIT C5 : 9 9 9 9 9
#HITS C7 0
#HITS W8 72
HIT W8 : 0 9 0 9 9 0 9 9
HIT W8 : 0 9 1 8 9 0 9 9
HIT W8 : 0 9 2 7 9 0 9 9
HIT W8 : 0 9 3 6 9 0 9 9
HIT W8 : 0 9 4 5 9 0 9 9
HIT W8 : 0 9 5 4 9 0 9 9
HIT W8 : 0 9 6 3 9 0 9 9
HIT W8 : 0 9 7 2 9 0 9 9
HIT W8 : 0 9 8 1 9 0 9 9
HIT W8 : 0 9 9 0 9 0 9 9
HIT W8 : 0 9 9 0 9 1 8 9
HIT W8 : 0 9 9 0 9 2 7 9
HIT W8 : 0 9 9 0 9 3 6 9
HIT W8 : 0 9 9 0 9 4 5 9
HIT W8 : 0 9 9 0 9 5 4 9
HIT W8 : 0 9 9 0 9 6 3 9
HIT W8 : 0 9 9 0 9 7 2 9
HIT W8 : 0 9 9 0 9 8 1 9
HIT W8 : 0 9 9 0 9 9 0 9
HIT W8 : 1 8 9 0 9 9 0 9
HIT W8 : 1 9 0 9 9 0 9 8
HIT W8 : 2 7 9 0 9 9 0 9
HIT W8 : 2 9 0 9 9 0 9 7
HIT W8 : 3 6 9 0 9 9 0 9
HIT W8 : 3 9 0 9 9 0 9 6
HIT W8 : 4 5 9 0 9 9 0 9
HIT W8 : 4 9 0 9 9 0 9 5
HIT W8 : 5 4 9 0 9 9 0 9
HIT W8 : 5 9 0 9 9 0 9 4
HIT W8 : 6 3 9 0 9 9 0 9
HIT W8 : 6 9 0 9 9 0 9 3
HIT W8 : 7 2 9 0 9 9 0 9
HIT W8 : 7 9 0 9 9 0 9 2
HIT W8 : 8 1 9 0 9 9 0 9
HIT W8 : 8 9 0 9 9 0 9 1
HIT W8 : 9 0 9 0 9 9 0 9
HIT W8 : 9 0 9 1 8 9 0 9
HIT W8 : 9 0 9 2 7 9 0 9
HIT W8 : 9 0 9 3 6 9 0 9
HIT W8 : 9 0 9 4 5 9 0 9
HIT W8 : 9 0 9 5 4 9 0 9
HIT W8 : 9 0 9 6 3 9 0 9
HIT W8 : 9 0 9 7 2 9 0 9
HIT W8 : 9 0 9 8 1 9 0 9
HIT W8 : 9 0 9 9 0 9 0 9
HIT W8 : 9 0 9 9 0 9 1 8
HIT W8 : 9 0 9 9 0 9 2 7
HIT W8 : 9 0 9 9 0 9 3 6
HIT W8 : 9 0 9 9 0 9 4 5
HIT W8 : 9 0 9 9 0 9 5 4
HIT W8 : 9 0 9 9 0 9 6 3
HIT W8 : 9 0 9 9 0 9 7 2
HIT W8 : 9 0 9 9 0 9 8 1
HIT W8 : 9 0 9 9 0 9 9 0
HIT W8 : 9 1 8 9 0 9 9 0
HIT W8 : 9 2 7 9 0 9 9 0
HIT W8 : 9 3 6 9 0 9 9 0
HIT W8 : 9 4 5 9 0 9 9 0
HIT W8 : 9 5 4 9 0 9 9 0
HIT W8 : 9 6 3 9 0 9 9 0
HIT W8 : 9 7 2 9 0 9 9 0
HIT W8 : 9 8 1 9 0 9 9 0
HIT W8 : 9 9 0 9 0 9 9 0
HIT W8 : 9 9 0 9 1 8 9 0
HIT W8 : 9 9 0 9 2 7 9 0
HIT W8 : 9 9 0 9 3 6 9 0
HIT W8 : 9 9 0 9 4 5 9 0
HIT W8 : 9 9 0 9 5 4 9 0
HIT W8 : 9 9 0 9 6 3 9 0
HIT W8 : 9 9 0 9 7 2 9 0
HIT W8 : 9 9 0 9 8 1 9 0
HIT W8 : 9 9 0 9 9 0 9 0
C5 5 45 81 0 : 9 9 9 9 9
C7 7 45 -1 -2050 : 0 0 0 0 0 0 0
W8 8 45 81 0 : 0 9 0 9 9 0 9 9
