rmtf17_0 17 2304 240 0 1 510 : 48 48 48 0 48 0 0 48 0 0 0 0 0 0 0 0 0
rmtf17_1 17 2304 240 0 1 808 : 48 48 48 48 0 0 0 48 0 0 0 0 0 0 0 0 0
rmtf17_2 17 2304 240 0 1 528 : 48 0 48 48 48 0 0 0 0 0 0 0 48 0 0 0 0
rmtf17_3 17 2304 240 0 1 722 : 48 48 48 0 0 0 48 0 0 0 0 0 48 0 0 0 0
rmtf17_4 17 2304 240 0 1 695 : 48 48 48 48 48 0 0 0 0 0 0 0 0 0 0 0 0
rmtf17_5 17 2304 240 0 1 573 : 48 48 48 0 0 0 0 0 48 0 48 0 0 0 0 0 0
rmtf17_6 17 2304 240 0 1 516 : 48 48 0 0 0 48 0 48 48 0 0 0 0 0 0 0 0
rmtf17_7 17 2304 240 0 1 668 : 48 0 0 48 48 0 48 0 0 0 48 0 0 0 0 0 0
rmtf17_8 17 2304 240 0 1 473 : 48 48 48 48 0 0 0 0 0 0 48 0 0 0 0 0 0
rmtf17_9 17 2304 240 0 1 672 : 48 48 0 0 48 0 48 48 0 0 0 0 0 0 0 0 0
rmtf17_10 17 2304 240 0 1 605 : 48 48 0 48 48 0 0 48 0 0 0 0 0 0 0 0 0
rmtf17_11 17 2304 240 0 1 435 : 48 48 0 0 0 48 0 0 0 0 48 48 0 0 0 0 0
rmtf17_12 17 2304 240 0 1 696 : 48 0 48 0 48 48 0 48 0 0 0 0 0 0 0 0 0
rmtf17_13 17 2304 240 0 1 688 : 48 48 0 0 48 0 0 48 0 48 0 0 0 0 0 0 0
rmtf17_14 17 2304 240 0 1 529 : 48 48 48 48 48 0 0 0 0 0 0 0 0 0 0 0 0
rmtf17_15 17 2304 240 0 1 521 : 48 0 0 48 0 0 0 48 48 48 0 0 0 0 0 0 0
rmtf17_16 17 2304 240 0 1 564 : 48 48 0 48 0 0 0 48 0 0 0 0 0 0 0 48 0
rmtf17_17 17 2304 240 0 1 633 : 48 48 0 0 48 0 48 0 0 0 0 0 48 0 0 0 0
rmtf17_18 17 2304 240 0 1 654 : 48 48 48 0 0 0 0 0 48 0 0 0 0 0 0 48 0
rmtf17_19 17 2304 240 0 1 633 : 48 48 48 0 0 48 0 0 0 0 0 0 0 48 0 0 0
rmtf17_20 17 2304 240 0 1 491 : 48 48 0 48 48 0 0 0 0 0 0 48 0 0 0 0 0
rmtf17_21 17 2304 240 0 1 628 : 48 48 0 48 0 0 48 0 0 0 0 0 0 48 0 0 0
rmtf17_22 17 2304 240 0 1 532 : 48 48 48 0 0 0 0 0 0 0 48 0 0 0 0 48 0
rmtf17_23 17 2304 240 0 1 485 : 48 48 0 0 48 0 0 48 0 0 0 0 0 0 0 0 48
rmtf17_24 17 2304 240 0 1 646 : 48 0 48 0 0 48 0 0 0 0 48 0 0 0 0 0 48
rmtf17_25 17 2304 240 0 1 620 : 48 48 0 48 0 0 0 48 0 0 48 0 0 0 0 0 0
rmtf17_26 17 2304 240 0 1 494 : 48 48 0 48 0 0 0 0 48 48 0 0 0 0 0 0 0
rmtf17_27 17 2304 240 0 1 536 : 48 0 48 48 0 0 0 0 48 0 0 48 0 0 0 0 0
rmtf17_28 17 2304 240 0 1 490 : 48 0 0 48 48 0 0 48 0 0 0 0 0 0 0 0 48
rmtf17_29 17 2304 240 0 1 526 : 48 48 48 0 48 0 0 0 48 0 0 0 0 0 0 0 0
rmtf17_30 17 2304 240 0 1 450 : 48 48 0 48 48 0 48 0 0 0 0 0 0 0 0 0 0
rmtf17_31 17 2304 240 0 1 491 : 48 48 0 48 0 0 0 48 48 0 0 0 0 0 0 0 0
rmtf17_32 17 2304 240 0 1 565 : 48 48 48 48 0 48 0 0 0 0 0 0 0 0 0 0 0
rmtf17_33 17 2304 240 0 1 464 : 48 48 48 48 48 0 0 0 0 0 0 0 0 0 0 0 0
rmtf17_34 17 2304 240 0 1 454 : 48 48 0 0 0 0 0 0 0 0 48 0 48 48 0 0 0
rmtf17_35 17 2304 240 0 1 579 : 48 0 48 0 0 48 0 48 48 0 0 0 0 0 0 0 0
rmtf17_36 17 2304 240 0 1 621 : 48 48 0 0 48 48 0 0 0 0 0 0 48 0 0 0 0
rmtf17_37 17 2304 240 0 1 605 : 48 48 48 0 0 48 0 48 0 0 0 0 0 0 0 0 0
rmtf17_38 17 2304 240 0 1 858 : 48 48 0 48 0 48 0 0 0 0 0 0 0 0 48 0 0
rmtf17_39 17 2304 240 0 1 504 : 48 48 48 0 0 48 0 48 0 0 0 0 0 0 0 0 0
rmtf18_0 18 2304 240 0 1 738 : 48 48 0 48 0 0 0 0 0 0 0 0 0 0 0 48 48 0
rmtf18_1 18 2304 240 0 1 579 : 48 48 48 0 48 0 0 0 0 0 0 0 0 0 0 0 0 48
rmtf18_2 18 2304 240 0 1 790 : 48 48 0 48 0 0 48 0 0 48 0 0 0 0 0 0 0 0
rmtf18_3 18 2304 240 0 1 828 : 48 48 0 48 0 0 0 0 48 0 0 48 0 0 0 0 0 0
rmtf18_4 18 2304 240 0 1 692 : 48 48 48 48 0 0 0 0 0 0 0 0 48 0 0 0 0 0
rmtf18_5 18 2304 240 0 1 644 : 48 0 48 48 48 0 0 0 0 0 0 48 0 0 0 0 0 0
rmtf18_6 18 2304 240 0 1 650 : 48 48 0 0 0 0 0 0 0 0 0 0 48 48 0 0 0 48
rmtf18_7 18 2304 240 0 1 735 : 48 48 0 0 48 0 0 48 0 0 0 0 0 0 0 48 0 0
rmtf18_8 18 2304 240 0 1 724 : 48 0 0 48 48 0 48 0 0 0 0 0 0 0 0 0 48 0
rmtf18_9 18 2304 240 0 1 674 : 48 48 0 0 48 48 0 48 0 0 0 0 0 0 0 0 0 0
rmtf18_10 18 2304 240 0 1 832 : 48 48 48 48 0 0 0 0 0 48 0 0 0 0 0 0 0 0
rmtf18_11 18 2304 240 0 1 788 : 48 48 48 0 0 0 0 48 0 48 0 0 0 0 0 0 0 0
rmtf18_12 18 2304 240 0 1 697 : 48 48 0 48 0 48 0 0 0 0 48 0 0 0 0 0 0 0
rmtf18_13 18 2304 240 0 1 648 : 48 48 0 0 48 0 48 0 0 48 0 0 0 0 0 0 0 0
rmtf18_14 18 2304 240 0 1 506 : 48 0 48 0 0 0 0 0 0 0 0 48 0 48 48 0 0 0
rmtf18_15 18 2304 240 0 1 610 : 48 48 0 48 0 0 0 48 0 0 0 0 0 0 0 0 48 0
rmtf18_16 18 2304 240 0 1 575 : 48 48 0 48 0 0 0 0 0 0 0 0 0 48 0 0 48 0
rmtf18_17 18 2304 240 0 1 1079 : 48 48 48 0 0 48 0 0 0 0 0 0 0 0 48 0 0 0
rmtf18_18 18 2304 240 0 1 810 : 48 0 0 48 48 0 0 48 0 0 0 0 0 48 0 0 0 0
rmtf18_19 18 2304 240 0 1 813 : 48 48 48 0 0 0 0 0 48 0 0 48 0 0 0 0 0 0
rmtf18_20 18 2304 240 0 1 760 : 48 48 48 0 0 0 0 0 0 48 0 0 0 0 0 0 48 0
rmtf18_21 18 2304 240 0 1 747 : 48 48 48 0 0 48 0 48 0 0 0 0 0 0 0 0 0 0
rmtf18_22 18 2304 240 0 1 544 : 48 48 0 48 0 48 48 0 0 0 0 0 0 0 0 0 0 0
rmtf18_23 18 2304 240 0 1 777 : 48 48 0 0 48 0 0 0 0 0 48 0 0 0 0 48 0 0
rmtf18_24 18 2304 240 0 1 677 : 48 48 0 0 0 0 0 0 0 0 0 0 48 48 0 48 0 0
rmtf18_25 18 2304 240 0 1 815 : 48 0 48 48 0 0 0 0 0 0 0 0 0 48 0 0 48 0
rmtf18_26 18 2304 240 0 1 802 : 48 48 0 0 48 48 0 0 0 0 0 0 0 48 0 0 0 0
rmtf18_27 18 2304 240 0 1 777 : 48 0 48 48 0 48 48 0 0 0 0 0 0 0 0 0 0 0
rmtf18_28 18 2304 240 0 1 816 : 48 48 0 48 0 0 0 48 0 48 0 0 0 0 0 0 0 0
rmtf18_29 18 2304 240 0 1 651 : 48 0 0 48 0 48 0 0 48 0 48 0 0 0 0 0 0 0
rmtf18_30 18 2304 240 0 1 581 : 48 0 48 0 0 48 0 0 0 0 48 0 0 0 0 0 48 0
rmtf18_31 18 2304 240 0 1 782 : 48 48 0 0 48 48 0 48 0 0 0 0 0 0 0 0 0 0
rmtf18_32 18 2304 240 0 1 1046 : 48 0 48 48 0 48 0 0 0 0 0 0 48 0 0 0 0 0
rmtf18_33 18 2304 240 0 1 652 : 48 48 48 0 0 0 0 0 0 48 0 0 0 0 0 48 0 0
rmtf18_34 18 2304 240 0 1 561 : 48 48 0 48 0 48 0 0 0 0 0 0 0 48 0 0 0 0
rmtf18_35 18 2304 240 0 1 795 : 48 48 48 0 0 0 0 0 0 0 0 48 0 48 0 0 0 0
rmtf18_36 18 2304 240 0 1 838 : 48 0 48 0 48 0 0 0 0 48 48 0 0 0 0 0 0 0
rmtf18_37 18 2304 240 0 1 673 : 48 48 48 0 48 0 0 0 0 0 0 0 0 0 0 0 0 48
rmtf18_38 18 2304 240 0 1 700 : 48 48 0 48 0 48 0 0 0 0 0 48 0 0 0 0 0 0
rmtf18_39 18 2304 240 0 1 642 : 48 0 48 0 0 0 48 0 0 0 0 48 0 48 0 0 0 0
