rmtf17_0 17 48 0 1 0 3 0 7 0 10 0 15 1 2 1 8 1 9 1 12 1 14 2 4 2 11 2 13 2 15 3 4 3 11 3 13 4 7 4 9 4 10 4 12 4 14 5 7 5 10 5 11 5 12 5 15 6 7 6 10 6 11 6 12 6 15 7 8 7 13 8 10 8 11 8 15 9 11 9 13 9 15 10 16 11 14 11 16 12 16 13 14 13 16 14 15 15 16
rmtf17_1 17 55 0 3 0 7 0 12 0 13 0 14 1 2 1 4 1 5 1 7 1 10 1 11 1 15 1 16 2 3 2 6 2 12 2 13 2 14 3 4 3 5 3 10 3 11 3 15 3 16 4 6 4 12 4 13 4 14 5 6 5 8 5 9 5 13 6 7 6 10 6 11 6 15 6 16 7 8 7 9 8 11 8 12 8 14 8 15 8 16 9 11 9 12 9 14 9 15 9 16 10 12 10 13 10 14 11 13 13 15 13 16
rmtf17_2 17 53 0 4 0 6 0 7 0 8 0 12 0 15 1 4 1 6 1 7 1 8 1 12 1 15 2 3 2 5 2 11 2 12 2 13 2 16 3 4 3 6 3 7 3 8 3 15 4 9 4 11 4 13 4 14 4 16 5 6 5 10 5 14 5 15 6 9 6 11 6 13 6 16 7 10 7 11 7 13 7 14 8 9 8 11 8 13 8 14 8 16 9 10 9 12 9 15 10 16 11 15 12 14 13 15 15 16
rmtf17_3 17 52 0 1 0 7 0 10 0 12 0 15 1 6 1 8 1 11 1 13 1 14 1 16 2 6 2 8 2 11 2 12 2 13 3 6 3 11 3 12 3 13 3 15 4 6 4 11 4 13 4 14 4 15 5 6 5 11 5 13 5 14 5 15 6 7 6 9 6 10 7 8 7 11 7 13 7 14 7 16 8 10 8 15 9 11 9 12 9 13 9 15 10 11 10 13 10 14 10 16 12 14 12 16 15 16
rmtf17_4 17 51 0 3 0 4 0 7 0 12 0 13 0 14 0 15 1 2 1 3 1 5 1 8 1 13 1 14 2 4 2 7 2 12 2 16 3 6 3 10 3 11 3 16 4 6 4 9 4 10 4 11 5 7 5 10 5 12 5 16 6 7 6 12 6 13 6 14 6 15 7 8 7 9 7 11 8 10 8 12 8 15 9 12 9 14 9 16 10 13 10 14 11 12 11 13 11 14 11 15 13 16 15 16
rmtf17_5 17 50 0 2 0 9 0 10 0 11 0 13 1 2 1 8 1 9 1 11 1 12 2 3 2 4 2 5 2 14 2 15 2 16 3 8 3 9 3 11 3 12 4 9 4 11 4 12 4 13 5 6 5 7 5 8 5 11 5 12 6 9 6 10 6 14 6 16 7 9 7 10 7 14 7 16 8 10 8 13 8 14 8 15 9 15 10 12 11 14 11 15 11 16 12 14 12 15 12 16 13 16
rmtf17_6 17 47 0 1 0 2 0 3 0 4 0 6 0 8 0 13 1 5 1 11 1 15 1 16 2 10 2 11 2 14 2 16 3 5 3 11 3 14 3 16 4 7 4 9 4 11 4 15 5 7 5 9 5 10 5 13 6 7 6 9 6 12 6 15 7 8 7 14 7 16 8 9 8 11 8 15 9 14 9 16 10 12 10 15 11 12 12 13 12 14 13 15 13 16 14 15
rmtf17_7 17 51 0 3 0 8 0 10 0 11 0 12 0 15 0 16 1 3 1 8 1 10 1 11 1 12 1 15 1 16 2 3 2 8 2 11 2 14 2 15 2 16 3 4 3 7 3 9 3 13 4 6 4 8 4 14 4 15 4 16 5 7 5 8 5 10 5 11 5 13 6 7 6 10 6 11 6 12 7 14 7 15 7 16 8 9 9 11 9 14 9 15 9 16 10 14 12 13 12 14 13 15 13 16
rmtf17_8 17 53 0 2 0 10 0 11 0 13 0 16 1 3 1 6 1 7 1 8 1 9 1 10 1 12 1 14 2 3 2 6 2 7 2 8 2 9 2 12 2 14 3 4 3 11 3 13 3 15 4 6 4 7 4 8 4 9 4 10 4 12 4 14 5 6 5 10 5 12 5 13 6 11 6 16 7 11 7 13 7 15 8 11 8 13 8 15 9 11 9 13 9 16 10 15 11 12 11 14 12 15 13 14 14 15 15 16
rmtf17_9 17 55 0 1 0 2 0 3 0 6 0 8 0 13 0 14 0 15 1 7 1 9 1 10 1 11 1 12 1 16 2 7 2 9 2 10 2 11 2 12 2 16 3 4 3 9 3 10 3 11 3 12 4 6 4 7 4 13 4 15 4 16 5 6 5 7 5 9 5 10 5 11 5 15 5 16 6 12 7 8 7 14 8 9 8 10 8 11 8 12 8 16 9 13 9 14 10 13 10 14 11 13 11 14 12 13 12 14 12 15 14 16
rmtf17_10 17 48 0 1 0 6 0 7 0 8 0 9 0 12 1 4 1 5 1 11 1 14 2 7 2 11 2 12 2 14 2 15 2 16 3 4 3 7 3 8 3 9 3 11 3 12 4 6 4 15 4 16 5 6 5 7 5 12 5 15 5 16 6 11 6 14 7 10 7 13 8 14 8 15 8 16 9 10 9 14 9 15 10 11 10 12 10 16 11 13 12 13 13 14 13 15 13 16
rmtf17_11 17 54 0 1 0 4 0 6 0 7 0 11 0 12 0 13 1 2 1 3 1 9 1 10 1 14 1 16 2 6 2 7 2 11 2 12 2 13 2 15 3 4 3 6 3 8 3 11 3 12 3 13 4 5 4 9 4 14 4 15 5 8 5 10 5 11 6 9 6 10 6 14 6 16 7 8 7 9 7 10 8 14 8 16 9 11 9 12 9 13 10 12 10 13 10 15 11 14 11 16 12 14 12 16 13 14 13 16 15 16
rmtf17_12 17 54 0 4 0 5 0 6 0 10 0 12 0 13 0 14 0 15 1 4 1 5 1 6 1 10 1 12 1 13 1 14 1 15 2 5 2 7 2 10 2 11 2 14 3 4 3 5 3 6 3 10 3 12 3 13 3 14 3 15 4 7 4 9 4 11 4 16 5 9 5 16 6 7 6 9 6 11 6 16 7 12 7 13 7 15 8 9 8 12 8 13 8 14 8 16 9 10 9 15 10 16 11 12 11 13 11 15 15 16
rmtf17_13 17 50 0 1 0 2 0 3 0 6 0 9 0 11 0 16 1 4 1 5 1 10 1 13 1 14 2 5 2 10 2 12 2 13 2 14 3 7 3 8 3 12 3 13 3 14 4 7 4 8 4 11 4 12 4 16 5 7 5 8 5 11 5 15 6 7 6 8 6 14 6 15 7 9 7 10 8 9 8 10 9 12 9 13 9 14 10 11 10 16 11 13 11 14 12 15 13 15 14 16 15 16
rmtf17_14 17 49 0 3 0 4 0 9 0 13 0 14 0 16 1 2 1 3 1 6 1 9 1 11 1 16 2 4 2 5 2 7 2 8 2 10 2 14 3 5 3 7 3 15 4 6 4 11 4 15 5 6 5 9 5 11 5 16 6 7 6 8 6 10 6 14 7 12 7 13 7 16 8 9 8 11 8 15 9 10 9 12 10 11 10 15 11 12 11 13 11 14 12 15 13 15 14 15 15 16
rmtf17_15 17 46 0 3 0 4 0 6 0 9 0 12 1 3 1 4 1 9 1 12 1 15 2 4 2 11 2 12 2 13 2 16 3 5 3 7 3 10 3 14 3 16 4 5 4 7 4 10 4 14 5 12 5 13 5 15 6 7 6 13 6 15 7 8 7 11 8 9 8 12 8 14 8 15 9 11 9 13 9 16 10 12 10 13 10 15 11 14 11 15 13 14 15 16
rmtf17_16 17 46 0 3 0 6 0 11 0 15 0 16 1 3 1 7 1 10 1 11 1 14 1 16 2 3 2 5 2 9 2 11 2 13 2 14 3 4 3 8 3 12 4 5 4 6 4 9 4 11 4 15 5 7 5 10 5 16 6 10 6 12 6 14 7 8 7 12 7 15 8 9 8 10 8 11 8 14 9 12 9 16 10 13 11 12 12 13 13 15 13 16 14 15
rmtf17_17 17 49 0 1 0 3 0 8 0 11 0 12 0 14 1 4 1 5 1 9 1 10 1 15 2 5 2 7 2 12 2 15 2 16 3 5 3 13 3 15 3 16 4 6 4 13 4 14 4 16 5 6 5 8 5 11 5 14 6 7 6 9 6 12 6 15 7 10 7 13 7 14 8 9 8 10 8 13 8 15 9 11 9 14 9 16 10 11 10 12 10 16 11 13 11 15 12 13 14 15
rmtf17_18 17 48 0 8 0 10 0 12 0 15 0 16 1 2 1 6 1 13 1 14 1 15 2 8 2 10 2 12 2 16 3 4 3 6 3 9 3 11 3 15 3 16 4 5 4 7 4 8 4 12 4 14 5 6 5 9 5 10 5 13 5 15 5 16 6 7 6 8 6 12 7 9 7 10 7 13 7 15 7 16 8 9 8 13 9 12 9 14 10 11 11 12 11 13 11 14 14 16
rmtf17_19 17 55 0 2 0 4 0 5 0 6 0 8 0 14 0 16 1 2 1 4 1 11 1 13 1 14 1 16 2 3 2 7 2 9 2 10 2 12 2 15 3 4 3 11 3 13 3 14 3 16 4 7 4 9 4 10 4 12 4 15 5 7 5 9 5 13 5 15 6 7 6 9 6 11 6 13 7 8 7 14 7 16 8 9 8 10 8 11 8 12 9 14 9 16 10 13 10 14 10 16 11 15 12 13 12 14 12 16 14 15 15 16
rmtf17_20 17 53 0 3 0 10 0 11 0 12 0 13 0 15 1 3 1 4 1 5 1 6 1 9 1 12 1 13 1 15 2 3 2 4 2 5 2 6 2 9 2 12 2 13 2 15 3 7 3 14 3 16 4 7 4 11 4 14 4 16 5 8 5 10 5 11 5 14 6 7 6 11 6 14 6 16 7 9 7 10 7 12 7 13 7 15 8 12 8 16 9 11 9 14 9 16 10 16 12 14 13 14 13 16 14 15 15 16
rmtf17_21 17 48 0 1 0 2 0 9 0 13 0 14 1 3 1 4 1 5 1 8 1 15 1 16 2 5 2 8 2 11 2 12 3 6 3 7 3 9 3 10 3 11 4 7 4 9 4 12 4 14 5 9 5 13 5 14 6 8 6 12 6 13 6 14 6 15 7 8 7 13 7 15 8 9 8 10 9 15 9 16 10 12 10 13 10 14 10 15 11 14 11 15 11 16 12 16 13 16
rmtf17_22 17 49 0 1 0 4 0 8 0 11 0 15 0 16 1 2 1 3 1 5 1 9 1 14 2 4 2 8 2 10 2 11 2 12 3 6 3 11 3 13 3 15 4 5 4 6 4 9 4 13 4 14 5 7 5 10 5 12 6 8 6 10 6 16 7 8 7 11 7 15 7 16 8 9 8 13 8 14 9 10 9 11 9 12 10 13 10 15 11 14 12 15 12 16 13 16 14 15 14 16
rmtf17_23 17 48 0 1 0 3 0 5 0 9 0 16 1 7 1 8 1 10 1 12 1 13 2 3 2 4 2 5 2 8 2 9 3 6 3 10 3 14 4 7 4 11 4 12 4 13 4 15 4 16 5 6 5 10 5 11 5 12 5 13 5 15 6 7 6 8 7 9 7 14 8 11 8 15 8 16 9 10 9 11 9 12 9 13 9 15 10 16 11 14 12 14 13 14 14 15 14 16
rmtf17_24 17 53 0 2 0 4 0 7 0 8 0 9 0 13 0 16 1 2 1 4 1 7 1 8 1 9 1 13 1 16 2 3 2 5 2 6 2 11 3 4 3 9 3 12 3 13 3 16 4 10 4 14 4 15 5 7 5 8 5 10 5 14 5 15 6 7 6 8 6 10 6 14 6 15 7 11 7 12 8 11 8 12 9 10 9 14 9 15 10 11 10 12 10 16 11 13 11 14 12 14 12 15 13 15 14 16 15 16
rmtf17_25 17 50 0 1 0 5 0 10 0 13 0 16 1 3 1 6 1 9 1 11 2 9 2 10 2 11 2 12 2 13 2 16 3 5 3 7 3 14 3 16 4 6 4 9 4 10 4 11 4 13 4 16 5 9 5 11 5 12 5 15 6 8 6 12 6 14 6 15 7 9 7 10 7 11 7 12 7 13 8 9 8 10 8 11 8 13 8 16 9 14 10 14 10 15 11 14 13 14 13 15 15 16
rmtf17_26 17 49 0 3 0 4 0 5 0 9 0 10 0 15 1 3 1 4 1 5 1 8 1 10 1 12 1 15 2 3 2 7 2 8 2 14 2 16 3 6 3 11 3 13 4 7 4 14 4 16 5 6 5 13 5 14 6 7 6 8 6 10 6 12 6 16 7 9 7 11 7 13 8 9 8 11 8 13 9 12 9 16 10 13 10 14 11 14 11 16 12 13 12 14 13 15 14 15 15 16
rmtf17_27 17 48 0 3 0 4 0 7 0 10 0 11 0 12 1 6 1 7 1 11 1 15 1 16 2 3 2 4 2 7 2 8 2 16 3 5 3 6 3 9 3 13 3 14 4 5 4 6 4 9 4 13 4 15 5 7 5 8 5 16 6 8 6 10 6 12 7 9 7 13 7 14 8 11 8 13 8 15 9 11 9 16 10 13 10 15 10 16 11 14 12 13 12 14 12 16 14 15
rmtf17_28 17 48 0 4 0 8 0 10 0 12 0 14 0 16 1 2 1 5 1 7 1 12 1 13 2 6 2 8 2 9 2 15 3 4 3 7 3 8 3 9 3 12 3 14 4 6 4 11 4 13 4 15 5 6 5 8 5 16 6 7 6 10 6 12 6 14 7 16 8 11 8 13 9 10 9 16 10 11 10 13 10 15 11 12 11 14 11 16 12 15 13 14 13 16 14 15 15 16
rmtf17_29 17 50 0 2 0 3 0 8 0 10 0 13 1 2 1 4 1 12 1 13 1 16 2 5 2 7 2 11 2 14 2 15 3 5 3 9 3 12 4 5 4 6 4 7 4 8 4 9 4 10 4 11 4 15 5 13 5 16 6 12 6 13 6 14 6 16 7 12 7 13 7 16 8 12 8 14 8 16 9 13 9 14 9 16 10 12 10 14 10 16 11 12 11 13 11 16 12 15 13 15 15 16
rmtf17_30 17 46 0 4 0 5 0 6 0 10 0 11 0 13 0 15 1 3 1 6 1 9 1 13 1 16 2 9 2 12 2 14 2 15 3 4 3 5 3 10 3 11 3 15 4 7 4 8 4 14 5 9 5 12 5 14 6 7 6 8 6 14 7 9 7 11 7 13 7 15 7 16 8 9 8 10 8 11 8 12 8 13 8 15 10 14 10 16 11 14 12 16 13 14
rmtf17_31 17 51 0 1 0 2 0 5 0 8 0 11 0 15 1 7 1 9 1 10 1 13 1 16 2 4 2 6 2 12 2 14 3 7 3 8 3 9 3 12 3 13 4 5 4 8 4 9 4 11 4 15 5 7 5 10 5 13 5 16 6 7 6 9 6 10 6 13 6 16 7 11 7 14 7 15 8 10 8 16 9 14 10 11 10 12 10 14 10 15 11 13 11 16 12 16 13 14 13 15 14 16 15 16
rmtf17_32 17 49 0 1 0 4 0 5 0 12 0 15 1 2 1 6 1 8 1 9 1 13 2 3 2 4 2 7 2 14 2 15 3 5 3 6 3 9 3 12 3 16 4 9 4 11 4 13 4 16 5 7 5 8 5 10 5 13 5 14 6 7 6 10 6 11 6 14 7 9 7 12 7 16 8 11 8 16 9 10 9 14 10 12 10 15 10 16 11 12 11 15 12 13 12 14 13 15 14 16
rmtf17_33 17 44 0 3 0 4 0 7 0 8 0 11 0 12 0 14 1 2 1 4 1 7 1 8 1 12 2 3 2 10 2 11 2 14 2 15 3 5 3 9 4 6 4 10 4 15 5 6 5 8 5 10 5 13 5 14 6 11 6 12 6 16 7 10 7 13 7 16 8 9 8 15 9 10 9 11 9 16 10 12 11 13 12 13 13 15 14 16 15 16
rmtf17_34 17 58 0 1 0 2 0 6 0 8 0 9 0 11 0 13 1 3 1 4 1 5 1 7 1 10 1 16 2 3 2 4 2 5 2 7 2 12 2 15 2 16 3 6 3 8 3 9 3 13 3 14 4 6 4 8 4 9 4 11 4 13 5 6 5 8 5 9 5 11 5 13 6 7 6 12 6 15 6 16 7 8 7 9 7 11 7 13 8 12 8 15 8 16 9 10 9 16 10 11 10 12 10 15 11 14 11 16 12 13 12 14 13 15 13 16 14 15
rmtf17_35 17 48 0 2 0 3 0 4 0 8 0 16 1 2 1 3 1 4 1 8 1 16 2 5 2 11 2 12 2 14 2 15 3 5 3 11 3 13 3 14 3 15 4 5 4 6 4 10 4 11 4 12 4 14 5 7 5 9 6 9 6 13 6 15 6 16 7 8 7 11 7 13 7 16 8 9 8 12 8 14 8 15 9 10 9 11 10 13 10 15 10 16 12 13 12 16 14 16
rmtf17_36 17 50 0 1 0 8 0 9 0 11 0 12 1 5 1 7 1 13 1 14 2 7 2 9 2 13 2 14 2 15 2 16 3 7 3 9 3 13 3 14 3 15 3 16 4 5 4 7 4 12 4 13 4 14 5 8 5 9 5 15 5 16 6 7 6 9 6 13 6 14 6 15 6 16 7 10 7 11 8 10 8 13 8 14 9 10 10 15 10 16 11 13 11 14 11 15 11 16 12 15 12 16
rmtf17_37 17 52 0 1 0 4 0 6 0 7 0 8 0 9 0 11 0 15 1 2 1 3 1 13 1 16 2 5 2 6 2 8 2 10 2 11 3 5 3 6 3 8 3 9 3 12 3 14 4 5 4 10 4 12 4 13 4 14 4 16 5 7 5 15 6 13 6 16 7 10 7 12 7 13 7 14 7 16 8 13 8 16 9 10 9 13 9 16 10 15 11 12 11 13 11 14 11 16 12 15 13 15 14 15 15 16
rmtf17_38 17 52 0 5 0 9 0 11 0 13 0 14 0 15 0 16 1 3 1 8 1 10 1 12 1 14 1 15 2 3 2 11 2 13 2 14 2 15 3 5 3 7 3 9 3 16 4 5 4 9 4 11 4 13 4 14 4 15 4 16 5 8 5 10 5 12 6 9 6 10 6 12 6 14 6 15 7 8 7 10 7 12 7 14 7 15 8 9 8 11 8 13 8 16 10 11 10 13 10 16 11 12 12 13 12 16
rmtf17_39 17 46 0 5 0 7 0 10 0 12 1 2 1 7 1 8 1 9 2 4 2 5 2 10 2 12 2 16 3 7 3 9 3 10 3 11 3 12 4 7 4 8 4 14 5 6 5 9 5 11 5 13 6 8 6 10 6 14 6 16 7 13 7 15 7 16 8 11 8 12 8 13 9 14 9 15 9 16 10 13 10 15 11 14 11 15 11 16 12 14 12 15 13 14
rmtf18_0 18 57 0 1 0 6 0 8 0 9 0 10 0 16 1 3 1 5 1 7 1 14 1 17 2 7 2 8 2 9 2 10 2 15 3 8 3 9 3 10 3 15 4 5 4 6 4 7 4 8 4 14 4 16 4 17 5 10 5 11 5 12 5 13 5 15 6 11 6 12 6 13 6 15 7 11 7 12 7 13 8 11 8 12 8 13 9 11 9 13 9 17 10 14 10 17 11 14 11 16 12 14 12 16 12 17 13 14 13 16 14 15 15 16 15 17
rmtf18_1 18 52 0 1 0 5 0 10 0 11 0 17 1 2 1 8 1 12 1 13 2 4 2 5 2 10 2 11 2 14 3 5 3 8 3 10 3 11 3 13 4 7 4 9 4 12 4 13 4 16 4 17 5 6 5 7 5 12 5 16 6 9 6 10 6 13 6 17 7 8 7 10 7 11 7 14 8 9 8 15 8 16 8 17 9 11 9 14 10 15 10 16 11 15 11 16 12 15 13 14 14 15 14 16 14 17
rmtf18_2 18 55 0 3 0 5 0 6 0 8 0 10 0 13 0 14 0 17 1 4 1 6 1 8 1 9 1 14 1 17 2 3 2 5 2 8 2 10 2 14 2 16 2 17 3 9 3 11 3 12 3 15 4 5 4 10 4 12 4 16 5 9 5 11 5 15 6 12 6 15 6 16 7 8 7 9 7 12 7 14 7 16 7 17 8 11 8 15 9 10 9 13 10 11 10 15 11 14 11 16 11 17 12 13 13 15 13 16 14 15 15 17
rmtf18_3 18 56 0 1 0 2 0 4 0 7 0 10 0 11 0 15 1 8 1 9 1 12 1 14 1 16 2 3 2 5 2 6 2 12 2 14 2 16 3 8 3 11 3 13 3 17 4 8 4 9 4 12 4 13 4 16 5 7 5 8 5 9 5 11 5 13 6 7 6 8 6 9 6 11 6 13 7 12 7 14 7 16 7 17 8 10 8 15 9 15 9 17 10 12 10 13 10 16 10 17 11 12 11 14 11 16 12 15 13 14 14 15 15 16
rmtf18_4 18 53 0 1 0 4 0 10 0 12 0 13 0 16 1 2 1 5 1 6 1 9 1 11 1 17 2 3 2 4 2 13 2 14 3 7 3 11 3 12 3 15 3 16 4 6 4 7 4 8 5 7 5 13 5 14 5 15 5 16 6 13 6 14 6 15 6 16 7 9 7 10 7 17 8 10 8 11 8 12 8 16 8 17 9 12 9 13 9 15 9 16 10 14 10 15 11 13 11 14 12 14 13 17 14 17 15 17
rmtf18_5 18 53 0 2 0 7 0 11 0 16 1 5 1 9 1 10 1 13 1 16 2 3 2 5 2 6 2 8 2 10 3 4 3 7 3 9 3 16 4 5 4 6 4 8 4 10 4 11 5 7 5 12 5 14 5 15 5 17 6 7 6 9 6 14 6 15 7 10 7 13 8 9 8 13 8 14 9 11 9 12 9 17 10 12 10 14 10 15 10 17 11 13 11 14 12 13 12 16 13 15 13 17 14 16 15 16 16 17
rmtf18_6 18 55 0 1 0 2 0 3 0 4 0 5 0 7 0 10 0 17 1 6 1 9 1 12 1 15 2 6 2 8 2 13 2 14 2 16 3 6 3 9 3 12 3 15 4 6 4 9 4 12 4 15 5 6 5 9 5 11 5 13 5 16 6 7 6 10 6 17 7 9 7 11 7 12 7 16 8 9 8 12 8 15 9 10 9 14 9 17 10 11 10 12 10 16 11 14 11 15 11 17 12 13 12 14 13 15 13 17 15 16 16 17
rmtf18_7 18 55 0 1 0 2 0 5 0 7 0 8 0 9 1 3 1 10 1 11 1 12 1 14 1 15 2 6 2 11 2 14 2 15 3 5 3 6 3 7 3 8 3 9 4 7 4 8 4 13 4 15 4 16 5 10 5 12 5 13 5 14 5 15 5 16 6 10 6 12 6 13 6 16 6 17 7 10 7 11 7 12 7 14 8 10 8 11 8 12 8 14 9 10 9 12 9 13 9 14 9 16 9 17 11 13 11 16 11 17 15 17
rmtf18_8 18 55 0 4 0 7 0 8 0 12 0 16 1 5 1 7 1 12 1 15 1 16 2 5 2 6 2 7 2 12 3 4 3 6 3 7 3 8 3 12 3 17 4 5 4 10 4 11 4 15 5 8 5 9 5 13 5 14 5 17 6 10 6 11 6 15 6 16 7 10 7 11 7 14 8 10 8 11 8 15 9 11 9 12 9 15 9 16 10 12 10 17 11 13 11 17 12 13 12 14 13 15 13 16 14 15 14 16 15 17 16 17
rmtf18_9 18 52 0 1 0 2 0 3 0 7 0 11 0 14 0 16 1 4 1 6 1 10 1 13 1 17 2 5 2 9 2 10 2 17 3 5 3 8 3 12 3 15 3 17 4 5 4 8 4 9 4 12 4 14 5 7 5 13 6 7 6 9 6 12 6 14 7 8 7 15 7 17 8 10 8 13 9 11 9 15 9 16 10 11 10 12 10 15 10 16 11 13 11 17 12 13 13 14 13 16 14 15 14 17 16 17
rmtf18_10 18 57 0 3 0 5 0 9 0 10 0 11 0 15 1 2 1 7 1 9 1 13 1 14 1 17 2 3 2 5 2 6 2 15 2 16 3 7 3 12 3 13 3 14 3 17 4 5 4 7 4 9 4 14 4 17 5 8 5 12 5 13 6 9 6 10 6 11 6 17 7 10 7 11 7 15 7 16 8 9 8 10 8 11 8 17 9 12 9 16 10 12 10 13 10 14 11 12 11 13 11 14 12 15 13 15 13 16 14 15 14 16 15 17 16 17
rmtf18_11 18 55 0 1 0 3 0 4 0 7 0 8 0 15 1 5 1 6 1 9 1 13 1 14 2 7 2 9 2 10 2 12 3 5 3 10 3 11 3 13 3 16 3 17 4 5 4 9 4 10 4 11 4 13 4 17 5 7 5 8 5 15 6 8 6 10 6 11 6 15 6 16 6 17 7 11 7 13 7 16 7 17 8 9 8 12 8 14 9 15 9 16 10 14 11 12 11 14 12 13 12 15 12 16 12 17 14 15 14 16 14 17
rmtf18_12 18 56 0 1 0 4 0 6 0 10 0 11 0 13 0 16 1 3 1 7 1 14 1 15 1 17 2 4 2 6 2 7 2 10 2 11 2 13 2 16 3 5 3 8 3 9 3 13 3 16 4 8 4 12 4 15 4 17 5 7 5 10 5 17 6 8 6 9 6 12 6 17 7 8 7 9 7 12 8 11 8 14 9 14 9 15 10 12 10 14 10 15 11 12 11 15 11 17 12 13 12 16 13 14 13 15 13 17 14 16 15 16 16 17
rmtf18_13 18 54 0 1 0 2 0 5 0 7 0 9 0 11 1 6 1 12 1 14 1 16 2 3 2 6 2 8 2 12 2 16 2 17 3 4 3 5 3 7 3 11 3 14 3 15 4 6 4 8 4 9 4 16 4 17 5 6 5 8 5 12 5 16 5 17 6 10 6 11 6 15 7 8 7 10 7 13 8 11 8 14 8 15 9 10 9 12 9 15 10 14 10 16 11 12 11 16 11 17 12 13 13 15 13 16 13 17 14 17
rmtf18_14 18 56 0 1 0 2 0 3 0 4 0 6 0 10 0 14 1 5 1 7 1 8 1 13 1 16 1 17 2 5 2 7 2 8 2 11 2 16 2 17 3 7 3 8 3 9 3 11 3 15 3 16 4 5 4 7 4 8 4 9 4 11 4 16 5 12 5 15 6 7 6 8 6 9 6 11 6 15 6 16 7 10 7 14 8 10 8 14 9 12 9 17 10 11 10 12 10 15 10 16 10 17 11 13 12 13 13 14 14 15 14 16 14 17
rmtf18_15 18 69 0 1 0 2 0 5 0 6 0 8 0 9 0 13 0 16 1 4 1 7 1 10 1 11 1 12 1 14 1 15 1 17 2 3 2 4 2 14 2 17 3 7 3 10 3 11 3 12 3 15 3 16 4 5 4 6 4 8 4 9 4 13 4 16 5 7 5 10 5 11 5 12 5 14 5 15 5 17 6 7 6 10 6 11 6 12 6 14 6 15 6 17 7 8 7 9 7 13 8 10 8 11 8 12 8 14 8 15 8 17 9 10 9 11 9 12 9 14 9 15 9 17 10 13 11 13 12 13 13 14 13 15 13 17 14 16 16 17
rmtf18_16 18 52 0 1 0 2 0 9 0 16 1 3 1 5 1 8 1 14 1 17 2 4 2 6 2 10 2 11 2 15 3 4 3 6 3 9 3 10 3 13 4 8 4 12 4 14 4 17 5 7 5 9 5 10 5 12 5 15 6 7 6 8 6 12 6 17 7 11 7 14 7 16 8 9 8 10 8 15 8 16 9 11 9 14 10 14 10 17 11 12 11 13 11 17 12 16 13 15 13 16 14 15 15 17 16 17
rmtf18_17 18 62 0 1 0 3 0 8 0 10 0 11 0 14 0 15 1 4 1 5 1 6 1 9 1 12 1 16 2 5 2 7 2 12 2 13 2 14 2 17 3 4 3 5 3 6 3 7 3 12 3 13 3 17 4 8 4 10 4 11 4 14 4 15 5 8 5 10 5 11 5 15 6 8 6 10 6 11 6 14 6 15 7 8 7 9 7 15 7 16 8 12 8 13 8 17 9 10 9 11 9 13 9 14 9 17 10 12 10 16 11 12 11 16 12 15 13 15 13 16 14 16 15 17 16 17
rmtf18_18 18 55 0 4 0 5 0 10 0 13 0 15 0 16 1 4 1 10 1 13 1 15 1 16 1 17 2 5 2 7 2 8 2 9 2 10 2 14 3 4 3 5 3 7 3 9 3 10 3 14 4 6 4 8 4 11 4 12 5 6 5 17 6 10 6 13 6 15 6 16 7 11 7 12 7 13 7 15 8 13 8 15 8 16 8 17 9 12 9 13 9 15 9 16 10 11 10 12 11 14 11 16 11 17 12 14 12 17 13 14 14 15
rmtf18_19 18 56 0 8 0 10 0 11 0 13 0 15 1 2 1 5 1 8 1 9 1 10 1 13 2 4 2 7 2 11 2 12 2 14 2 16 3 8 3 10 3 11 3 15 3 16 4 5 4 8 4 9 4 10 4 13 5 6 5 7 5 15 5 16 5 17 6 9 6 11 6 12 6 14 7 8 7 9 7 10 7 13 8 12 8 14 8 17 9 15 9 16 9 17 10 12 10 14 10 17 11 17 12 13 12 15 13 14 13 16 13 17 14 15
rmtf18_20 18 53 0 9 0 11 0 12 0 14 0 16 1 2 1 5 1 7 1 8 1 15 1 16 2 9 2 11 2 12 2 14 3 7 3 8 3 11 3 12 3 14 3 15 3 17 4 5 4 7 4 8 4 11 4 14 4 15 4 16 5 9 5 10 5 12 5 13 6 7 6 10 6 12 6 13 6 16 7 9 8 9 8 10 8 13 9 15 9 17 10 11 10 14 10 15 10 17 11 13 13 14 13 15 13 17 16 17
rmtf18_21 18 53 0 2 0 7 0 9 0 12 0 15 0 17 1 5 1 6 1 7 1 14 1 15 2 5 2 8 2 10 2 11 2 14 2 16 3 5 3 7 3 10 3 13 3 14 3 16 4 5 4 7 4 8 4 12 4 15 4 17 5 9 6 8 6 10 6 12 6 17 7 11 8 9 8 13 9 10 9 11 9 14 9 16 10 15 11 12 11 15 11 17 12 13 12 14 12 16 13 15 13 17 14 17 15 16 16 17
rmtf18_22 18 57 0 5 0 6 0 10 0 11 0 12 0 15 1 3 1 6 1 8 1 17 2 5 2 6 2 10 2 11 2 14 2 15 3 5 3 10 3 14 3 15 3 16 4 5 4 6 4 10 4 12 4 15 4 16 5 7 5 8 5 9 5 13 5 17 6 7 6 9 6 13 7 10 7 11 7 14 7 15 8 10 8 11 8 12 8 15 9 10 9 12 9 15 9 16 10 13 10 17 11 16 12 13 12 14 13 15 13 16 14 17 15 17 16 17
rmtf18_23 18 55 0 1 0 9 0 11 0 12 0 13 0 15 1 4 1 5 1 6 1 7 1 8 1 14 2 5 2 6 2 7 2 9 2 10 3 7 3 8 3 12 3 14 4 9 4 10 4 11 4 12 4 13 4 17 5 11 5 12 5 13 5 16 5 17 6 11 6 12 6 13 6 16 6 17 7 11 7 13 7 15 7 16 8 9 8 10 8 11 8 13 8 17 9 14 9 16 10 14 10 15 10 16 11 14 13 14 14 17 15 17
rmtf18_24 18 56 0 1 0 3 0 5 0 8 0 9 0 13 1 2 1 4 1 6 1 7 1 11 1 15 2 5 2 9 2 10 2 13 2 14 3 7 3 14 3 15 3 16 3 17 4 5 4 9 4 10 4 13 4 14 5 6 5 7 5 15 5 16 5 17 6 8 6 9 6 13 6 14 7 8 7 9 7 13 8 10 8 12 8 16 8 17 9 12 9 16 9 17 10 11 10 15 11 14 11 16 11 17 12 13 12 14 12 15 13 16 13 17
rmtf18_25 18 53 0 3 0 8 0 9 0 10 0 11 0 15 0 16 1 10 1 12 1 13 1 14 1 15 2 3 2 9 2 10 2 11 2 13 2 15 3 12 3 14 3 17 4 10 4 11 4 13 4 14 4 15 5 8 5 10 5 11 5 14 5 15 6 10 6 12 6 13 6 14 6 15 7 11 7 13 7 14 7 17 8 12 8 13 8 17 9 12 9 14 9 17 10 17 11 12 12 16 13 16 14 16 15 17 16 17
rmtf18_26 18 55 0 1 0 2 0 3 0 10 0 12 0 13 0 17 1 5 1 6 1 7 1 8 1 11 1 16 2 5 2 7 2 8 2 11 2 14 2 16 3 5 3 8 3 11 3 14 3 15 3 16 4 5 4 7 4 11 4 13 4 16 4 17 5 10 5 12 6 10 6 12 6 13 6 14 6 15 7 10 7 12 7 15 8 10 8 12 8 13 8 17 9 12 9 13 9 14 9 15 9 16 10 11 10 16 11 12 14 17 15 17
rmtf18_27 18 57 0 3 0 4 0 6 0 8 0 13 0 16 0 17 1 3 1 4 1 8 1 9 1 13 1 16 1 17 2 3 2 5 2 8 2 9 2 13 2 17 3 10 3 11 3 12 3 14 4 5 4 10 4 11 4 14 5 6 5 7 5 12 5 16 6 9 6 10 6 11 6 14 7 8 7 9 7 10 7 11 7 14 8 12 8 15 9 12 9 15 10 13 10 15 10 17 11 13 11 16 11 17 12 13 12 17 13 14 14 16 14 17 15 16
rmtf18_28 18 55 0 7 0 9 0 10 0 11 0 17 1 3 1 5 1 9 1 10 1 11 1 13 2 3 2 5 2 9 2 10 2 11 2 13 3 6 3 7 3 14 3 15 3 17 4 6 4 7 4 9 4 17 5 7 5 12 5 14 5 15 6 10 6 11 6 12 6 13 7 8 7 13 7 16 8 9 8 10 8 11 8 17 9 12 9 14 9 15 10 14 10 15 10 16 11 14 11 15 11 16 12 16 12 17 13 14 13 15 13 17
rmtf18_29 18 60 0 3 0 4 0 6 0 10 0 14 0 15 1 3 1 4 1 9 1 10 1 14 1 15 2 4 2 6 2 8 2 12 2 13 2 16 3 5 3 7 3 11 3 12 3 13 3 17 4 5 4 7 4 11 4 17 5 6 5 8 5 16 6 9 6 11 7 9 7 10 7 14 7 15 8 9 8 10 8 14 8 15 9 12 9 13 9 16 9 17 10 11 10 12 10 13 10 16 10 17 11 14 11 15 12 14 12 15 13 14 13 15 14 16 14 17 15 16 15 17
rmtf18_30 18 50 0 2 0 3 0 7 0 14 0 16 1 4 1 11 1 15 1 16 1 17 2 5 2 11 2 12 2 15 2 17 3 4 3 6 3 8 3 12 3 15 3 17 4 5 4 9 4 13 5 6 5 7 5 10 5 14 6 9 6 11 7 8 7 9 7 12 7 13 7 17 8 10 8 11 8 14 9 15 9 16 10 15 10 16 10 17 11 13 12 14 12 16 13 15 13 16 14 15 14 17
rmtf18_31 18 53 0 4 0 7 0 8 0 11 0 16 1 4 1 5 1 9 1 13 1 15 2 3 2 4 2 6 2 7 2 11 2 15 3 5 3 10 3 12 3 13 3 16 3 17 4 10 4 12 4 14 4 17 5 7 5 8 5 11 5 14 6 8 6 9 6 12 6 13 6 16 6 17 7 9 7 12 7 13 7 17 8 10 8 15 9 10 9 14 10 11 11 12 11 13 11 17 12 15 13 14 14 15 15 16 15 17
rmtf18_32 18 59 0 2 0 7 0 8 0 11 0 12 0 14 0 15 1 2 1 7 1 8 1 11 1 12 1 14 1 15 2 3 2 6 2 16 2 17 3 5 3 7 3 8 3 10 3 11 3 13 3 14 4 5 4 6 4 7 4 8 4 10 4 13 4 14 4 16 5 9 5 12 5 15 6 9 6 11 6 12 6 15 7 9 7 17 8 9 8 17 9 10 9 13 9 14 9 16 10 12 10 15 11 16 11 17 12 13 12 16 12 17 13 15 14 17 15 16 15 17
rmtf18_33 18 61 0 2 0 4 0 5 0 8 0 13 0 15 0 16 0 17 1 2 1 9 1 11 1 13 2 3 2 6 2 10 2 12 2 14 3 5 3 7 3 8 3 15 3 16 3 17 4 6 4 7 4 9 4 10 4 12 4 14 5 6 5 9 5 10 5 11 5 12 6 8 6 13 6 15 6 16 6 17 7 11 7 13 8 9 8 10 8 11 8 12 9 15 9 16 9 17 10 13 10 15 10 16 10 17 11 14 11 17 12 13 12 15 12 16 12 17 13 14 14 15 14 16
rmtf18_34 18 56 0 5 0 6 0 7 0 10 0 13 1 3 1 4 1 5 1 6 1 10 1 15 1 16 2 3 2 4 2 5 2 6 2 10 2 15 2 16 3 9 3 11 3 12 3 13 3 17 4 7 4 13 4 14 5 8 5 12 5 14 5 17 6 8 6 11 6 12 6 17 7 8 7 11 7 12 7 17 8 9 8 15 8 16 9 10 9 14 10 11 10 12 10 17 11 14 11 16 12 15 12 16 13 15 13 16 14 15 15 17 16 17
rmtf18_35 18 58 0 2 0 4 0 7 0 12 0 13 0 14 0 15 1 2 1 4 1 7 1 11 1 12 1 14 2 5 2 6 2 8 2 10 2 17 3 4 3 5 3 9 3 15 3 17 4 6 4 8 4 10 4 16 5 7 5 12 5 13 5 14 5 16 6 7 6 12 6 13 6 14 6 15 7 8 7 10 7 17 8 12 8 13 8 14 8 15 9 10 9 11 9 12 9 16 10 13 10 14 10 15 11 13 11 15 11 17 12 17 14 17 15 16 16 17
rmtf18_36 18 58 0 4 0 6 0 7 0 8 0 10 0 11 0 16 1 5 1 8 1 10 1 11 1 16 1 17 2 4 2 6 2 8 2 9 2 15 2 16 3 4 3 6 3 7 3 8 3 10 3 11 3 16 4 5 4 12 4 13 4 14 5 6 5 7 5 9 6 12 6 13 6 17 7 13 7 14 7 15 8 12 8 13 8 14 9 10 9 11 9 12 9 17 10 13 10 14 10 15 11 13 11 14 11 15 12 15 12 16 13 16 14 16 14 17 15 17
rmtf18_37 18 53 0 4 0 10 0 11 0 14 0 16 0 17 1 2 1 3 1 5 1 7 1 17 2 4 2 8 2 9 2 11 2 14 3 4 3 9 3 10 3 11 3 15 4 5 4 7 4 12 4 13 5 6 5 10 5 14 5 16 6 8 6 9 6 11 6 17 7 8 7 11 7 14 7 16 8 10 8 15 9 12 9 13 9 16 10 12 10 13 11 12 11 13 12 14 12 17 13 14 13 17 14 15 15 16 15 17
rmtf18_38 18 50 0 3 0 6 0 10 0 11 0 13 0 15 1 5 1 7 1 9 1 11 1 12 1 13 1 16 2 4 2 6 2 10 2 11 2 17 3 5 3 8 3 17 4 8 4 12 4 14 4 15 5 10 5 14 5 15 6 9 6 12 6 14 6 16 7 10 7 14 7 15 7 17 8 9 8 10 8 11 8 13 8 16 9 15 9 17 10 12 11 14 12 17 13 14 13 17 15 16 16 17
rmtf18_39 18 54 0 6 0 8 0 10 0 13 0 14 1 5 1 10 1 11 1 12 1 14 2 6 2 8 2 10 2 11 2 14 2 15 3 6 3 10 3 12 3 13 3 16 4 6 4 8 4 10 4 11 4 14 4 15 5 6 5 8 5 15 5 16 6 7 6 9 6 17 7 10 7 11 7 12 7 14 7 15 8 12 9 10 9 11 9 12 9 14 9 15 10 17 11 13 11 16 11 17 12 17 13 15 14 16 14 17 15 17
