C5 5 9216 480 0 1 3 : 96 96 96 96 96
C7 7 4692 480 -113100 0 0 : 68 69 68 69 68 69 69
C9 9 2809 480 -160175 0 0 : 53 53 53 54 53 53 53 54 54
C11 11 1892 480 -183100 0 0 : 44 43 44 43 44 43 44 44 43 45 43
C13 13 1332 480 -197100 0 0 : 37 36 37 37 36 39 35 39 35 39 35 39 36
C15 15 1024 480 -204800 0 0 : 32 32 32 32 32 32 32 32 32 32 32 32 32 32 32
Petersen 10 9216 480 0 1 22 : 96 96 96 96 96 0 0 0 0 0
Grotzsch 11 9216 480 0 1 51 : 96 96 96 96 96 0 0 0 0 0 0
Chvatal 12 9216 480 0 1 76 : 96 96 96 96 96 0 0 0 0 0 0 0
Mycielski_C7 15 9216 480 0 1 28 : 96 96 0 0 0 0 0 96 96 0 0 0 0 0 96
And3 8 9216 480 0 1 24 : 96 96 96 96 96 0 0 0
And4 11 9216 480 0 1 99 : 96 96 96 96 96 0 0 0 0 0 0
And5 14 9216 480 0 1 294 : 96 96 96 96 96 0 0 0 0 0 0 0 0 0
Kneser52 10 9216 480 0 1 36 : 96 0 0 96 96 0 0 96 0 96
Circ5_2 5 9216 480 0 1 3 : 96 96 96 96 96
Circ6_1 6 0 480 -230400 0 0 : 80 80 80 80 80 80
Circ6_3 6 0 480 -230400 0 0 : 80 80 80 80 80 80
Circ6_1-3 6 0 480 -230400 0 0 : 80 80 80 80 80 80
Circ7_2 7 4692 480 -113100 0 0 : 68 69 69 68 68 69 69
Circ7_3 7 4692 480 -113100 0 0 : 68 69 69 69 69 68 68
Circ8_1 8 0 480 -230400 0 0 : 64 64 64 64 56 56 56 56
Circ8_2 8 0 480 -230400 0 0 : 64 64 64 64 56 56 56 56
Circ8_3 8 0 480 -230400 0 0 : 64 64 64 64 56 56 56 56
Circ8_4 8 0 480 -230400 0 0 : 64 64 64 64 56 56 56 56
Circ8_1-3 8 0 480 -230400 0 0 : 64 64 64 64 56 56 56 56
Circ8_3-4 8 9216 480 0 1 24 : 96 96 0 96 96 0 96 0
Circ9_2 9 2809 480 -160175 0 0 : 53 53 54 53 54 54 53 53 53
Circ9_4 9 2809 480 -160175 0 0 : 53 53 53 53 53 54 53 54 54
Circ10_1 10 0 480 -230400 0 0 : 48 48 48 48 48 48 48 48 48 48
Circ10_2 10 9216 480 0 1 6 : 96 0 96 0 96 0 96 0 96 0
Circ10_3 10 0 480 -230400 0 0 : 48 48 48 48 48 48 48 48 48 48
Circ10_4 10 9216 480 0 1 6 : 96 0 96 0 96 0 96 0 96 0
Circ10_5 10 0 480 -230400 0 0 : 48 48 48 48 48 48 48 48 48 48
Circ10_1-3 10 0 480 -230400 0 0 : 48 48 48 48 48 48 48 48 48 48
Circ10_1-4 10 9216 480 0 1 84 : 96 96 96 96 96 0 0 0 0 0
Circ10_1-5 10 0 480 -230400 0 0 : 48 48 48 48 48 48 48 48 48 48
Circ10_2-3 10 9216 480 0 1 84 : 96 96 96 96 96 0 0 0 0 0
Circ10_2-5 10 9216 480 0 1 6 : 96 0 96 0 96 0 96 0 96 0
Circ10_3-5 10 0 480 -230400 0 0 : 48 48 48 48 48 48 48 48 48 48
Circ10_4-5 10 9216 480 0 1 6 : 96 0 96 0 96 0 96 0 96 0
Circ10_1-3-5 10 0 480 -230400 0 0 : 48 48 48 48 48 48 48 48 48 48
Circ11_2 11 1892 480 -183100 0 0 : 43 44 44 43 43 44 44 43 44 45 43
Circ11_3 11 1892 480 -183100 0 0 : 43 44 44 44 43 43 43 45 44 44 43
Circ11_4 11 1892 480 -183100 0 0 : 43 44 44 43 44 43 43 44 43 45 44
Circ11_5 11 1892 480 -183100 0 0 : 44 45 43 43 43 43 43 44 44 44 44
Circ11_1-3 11 9216 480 0 1 91 : 96 96 96 0 0 96 0 0 96 0 0
Circ11_2-3 11 9216 480 0 1 89 : 96 96 96 96 96 0 0 0 0 0 0
Circ11_2-5 11 9216 480 0 1 93 : 96 96 96 0 0 0 96 96 0 0 0
Circ11_4-5 11 9216 480 0 1 99 : 96 96 0 0 96 96 0 0 96 0 0
Circ12_1 12 0 480 -230400 0 0 : 40 40 40 40 40 40 40 40 40 40 40 40
Circ12_2 12 0 480 -230400 0 0 : 40 40 40 40 40 40 40 40 40 40 40 40
Circ12_3 12 0 480 -230400 0 0 : 40 40 40 40 40 40 40 40 40 40 40 40
Circ12_5 12 0 480 -230400 0 0 : 40 40 40 40 40 40 40 40 40 40 40 40
Circ12_6 12 0 480 -230400 0 0 : 40 40 40 40 40 40 40 40 40 40 40 40
Circ12_1-3 12 0 480 -230400 0 0 : 40 40 40 40 40 40 40 40 40 40 40 40
Circ12_1-5 12 0 480 -230400 0 0 : 40 40 40 40 40 40 40 40 40 40 40 40
Circ12_1-6 12 4692 480 -113100 0 0 : 68 69 68 30 0 0 0 0 39 69 68 69
Circ12_2-3 12 9216 480 0 1 132 : 96 96 96 96 96 0 0 0 0 0 0 0
Circ12_2-6 12 0 480 -230400 0 0 : 40 40 40 40 40 40 40 40 40 40 40 40
Circ12_3-5 12 0 480 -230400 0 0 : 40 40 40 40 40 40 40 40 40 40 40 40
Circ12_5-6 12 4692 480 -113100 0 0 : 68 0 68 19 50 69 0 69 0 69 68 0
Circ12_1-3-5 12 0 480 -230400 0 0 : 40 40 40 40 40 40 40 40 40 40 40 40
Circ13_2 13 1332 480 -197100 0 0 : 37 36 36 37 37 36 36 38 37 39 36 37 38
Circ13_3 13 1332 480 -197100 0 0 : 36 37 39 37 39 35 36 36 39 37 37 36 36
Circ13_4 13 1332 480 -197100 0 0 : 37 38 37 37 36 37 36 37 37 36 39 36 37
Circ13_5 13 1332 480 -197100 0 0 : 36 36 36 36 34 37 37 37 37 40 37 37 40
Circ13_6 13 1332 480 -197100 0 0 : 36 36 36 36 39 39 37 37 37 38 37 35 37
Circ13_1-3 13 9216 480 0 1 39 : 96 96 0 0 96 0 0 96 0 0 96 0 0
Circ13_1-4 13 9216 480 0 1 39 : 96 96 96 96 96 0 0 0 0 0 0 0 0
Circ13_1-5 13 9216 480 0 1 138 : 96 96 96 96 0 0 0 0 96 0 0 0 0
Circ13_2-3 13 9216 480 0 1 142 : 96 96 96 96 96 0 0 0 0 0 0 0 0
Circ13_2-5 13 9216 480 0 1 39 : 96 0 96 0 96 0 96 0 96 0 0 0 0
Circ13_2-6 13 9216 480 0 1 39 : 96 96 96 0 0 0 0 96 96 0 0 0 0
Circ13_3-4 13 9216 480 0 1 35 : 96 96 0 0 96 96 0 0 0 96 0 0 0
Circ13_4-6 13 9216 480 0 1 154 : 96 96 0 0 96 0 0 96 96 0 0 0 0
Circ13_5-6 13 9216 480 0 1 39 : 96 0 96 0 0 96 0 96 0 0 96 0 0
Circ14_1 14 0 480 -230400 0 0 : 40 40 40 40 32 32 32 32 32 32 32 32 32 32
Circ14_2 14 4692 480 -113100 0 0 : 68 0 69 0 69 0 68 0 69 0 68 0 69 0
Circ14_3 14 0 480 -230400 0 0 : 40 40 40 40 32 32 32 32 32 32 32 32 32 32
Circ14_4 14 4692 480 -113100 0 0 : 0 68 0 68 0 69 0 69 0 68 0 69 0 69
Circ14_5 14 0 480 -230400 0 0 : 40 40 40 40 32 32 32 32 32 32 32 32 32 32
Circ14_6 14 4692 480 -113100 0 0 : 0 69 0 69 0 69 0 69 0 68 0 68 0 68
Circ14_7 14 0 480 -230400 0 0 : 40 40 40 40 32 32 32 32 32 32 32 32 32 32
Circ14_1-3 14 0 480 -230400 0 0 : 40 40 40 40 32 32 32 32 32 32 32 32 32 32
Circ14_1-4 14 9216 480 0 1 126 : 96 96 96 96 96 0 0 0 0 0 0 0 0 0
Circ14_1-5 14 0 480 -230400 0 0 : 40 40 40 40 32 32 32 32 32 32 32 32 32 32
Circ14_1-6 14 4692 480 -113100 0 0 : 21 32 45 45 28 40 27 47 37 23 24 41 28 42
Circ14_1-7 14 0 480 -230400 0 0 : 40 40 40 40 32 32 32 32 32 32 32 32 32 32
Circ14_2-3 14 9216 480 0 1 110 : 96 96 96 96 96 0 0 0 0 0 0 0 0 0
Circ14_2-5 14 4692 480 -113100 0 0 : 30 40 33 51 42 42 30 39 28 36 18 26 26 39
Circ14_2-7 14 4692 480 -113100 0 0 : 69 0 68 0 69 0 68 0 69 0 69 0 68 0
Circ14_3-4 14 4692 480 -113100 0 0 : 15 13 38 20 22 22 40 53 55 30 49 47 47 29
Circ14_3-5 14 0 480 -230400 0 0 : 40 40 40 40 32 32 32 32 32 32 32 32 32 32
Circ14_3-7 14 0 480 -230400 0 0 : 40 40 40 40 32 32 32 32 32 32 32 32 32 32
Circ14_4-7 14 4692 480 -113100 0 0 : 68 0 68 0 69 0 69 0 68 0 69 0 69 0
Circ14_5-6 14 9216 480 0 1 126 : 96 96 0 0 0 96 96 0 0 0 96 0 0 0
Circ14_5-7 14 0 480 -230400 0 0 : 40 40 40 40 32 32 32 32 32 32 32 32 32 32
Circ14_6-7 14 4692 480 -113100 0 0 : 0 69 0 69 0 69 0 68 0 68 0 68 0 69
Circ14_1-3-5 14 0 480 -230400 0 0 : 40 40 40 40 32 32 32 32 32 32 32 32 32 32
Circ14_1-3-7 14 0 480 -230400 0 0 : 40 40 40 40 32 32 32 32 32 32 32 32 32 32
Circ14_1-5-7 14 0 480 -230400 0 0 : 40 40 40 40 32 32 32 32 32 32 32 32 32 32
Circ14_2-3-7 14 9216 480 0 1 246 : 96 96 96 96 96 0 0 0 0 0 0 0 0 0
Circ14_3-5-7 14 0 480 -230400 0 0 : 40 40 40 40 32 32 32 32 32 32 32 32 32 32
Circ14_5-6-7 14 9216 480 0 1 294 : 96 96 0 0 0 96 96 0 0 0 96 0 0 0
Circ14_1-3-5-7 14 0 480 -230400 0 0 : 40 40 40 40 32 32 32 32 32 32 32 32 32 32
Circ15_2 15 1024 480 -204800 0 0 : 32 32 32 32 32 32 32 32 32 32 32 32 32 32 32
Circ15_3 15 9216 480 0 1 9 : 96 0 0 96 0 0 96 0 0 96 0 0 96 0 0
Circ15_4 15 1024 480 -204800 0 0 : 32 32 32 32 32 32 32 32 32 32 32 32 32 32 32
Circ15_6 15 9216 480 0 1 9 : 96 0 0 96 0 0 96 0 0 96 0 0 96 0 0
Circ15_7 15 1024 480 -204800 0 0 : 32 32 32 32 32 32 32 32 32 32 32 32 32 32 32
Circ15_1-3 15 9216 480 0 1 9 : 96 0 0 96 0 0 96 0 0 96 0 0 96 0 0
Circ15_1-4 15 9216 480 0 1 78 : 96 96 96 96 96 0 0 0 0 0 0 0 0 0 0
Circ15_1-6 15 9216 480 0 1 99 : 96 96 96 96 0 0 0 0 0 96 0 0 0 0 0
Circ15_2-3 15 9216 480 0 1 81 : 96 96 96 96 96 0 0 0 0 0 0 0 0 0 0
Circ15_2-6 15 9216 480 0 1 9 : 96 0 0 96 0 0 96 0 0 96 0 0 96 0 0
Circ15_2-7 15 9216 480 0 1 90 : 96 0 96 0 96 0 96 0 96 0 0 0 0 0 0
Circ15_3-4 15 9216 480 0 1 9 : 96 0 0 96 0 0 96 0 0 96 0 0 96 0 0
Circ15_3-7 15 9216 480 0 1 93 : 96 0 0 96 0 0 96 0 0 96 0 0 96 0 0
Circ15_4-6 15 9216 480 0 1 93 : 96 0 96 0 96 0 96 0 96 0 0 0 0 0 0
Circ15_6-7 15 9216 480 0 1 9 : 96 0 0 96 0 0 96 0 0 96 0 0 96 0 0
Circ15_1-4-6 15 9216 480 0 1 621 : 96 96 96 96 96 0 0 0 0 0 0 0 0 0 0
Circ15_2-3-7 15 9216 480 0 1 621 : 96 96 96 96 96 0 0 0 0 0 0 0 0 0 0
Circ16_1 16 0 480 -230400 0 0 : 32 32 32 32 32 32 32 32 32 32 32 32 24 24 24 24
Circ16_2 16 0 480 -230400 0 0 : 32 32 32 32 32 32 32 32 32 32 32 32 24 24 24 24
Circ16_3 16 0 480 -230400 0 0 : 32 32 32 32 32 32 32 32 32 32 32 32 24 24 24 24
Circ16_4 16 0 480 -230400 0 0 : 32 32 32 32 32 32 32 32 32 32 32 32 24 24 24 24
Circ16_5 16 0 480 -230400 0 0 : 32 32 32 32 32 32 32 32 32 32 32 32 24 24 24 24
Circ16_6 16 0 480 -230400 0 0 : 32 32 32 32 32 32 32 32 32 32 32 32 24 24 24 24
Circ16_7 16 0 480 -230400 0 0 : 32 32 32 32 32 32 32 32 32 32 32 32 24 24 24 24
Circ16_8 16 0 480 -230400 0 0 : 32 32 32 32 32 32 32 32 32 32 32 32 24 24 24 24
Circ16_1-3 16 0 480 -230400 0 0 : 32 32 32 32 32 32 32 32 32 32 32 32 24 24 24 24
Circ16_1-4 16 9216 480 0 1 48 : 96 96 96 96 96 0 0 0 0 0 0 0 0 0 0 0
Circ16_1-5 16 0 480 -230400 0 0 : 32 32 32 32 32 32 32 32 32 32 32 32 24 24 24 24
Circ16_1-6 16 9216 480 0 1 72 : 96 96 0 0 0 96 96 0 0 0 0 96 0 0 0 0
Circ16_1-7 16 0 480 -230400 0 0 : 32 32 32 32 32 32 32 32 32 32 32 32 24 24 24 24
Circ16_1-8 16 2809 480 -160175 0 0 : 0 5 53 55 52 55 53 53 53 53 48 0 0 0 0 0
Circ16_2-3 16 9216 480 0 1 76 : 96 96 96 96 96 0 0 0 0 0 0 0 0 0 0 0
Circ16_2-5 16 9216 480 0 1 96 : 96 0 96 0 96 0 96 0 0 0 0 96 0 0 0 0
Circ16_2-6 16 0 480 -230400 0 0 : 32 32 32 32 32 32 32 32 32 32 32 32 24 24 24 24
Circ16_2-8 16 9216 480 0 1 48 : 96 0 96 0 96 0 96 0 96 0 0 0 0 0 0 0
Circ16_3-4 16 9216 480 0 1 48 : 96 0 0 96 0 0 96 0 0 96 0 0 96 0 0 0
Circ16_3-5 16 0 480 -230400 0 0 : 32 32 32 32 32 32 32 32 32 32 32 32 24 24 24 24
Circ16_3-7 16 0 480 -230400 0 0 : 32 32 32 32 32 32 32 32 32 32 32 32 24 24 24 24
Circ16_3-8 16 2809 480 -160175 0 0 : 0 0 53 44 0 53 53 0 54 53 0 53 53 0 11 53
Circ16_4-5 16 9216 480 0 1 44 : 96 96 0 0 0 96 96 0 0 0 0 96 0 0 0 0
Circ16_4-7 16 9216 480 0 1 48 : 96 0 96 0 96 0 0 0 0 96 0 96 0 0 0 0
Circ16_5-7 16 0 480 -230400 0 0 : 32 32 32 32 32 32 32 32 32 32 32 32 24 24 24 24
Circ16_5-8 16 2809 480 -160175 0 0 : 53 1 0 32 53 54 22 0 0 54 53 53 0 0 52 53
Circ16_6-7 16 9216 480 0 1 96 : 96 0 96 0 0 0 96 0 0 96 0 0 96 0 0 0
Circ16_6-8 16 9216 480 0 1 48 : 96 0 96 0 0 0 96 0 96 0 0 0 96 0 0 0
Circ16_7-8 16 2809 480 -160175 0 0 : 53 0 53 53 0 53 0 53 1 53 46 8 53 1 53 0
Circ16_1-3-5 16 0 480 -230400 0 0 : 32 32 32 32 32 32 32 32 32 32 32 32 24 24 24 24
Circ16_1-3-7 16 0 480 -230400 0 0 : 32 32 32 32 32 32 32 32 32 32 32 32 24 24 24 24
Circ16_1-3-8 16 9216 480 0 1 428 : 96 96 96 0 0 96 0 0 96 0 0 0 0 0 0 0
Circ16_1-4-7 16 9216 480 0 1 672 : 96 96 96 96 96 0 0 0 0 0 0 0 0 0 0 0
Circ16_1-5-7 16 0 480 -230400 0 0 : 32 32 32 32 32 32 32 32 32 32 32 32 24 24 24 24
Circ16_1-5-8 16 9216 480 0 1 408 : 96 96 96 96 0 0 0 0 96 0 0 0 0 0 0 0
Circ16_1-6-8 16 9216 480 0 1 120 : 96 96 0 0 0 96 96 0 0 0 0 96 0 0 0 0
Circ16_2-3-8 16 9216 480 0 1 124 : 96 96 96 96 96 0 0 0 0 0 0 0 0 0 0 0
Circ16_2-5-8 16 9216 480 0 1 144 : 96 0 96 0 96 0 96 0 96 0 0 0 0 0 0 0
Circ16_3-4-5 16 9216 480 0 1 672 : 96 96 0 96 96 0 96 0 0 0 0 0 0 0 0 0
Circ16_3-5-7 16 0 480 -230400 0 0 : 32 32 32 32 32 32 32 32 32 32 32 32 24 24 24 24
Circ16_3-7-8 16 9216 480 0 1 456 : 96 96 0 96 0 0 0 0 96 0 96 0 0 0 0 0
Circ16_5-7-8 16 9216 480 0 1 476 : 96 96 0 0 0 96 0 0 96 0 96 0 0 0 0 0
Circ16_6-7-8 16 9216 480 0 1 144 : 96 0 96 0 0 0 96 0 96 0 0 0 96 0 0 0
Circ16_1-3-5-7 16 0 480 -230400 0 0 : 32 32 32 32 32 32 32 32 32 32 32 32 24 24 24 24
D3_1 6 0 480 -230400 0 0 : 80 80 80 80 80 80
D3_2 6 0 480 -230400 0 0 : 80 80 80 80 80 80
D3_3 6 0 480 -230400 0 0 : 80 80 80 80 80 80
D3_4 6 0 480 -230400 0 0 : 80 80 80 80 80 80
D3_5 6 0 480 -230400 0 0 : 80 80 80 80 80 80
D3_6 6 0 480 -230400 0 0 : 80 80 80 80 80 80
D4_8 8 0 480 -230400 0 0 : 64 64 64 64 56 56 56 56
D4_9 8 0 480 -230400 0 0 : 64 64 64 64 56 56 56 56
D4_10 8 0 480 -230400 0 0 : 64 64 64 64 56 56 56 56
D4_11 8 0 480 -230400 0 0 : 64 64 64 64 56 56 56 56
D4_12 8 0 480 -230400 0 0 : 64 64 64 64 56 56 56 56
D4_14 8 0 480 -230400 0 0 : 64 64 64 64 56 56 56 56
D4_15 8 0 480 -230400 0 0 : 64 64 64 64 56 56 56 56
D4_16 8 0 480 -230400 0 0 : 64 64 64 64 56 56 56 56
D4_17 8 0 480 -230400 0 0 : 64 64 64 64 56 56 56 56
D4_18 8 0 480 -230400 0 0 : 64 64 64 64 56 56 56 56
D4_20 8 0 480 -230400 0 0 : 64 64 64 64 56 56 56 56
D4_21 8 0 480 -230400 0 0 : 64 64 64 64 56 56 56 56
D4_22 8 0 480 -230400 0 0 : 64 64 64 64 56 56 56 56
D4_23 8 0 480 -230400 0 0 : 64 64 64 64 56 56 56 56
D4_25 8 0 480 -230400 0 0 : 64 64 64 64 56 56 56 56
D4_26 8 0 480 -230400 0 0 : 64 64 64 64 56 56 56 56
D4_29 8 0 480 -230400 0 0 : 64 64 64 64 56 56 56 56
D4_30 8 0 480 -230400 0 0 : 64 64 64 64 56 56 56 56
D4_33 8 0 480 -230400 0 0 : 64 64 64 64 56 56 56 56
D4_34 8 0 480 -230400 0 0 : 64 64 64 64 56 56 56 56
D4_35 8 9216 480 0 1 24 : 96 96 96 0 0 96 96 0
D4_36 8 0 480 -230400 0 0 : 64 64 64 64 56 56 56 56
D4_37 8 0 480 -230400 0 0 : 64 64 64 64 56 56 56 56
D4_39 8 9216 480 0 1 24 : 96 96 96 0 96 96 0 0
D4_41 8 0 480 -230400 0 0 : 64 64 64 64 56 56 56 56
D4_42 8 9216 480 0 1 24 : 96 0 96 96 96 96 0 0
D4_46 8 9216 480 0 1 24 : 96 96 96 0 96 0 0 96
D5_50 10 0 480 -230400 0 0 : 48 48 48 48 48 48 48 48 48 48
D5_51 10 0 480 -230400 0 0 : 48 48 48 48 48 48 48 48 48 48
D5_52 10 0 480 -230400 0 0 : 48 48 48 48 48 48 48 48 48 48
D5_53 10 0 480 -230400 0 0 : 48 48 48 48 48 48 48 48 48 48
D5_54 10 9216 480 0 1 6 : 96 96 96 96 96 0 0 0 0 0
D5_55 10 9216 480 0 1 6 : 96 96 96 96 96 0 0 0 0 0
D5_58 10 0 480 -230400 0 0 : 48 48 48 48 48 48 48 48 48 48
D5_59 10 0 480 -230400 0 0 : 48 48 48 48 48 48 48 48 48 48
D5_60 10 0 480 -230400 0 0 : 48 48 48 48 48 48 48 48 48 48
D5_61 10 0 480 -230400 0 0 : 48 48 48 48 48 48 48 48 48 48
D5_62 10 9216 480 0 1 6 : 96 96 96 96 96 0 0 0 0 0
D5_63 10 9216 480 0 1 6 : 96 96 96 96 96 0 0 0 0 0
D5_66 10 0 480 -230400 0 0 : 48 48 48 48 48 48 48 48 48 48
D5_67 10 0 480 -230400 0 0 : 48 48 48 48 48 48 48 48 48 48
D5_68 10 0 480 -230400 0 0 : 48 48 48 48 48 48 48 48 48 48
D5_69 10 9216 480 0 1 6 : 96 96 96 96 96 0 0 0 0 0
D5_70 10 9216 480 0 1 6 : 96 96 96 96 96 0 0 0 0 0
D5_73 10 0 480 -230400 0 0 : 48 48 48 48 48 48 48 48 48 48
D5_74 10 0 480 -230400 0 0 : 48 48 48 48 48 48 48 48 48 48
D5_75 10 9216 480 0 1 6 : 96 96 96 96 96 0 0 0 0 0
D5_76 10 9216 480 0 1 6 : 96 96 96 96 96 0 0 0 0 0
D5_79 10 0 480 -230400 0 0 : 48 48 48 48 48 48 48 48 48 48
D5_80 10 9216 480 0 1 6 : 96 96 96 96 96 0 0 0 0 0
D5_81 10 9216 480 0 1 6 : 96 96 96 96 96 0 0 0 0 0
D5_84 10 9216 480 0 1 6 : 96 96 96 96 96 0 0 0 0 0
D5_85 10 9216 480 0 1 6 : 96 96 96 96 96 0 0 0 0 0
D5_90 10 0 480 -230400 0 0 : 48 48 48 48 48 48 48 48 48 48
D5_91 10 0 480 -230400 0 0 : 48 48 48 48 48 48 48 48 48 48
D5_92 10 0 480 -230400 0 0 : 48 48 48 48 48 48 48 48 48 48
D5_93 10 9216 480 0 1 80 : 96 96 96 96 96 0 0 0 0 0
D5_95 10 0 480 -230400 0 0 : 48 48 48 48 48 48 48 48 48 48
D5_96 10 0 480 -230400 0 0 : 48 48 48 48 48 48 48 48 48 48
D5_97 10 9216 480 0 1 84 : 96 96 96 96 96 0 0 0 0 0
D5_99 10 0 480 -230400 0 0 : 48 48 48 48 48 48 48 48 48 48
D5_100 10 9216 480 0 1 84 : 96 96 96 96 96 0 0 0 0 0
D5_102 10 9216 480 0 1 80 : 96 96 96 96 96 0 0 0 0 0
D5_106 10 0 480 -230400 0 0 : 48 48 48 48 48 48 48 48 48 48
D5_107 10 0 480 -230400 0 0 : 48 48 48 48 48 48 48 48 48 48
D5_108 10 9216 480 0 1 84 : 96 96 96 96 96 0 0 0 0 0
D5_110 10 0 480 -230400 0 0 : 48 48 48 48 48 48 48 48 48 48
D5_111 10 9216 480 0 1 88 : 96 96 96 96 96 0 0 0 0 0
D5_117 10 0 480 -230400 0 0 : 48 48 48 48 48 48 48 48 48 48
D5_120 10 9216 480 0 1 88 : 96 96 96 96 96 0 0 0 0 0
D5_124 10 9216 480 0 1 84 : 96 96 96 96 96 0 0 0 0 0
D6_131 12 0 480 -230400 0 0 : 40 40 40 40 40 40 40 40 40 40 40 40
D6_132 12 0 480 -230400 0 0 : 40 40 40 40 40 40 40 40 40 40 40 40
D6_133 12 0 480 -230400 0 0 : 40 40 40 40 40 40 40 40 40 40 40 40
D6_134 12 0 480 -230400 0 0 : 40 40 40 40 40 40 40 40 40 40 40 40
D6_135 12 0 480 -230400 0 0 : 40 40 40 40 40 40 40 40 40 40 40 40
D6_136 12 0 480 -230400 0 0 : 40 40 40 40 40 40 40 40 40 40 40 40
D6_137 12 0 480 -230400 0 0 : 40 40 40 40 40 40 40 40 40 40 40 40
D6_139 12 0 480 -230400 0 0 : 40 40 40 40 40 40 40 40 40 40 40 40
D6_140 12 0 480 -230400 0 0 : 40 40 40 40 40 40 40 40 40 40 40 40
D6_141 12 0 480 -230400 0 0 : 40 40 40 40 40 40 40 40 40 40 40 40
D6_142 12 0 480 -230400 0 0 : 40 40 40 40 40 40 40 40 40 40 40 40
D6_143 12 0 480 -230400 0 0 : 40 40 40 40 40 40 40 40 40 40 40 40
D6_144 12 0 480 -230400 0 0 : 40 40 40 40 40 40 40 40 40 40 40 40
D6_145 12 0 480 -230400 0 0 : 40 40 40 40 40 40 40 40 40 40 40 40
D6_147 12 0 480 -230400 0 0 : 40 40 40 40 40 40 40 40 40 40 40 40
D6_148 12 0 480 -230400 0 0 : 40 40 40 40 40 40 40 40 40 40 40 40
D6_149 12 0 480 -230400 0 0 : 40 40 40 40 40 40 40 40 40 40 40 40
D6_150 12 0 480 -230400 0 0 : 40 40 40 40 40 40 40 40 40 40 40 40
D6_151 12 0 480 -230400 0 0 : 40 40 40 40 40 40 40 40 40 40 40 40
D6_152 12 0 480 -230400 0 0 : 40 40 40 40 40 40 40 40 40 40 40 40
D6_154 12 0 480 -230400 0 0 : 40 40 40 40 40 40 40 40 40 40 40 40
D6_155 12 0 480 -230400 0 0 : 40 40 40 40 40 40 40 40 40 40 40 40
D6_156 12 0 480 -230400 0 0 : 40 40 40 40 40 40 40 40 40 40 40 40
D6_157 12 0 480 -230400 0 0 : 40 40 40 40 40 40 40 40 40 40 40 40
D6_158 12 0 480 -230400 0 0 : 40 40 40 40 40 40 40 40 40 40 40 40
D6_160 12 0 480 -230400 0 0 : 40 40 40 40 40 40 40 40 40 40 40 40
D6_161 12 0 480 -230400 0 0 : 40 40 40 40 40 40 40 40 40 40 40 40
D6_162 12 0 480 -230400 0 0 : 40 40 40 40 40 40 40 40 40 40 40 40
D6_165 12 0 480 -230400 0 0 : 40 40 40 40 40 40 40 40 40 40 40 40
D6_166 12 0 480 -230400 0 0 : 40 40 40 40 40 40 40 40 40 40 40 40
D6_167 12 0 480 -230400 0 0 : 40 40 40 40 40 40 40 40 40 40 40 40
D6_169 12 0 480 -230400 0 0 : 40 40 40 40 40 40 40 40 40 40 40 40
D6_170 12 0 480 -230400 0 0 : 40 40 40 40 40 40 40 40 40 40 40 40
D6_172 12 0 480 -230400 0 0 : 40 40 40 40 40 40 40 40 40 40 40 40
D6_175 12 0 480 -230400 0 0 : 40 40 40 40 40 40 40 40 40 40 40 40
D6_176 12 0 480 -230400 0 0 : 40 40 40 40 40 40 40 40 40 40 40 40
D6_177 12 0 480 -230400 0 0 : 40 40 40 40 40 40 40 40 40 40 40 40
D6_178 12 0 480 -230400 0 0 : 40 40 40 40 40 40 40 40 40 40 40 40
D6_179 12 4692 480 -113100 0 0 : 69 69 0 0 24 69 68 68 44 0 0 69
D6_180 12 0 480 -230400 0 0 : 40 40 40 40 40 40 40 40 40 40 40 40
D6_181 12 0 480 -230400 0 0 : 40 40 40 40 40 40 40 40 40 40 40 40
D6_182 12 0 480 -230400 0 0 : 40 40 40 40 40 40 40 40 40 40 40 40
D6_183 12 0 480 -230400 0 0 : 40 40 40 40 40 40 40 40 40 40 40 40
D6_184 12 0 480 -230400 0 0 : 40 40 40 40 40 40 40 40 40 40 40 40
D6_186 12 0 480 -230400 0 0 : 40 40 40 40 40 40 40 40 40 40 40 40
D6_187 12 0 480 -230400 0 0 : 40 40 40 40 40 40 40 40 40 40 40 40
D6_188 12 9216 480 0 1 120 : 96 96 96 96 0 0 96 0 0 0 0 0
D6_190 12 0 480 -230400 0 0 : 40 40 40 40 40 40 40 40 40 40 40 40
D6_191 12 0 480 -230400 0 0 : 40 40 40 40 40 40 40 40 40 40 40 40
D6_192 12 0 480 -230400 0 0 : 40 40 40 40 40 40 40 40 40 40 40 40
D6_194 12 4692 480 -113100 0 0 : 0 0 69 69 68 16 0 52 68 69 69 0
D6_195 12 0 480 -230400 0 0 : 40 40 40 40 40 40 40 40 40 40 40 40
D6_198 12 0 480 -230400 0 0 : 40 40 40 40 40 40 40 40 40 40 40 40
D6_199 12 0 480 -230400 0 0 : 40 40 40 40 40 40 40 40 40 40 40 40
D6_200 12 0 480 -230400 0 0 : 40 40 40 40 40 40 40 40 40 40 40 40
D6_201 12 4692 480 -113100 0 0 : 68 69 69 0 0 49 0 69 69 68 19 0
D6_202 12 0 480 -230400 0 0 : 40 40 40 40 40 40 40 40 40 40 40 40
D6_203 12 0 480 -230400 0 0 : 40 40 40 40 40 40 40 40 40 40 40 40
D6_204 12 0 480 -230400 0 0 : 40 40 40 40 40 40 40 40 40 40 40 40
D6_205 12 0 480 -230400 0 0 : 40 40 40 40 40 40 40 40 40 40 40 40
D6_207 12 0 480 -230400 0 0 : 40 40 40 40 40 40 40 40 40 40 40 40
D6_208 12 9216 480 0 1 124 : 96 96 96 96 0 0 0 96 0 0 0 0
D6_211 12 0 480 -230400 0 0 : 40 40 40 40 40 40 40 40 40 40 40 40
D6_213 12 0 480 -230400 0 0 : 40 40 40 40 40 40 40 40 40 40 40 40
D6_216 12 0 480 -230400 0 0 : 40 40 40 40 40 40 40 40 40 40 40 40
D6_217 12 0 480 -230400 0 0 : 40 40 40 40 40 40 40 40 40 40 40 40
D6_218 12 4692 480 -113100 0 0 : 0 12 68 68 68 0 69 57 0 0 69 69
D6_219 12 0 480 -230400 0 0 : 40 40 40 40 40 40 40 40 40 40 40 40
D6_220 12 0 480 -230400 0 0 : 40 40 40 40 40 40 40 40 40 40 40 40
D6_221 12 0 480 -230400 0 0 : 40 40 40 40 40 40 40 40 40 40 40 40
D6_223 12 9216 480 0 1 124 : 96 96 96 96 0 0 0 0 96 0 0 0
D6_225 12 0 480 -230400 0 0 : 40 40 40 40 40 40 40 40 40 40 40 40
D6_228 12 0 480 -230400 0 0 : 40 40 40 40 40 40 40 40 40 40 40 40
D6_229 12 4692 480 -113100 0 0 : 68 54 0 0 69 69 0 14 68 69 69 0
D6_230 12 0 480 -230400 0 0 : 40 40 40 40 40 40 40 40 40 40 40 40
D6_231 12 0 480 -230400 0 0 : 40 40 40 40 40 40 40 40 40 40 40 40
D6_233 12 0 480 -230400 0 0 : 40 40 40 40 40 40 40 40 40 40 40 40
D6_236 12 4692 480 -113100 0 0 : 0 0 27 68 69 69 0 69 69 68 41 0
D6_237 12 0 480 -230400 0 0 : 40 40 40 40 40 40 40 40 40 40 40 40
D6_240 12 0 480 -230400 0 0 : 40 40 40 40 40 40 40 40 40 40 40 40
D7_245 14 0 480 -230400 0 0 : 40 40 40 40 32 32 32 32 32 32 32 32 32 32
D7_246 14 0 480 -230400 0 0 : 40 40 40 40 32 32 32 32 32 32 32 32 32 32
D7_247 14 0 480 -230400 0 0 : 40 40 40 40 32 32 32 32 32 32 32 32 32 32
D7_248 14 0 480 -230400 0 0 : 40 40 40 40 32 32 32 32 32 32 32 32 32 32
D7_249 14 0 480 -230400 0 0 : 40 40 40 40 32 32 32 32 32 32 32 32 32 32
D7_250 14 0 480 -230400 0 0 : 40 40 40 40 32 32 32 32 32 32 32 32 32 32
D7_251 14 4692 480 -113100 0 0 : 0 0 0 0 0 0 0 68 69 68 69 68 69 69
D7_252 14 4692 480 -113100 0 0 : 68 69 69 68 68 69 69 0 0 0 0 0 0 0
D7_253 14 4692 480 -113100 0 0 : 68 68 69 69 69 69 68 0 0 0 0 0 0 0
D7_257 14 0 480 -230400 0 0 : 40 40 40 40 32 32 32 32 32 32 32 32 32 32
D7_258 14 0 480 -230400 0 0 : 40 40 40 40 32 32 32 32 32 32 32 32 32 32
D7_259 14 0 480 -230400 0 0 : 40 40 40 40 32 32 32 32 32 32 32 32 32 32
D7_260 14 0 480 -230400 0 0 : 40 40 40 40 32 32 32 32 32 32 32 32 32 32
D7_261 14 0 480 -230400 0 0 : 40 40 40 40 32 32 32 32 32 32 32 32 32 32
D7_262 14 0 480 -230400 0 0 : 40 40 40 40 32 32 32 32 32 32 32 32 32 32
D7_263 14 4692 480 -113100 0 0 : 68 69 69 68 69 68 69 0 0 0 0 0 0 0
D7_264 14 4692 480 -113100 0 0 : 69 68 68 69 69 68 69 0 0 0 0 0 0 0
D7_265 14 4692 480 -113100 0 0 : 69 69 69 69 68 68 68 0 0 0 0 0 0 0
D7_269 14 0 480 -230400 0 0 : 40 40 40 40 32 32 32 32 32 32 32 32 32 32
D7_270 14 0 480 -230400 0 0 : 40 40 40 40 32 32 32 32 32 32 32 32 32 32
D7_271 14 0 480 -230400 0 0 : 40 40 40 40 32 32 32 32 32 32 32 32 32 32
D7_272 14 0 480 -230400 0 0 : 40 40 40 40 32 32 32 32 32 32 32 32 32 32
D7_273 14 0 480 -230400 0 0 : 40 40 40 40 32 32 32 32 32 32 32 32 32 32
D7_274 14 4692 480 -113100 0 0 : 0 0 0 0 0 0 0 69 69 68 69 68 69 68
D7_275 14 4692 480 -113100 0 0 : 69 68 69 69 68 68 69 0 0 0 0 0 0 0
D7_276 14 4692 480 -113100 0 0 : 68 69 69 69 69 68 68 0 0 0 0 0 0 0
D7_280 14 0 480 -230400 0 0 : 40 40 40 40 32 32 32 32 32 32 32 32 32 32
D7_281 14 0 480 -230400 0 0 : 40 40 40 40 32 32 32 32 32 32 32 32 32 32
D7_282 14 0 480 -230400 0 0 : 40 40 40 40 32 32 32 32 32 32 32 32 32 32
D7_283 14 0 480 -230400 0 0 : 40 40 40 40 32 32 32 32 32 32 32 32 32 32
D7_284 14 4692 480 -113100 0 0 : 69 68 69 69 68 69 68 0 0 0 0 0 0 0
D7_285 14 4692 480 -113100 0 0 : 0 0 0 0 0 0 0 68 69 69 68 68 69 69
D7_286 14 4692 480 -113100 0 0 : 69 69 68 68 68 69 69 0 0 0 0 0 0 0
D7_290 14 0 480 -230400 0 0 : 40 40 40 40 32 32 32 32 32 32 32 32 32 32
D7_291 14 0 480 -230400 0 0 : 40 40 40 40 32 32 32 32 32 32 32 32 32 32
D7_292 14 0 480 -230400 0 0 : 40 40 40 40 32 32 32 32 32 32 32 32 32 32
D7_293 14 4692 480 -113100 0 0 : 0 0 0 0 0 0 0 69 68 69 69 68 69 68
D7_294 14 4692 480 -113100 0 0 : 0 0 0 0 0 0 0 68 68 69 69 68 69 69
D7_295 14 4692 480 -113100 0 0 : 0 0 0 0 0 0 0 68 69 69 69 69 68 68
D7_299 14 0 480 -230400 0 0 : 40 40 40 40 32 32 32 32 32 32 32 32 32 32
D7_300 14 0 480 -230400 0 0 : 40 40 40 40 32 32 32 32 32 32 32 32 32 32
D7_301 14 4692 480 -113100 0 0 : 69 68 69 68 69 69 68 0 0 0 0 0 0 0
D7_302 14 4692 480 -113100 0 0 : 0 0 0 0 0 0 0 68 68 69 69 68 69 69
D7_303 14 4692 480 -113100 0 0 : 68 68 69 69 69 69 68 0 0 0 0 0 0 0
D7_307 14 0 480 -230400 0 0 : 40 40 40 40 32 32 32 32 32 32 32 32 32 32
D7_308 14 4692 480 -113100 0 0 : 68 69 69 68 69 68 69 0 0 0 0 0 0 0
D7_309 14 4692 480 -113100 0 0 : 0 0 0 0 0 0 0 68 69 69 68 68 69 69
D7_310 14 4692 480 -113100 0 0 : 69 69 69 68 68 68 69 0 0 0 0 0 0 0
D7_314 14 4692 480 -113100 0 0 : 69 69 68 69 68 69 68 0 0 0 0 0 0 0
D7_315 14 4692 480 -113100 0 0 : 68 68 69 69 68 69 69 0 0 0 0 0 0 0
D7_316 14 4692 480 -113100 0 0 : 68 68 68 69 69 69 69 0 0 0 0 0 0 0
D7_323 14 0 480 -230400 0 0 : 40 40 40 40 32 32 32 32 32 32 32 32 32 32
D7_324 14 0 480 -230400 0 0 : 40 40 40 40 32 32 32 32 32 32 32 32 32 32
D7_325 14 0 480 -230400 0 0 : 40 40 40 40 32 32 32 32 32 32 32 32 32 32
D7_326 14 0 480 -230400 0 0 : 40 40 40 40 32 32 32 32 32 32 32 32 32 32
D7_327 14 0 480 -230400 0 0 : 40 40 40 40 32 32 32 32 32 32 32 32 32 32
D7_328 14 9216 480 0 1 102 : 96 0 96 0 96 0 96 96 0 0 0 0 0 0
D7_329 14 4692 480 -113100 0 0 : 42 25 33 44 42 29 43 25 27 40 25 26 43 36
D7_332 14 0 480 -230400 0 0 : 40 40 40 40 32 32 32 32 32 32 32 32 32 32
D7_333 14 0 480 -230400 0 0 : 40 40 40 40 32 32 32 32 32 32 32 32 32 32
D7_334 14 0 480 -230400 0 0 : 40 40 40 40 32 32 32 32 32 32 32 32 32 32
D7_335 14 0 480 -230400 0 0 : 40 40 40 40 32 32 32 32 32 32 32 32 32 32
D7_336 14 4692 480 -113100 0 0 : 38 28 33 19 46 47 47 22 30 41 35 50 23 21
D7_337 14 9216 480 0 1 106 : 96 0 96 96 0 0 96 0 0 96 0 0 0 0
D7_340 14 0 480 -230400 0 0 : 40 40 40 40 32 32 32 32 32 32 32 32 32 32
D7_341 14 0 480 -230400 0 0 : 40 40 40 40 32 32 32 32 32 32 32 32 32 32
D7_342 14 0 480 -230400 0 0 : 40 40 40 40 32 32 32 32 32 32 32 32 32 32
D7_343 14 9216 480 0 1 114 : 96 96 96 96 0 0 0 0 0 0 96 0 0 0
D7_344 14 4692 480 -113100 0 0 : 29 7 38 66 35 34 18 30 3 34 34 50 40 62
D7_347 14 0 480 -230400 0 0 : 40 40 40 40 32 32 32 32 32 32 32 32 32 32
D7_348 14 0 480 -230400 0 0 : 40 40 40 40 32 32 32 32 32 32 32 32 32 32
D7_349 14 9216 480 0 1 114 : 96 96 96 96 0 0 0 96 0 0 0 0 0 0
D7_350 14 4692 480 -113100 0 0 : 46 27 51 46 30 33 37 35 32 23 41 17 23 39
D7_353 14 0 480 -230400 0 0 : 40 40 40 40 32 32 32 32 32 32 32 32 32 32
D7_354 14 4692 480 -113100 0 0 : 21 27 30 42 32 39 33 42 38 27 37 29 36 47
D7_355 14 9216 480 0 1 106 : 96 0 96 96 0 0 96 96 0 0 0 0 0 0
D7_358 14 9216 480 0 1 102 : 96 0 96 0 96 0 96 0 0 0 0 0 0 96
D7_359 14 4692 480 -113100 0 0 : 24 34 32 50 42 36 32 27 33 36 44 34 37 19
D7_365 14 0 480 -230400 0 0 : 40 40 40 40 32 32 32 32 32 32 32 32 32 32
D7_366 14 0 480 -230400 0 0 : 40 40 40 40 32 32 32 32 32 32 32 32 32 32
D7_367 14 0 480 -230400 0 0 : 40 40 40 40 32 32 32 32 32 32 32 32 32 32
D7_368 14 0 480 -230400 0 0 : 40 40 40 40 32 32 32 32 32 32 32 32 32 32
D7_369 14 9216 480 0 1 106 : 96 0 96 0 96 0 96 0 96 0 0 0 0 0
D7_370 14 4692 480 -113100 0 0 : 45 45 37 34 44 35 50 32 35 25 34 18 23 23
D7_373 14 0 480 -230400 0 0 : 40 40 40 40 32 32 32 32 32 32 32 32 32 32
D7_374 14 0 480 -230400 0 0 : 40 40 40 40 32 32 32 32 32 32 32 32 32 32
D7_375 14 0 480 -230400 0 0 : 40 40 40 40 32 32 32 32 32 32 32 32 32 32
D7_376 14 4692 480 -113100 0 0 : 31 15 47 33 35 25 47 44 21 38 53 22 36 33
D7_377 14 9216 480 0 1 110 : 96 0 96 96 0 0 96 0 0 0 96 0 0 0
D7_380 14 0 480 -230400 0 0 : 40 40 40 40 32 32 32 32 32 32 32 32 32 32
D7_381 14 0 480 -230400 0 0 : 40 40 40 40 32 32 32 32 32 32 32 32 32 32
D7_382 14 9216 480 0 1 114 : 96 96 96 96 0 0 0 0 0 0 0 96 0 0
D7_383 14 4692 480 -113100 0 0 : 28 13 35 33 36 38 37 56 33 36 33 30 31 41
D7_386 14 0 480 -230400 0 0 : 40 40 40 40 32 32 32 32 32 32 32 32 32 32
D7_387 14 9216 480 0 1 118 : 96 96 96 96 0 0 0 0 96 0 0 0 0 0
D7_388 14 4692 480 -113100 0 0 : 39 50 36 21 36 32 51 32 36 18 30 18 33 48
D7_392 14 9216 480 0 1 106 : 96 0 96 96 0 0 96 0 96 0 0 0 0 0
D7_398 14 0 480 -230400 0 0 : 40 40 40 40 32 32 32 32 32 32 32 32 32 32
D7_399 14 0 480 -230400 0 0 : 40 40 40 40 32 32 32 32 32 32 32 32 32 32
D7_400 14 0 480 -230400 0 0 : 40 40 40 40 32 32 32 32 32 32 32 32 32 32
D7_401 14 9216 480 0 1 110 : 96 0 96 0 96 0 96 0 0 96 0 0 0 0
D7_402 14 4692 480 -113100 0 0 : 27 44 39 46 29 46 31 25 29 22 39 23 38 42
D7_405 14 0 480 -230400 0 0 : 40 40 40 40 32 32 32 32 32 32 32 32 32 32
D7_406 14 0 480 -230400 0 0 : 40 40 40 40 32 32 32 32 32 32 32 32 32 32
D7_407 14 4692 480 -113100 0 0 : 16 40 31 34 37 37 42 32 31 27 52 29 38 34
D7_408 14 9216 480 0 1 110 : 96 0 96 96 0 0 96 0 0 0 0 96 0 0
D7_411 14 0 480 -230400 0 0 : 40 40 40 40 32 32 32 32 32 32 32 32 32 32
D7_412 14 9216 480 0 1 114 : 96 96 96 96 0 0 0 0 0 0 0 0 96 0
D7_416 14 9216 480 0 1 118 : 96 96 96 96 0 0 0 0 0 96 0 0 0 0
D7_417 14 4692 480 -113100 0 0 : 33 21 44 18 42 31 24 51 26 37 45 36 47 25
D7_423 14 0 480 -230400 0 0 : 40 40 40 40 32 32 32 32 32 32 32 32 32 32
D7_424 14 0 480 -230400 0 0 : 40 40 40 40 32 32 32 32 32 32 32 32 32 32
D7_425 14 9216 480 0 1 110 : 96 0 96 0 96 0 96 0 0 0 96 0 0 0
D7_429 14 0 480 -230400 0 0 : 40 40 40 40 32 32 32 32 32 32 32 32 32 32
D7_430 14 4692 480 -113100 0 0 : 41 33 49 22 36 32 31 47 32 37 37 28 35 20
D7_431 14 9216 480 0 1 110 : 96 0 96 96 0 0 96 0 0 0 0 0 96 0
D7_434 14 9216 480 0 1 114 : 96 96 96 96 0 0 0 0 0 0 0 0 0 96
D7_435 14 4692 480 -113100 0 0 : 38 39 24 39 40 39 24 44 30 30 45 29 29 30
D7_441 14 0 480 -230400 0 0 : 40 40 40 40 32 32 32 32 32 32 32 32 32 32
D7_442 14 9216 480 0 1 110 : 96 0 96 0 96 0 96 0 0 0 0 96 0 0
D7_443 14 4692 480 -113100 0 0 : 30 32 33 21 39 24 27 42 39 37 36 47 29 44
D7_446 14 4692 480 -113100 0 0 : 46 21 57 26 41 21 49 12 42 28 47 20 23 47
D7_447 14 9216 480 0 1 110 : 96 0 96 96 0 0 96 0 0 0 0 0 0 96
D7_453 14 9216 480 0 1 106 : 96 0 96 0 96 0 96 0 0 0 0 0 96 0
D7_454 14 4692 480 -113100 0 0 : 32 35 46 37 39 43 37 25 32 37 34 23 31 29
D8_464 16 0 480 -230400 0 0 : 32 32 32 32 32 32 32 32 32 32 32 32 24 24 24 24
D8_465 16 0 480 -230400 0 0 : 32 32 32 32 32 32 32 32 32 32 32 32 24 24 24 24
D8_466 16 0 480 -230400 0 0 : 32 32 32 32 32 32 32 32 32 32 32 32 24 24 24 24
D8_467 16 0 480 -230400 0 0 : 32 32 32 32 32 32 32 32 32 32 32 32 24 24 24 24
D8_468 16 0 480 -230400 0 0 : 32 32 32 32 32 32 32 32 32 32 32 32 24 24 24 24
D8_469 16 0 480 -230400 0 0 : 32 32 32 32 32 32 32 32 32 32 32 32 24 24 24 24
D8_470 16 0 480 -230400 0 0 : 32 32 32 32 32 32 32 32 32 32 32 32 24 24 24 24
D8_471 16 0 480 -230400 0 0 : 32 32 32 32 32 32 32 32 32 32 32 32 24 24 24 24
D8_472 16 0 480 -230400 0 0 : 32 32 32 32 32 32 32 32 32 32 32 32 24 24 24 24
D8_473 16 0 480 -230400 0 0 : 32 32 32 32 32 32 32 32 32 32 32 32 24 24 24 24
D8_474 16 0 480 -230400 0 0 : 32 32 32 32 32 32 32 32 32 32 32 32 24 24 24 24
D8_478 16 0 480 -230400 0 0 : 32 32 32 32 32 32 32 32 32 32 32 32 24 24 24 24
D8_479 16 0 480 -230400 0 0 : 32 32 32 32 32 32 32 32 32 32 32 32 24 24 24 24
D8_480 16 0 480 -230400 0 0 : 32 32 32 32 32 32 32 32 32 32 32 32 24 24 24 24
D8_481 16 0 480 -230400 0 0 : 32 32 32 32 32 32 32 32 32 32 32 32 24 24 24 24
D8_482 16 0 480 -230400 0 0 : 32 32 32 32 32 32 32 32 32 32 32 32 24 24 24 24
D8_483 16 0 480 -230400 0 0 : 32 32 32 32 32 32 32 32 32 32 32 32 24 24 24 24
D8_484 16 0 480 -230400 0 0 : 32 32 32 32 32 32 32 32 32 32 32 32 24 24 24 24
D8_485 16 0 480 -230400 0 0 : 32 32 32 32 32 32 32 32 32 32 32 32 24 24 24 24
D8_486 16 0 480 -230400 0 0 : 32 32 32 32 32 32 32 32 32 32 32 32 24 24 24 24
D8_487 16 0 480 -230400 0 0 : 32 32 32 32 32 32 32 32 32 32 32 32 24 24 24 24
D8_488 16 0 480 -230400 0 0 : 32 32 32 32 32 32 32 32 32 32 32 32 24 24 24 24
D8_492 16 0 480 -230400 0 0 : 32 32 32 32 32 32 32 32 32 32 32 32 24 24 24 24
D8_493 16 0 480 -230400 0 0 : 32 32 32 32 32 32 32 32 32 32 32 32 24 24 24 24
D8_494 16 0 480 -230400 0 0 : 32 32 32 32 32 32 32 32 32 32 32 32 24 24 24 24
D8_495 16 0 480 -230400 0 0 : 32 32 32 32 32 32 32 32 32 32 32 32 24 24 24 24
D8_496 16 0 480 -230400 0 0 : 32 32 32 32 32 32 32 32 32 32 32 32 24 24 24 24
D8_497 16 0 480 -230400 0 0 : 32 32 32 32 32 32 32 32 32 32 32 32 24 24 24 24
D8_498 16 0 480 -230400 0 0 : 32 32 32 32 32 32 32 32 32 32 32 32 24 24 24 24
D8_499 16 0 480 -230400 0 0 : 32 32 32 32 32 32 32 32 32 32 32 32 24 24 24 24
D8_500 16 0 480 -230400 0 0 : 32 32 32 32 32 32 32 32 32 32 32 32 24 24 24 24
D8_501 16 0 480 -230400 0 0 : 32 32 32 32 32 32 32 32 32 32 32 32 24 24 24 24
D8_505 16 0 480 -230400 0 0 : 32 32 32 32 32 32 32 32 32 32 32 32 24 24 24 24
D8_506 16 0 480 -230400 0 0 : 32 32 32 32 32 32 32 32 32 32 32 32 24 24 24 24
D8_507 16 0 480 -230400 0 0 : 32 32 32 32 32 32 32 32 32 32 32 32 24 24 24 24
D8_508 16 0 480 -230400 0 0 : 32 32 32 32 32 32 32 32 32 32 32 32 24 24 24 24
D8_509 16 0 480 -230400 0 0 : 32 32 32 32 32 32 32 32 32 32 32 32 24 24 24 24
D8_510 16 0 480 -230400 0 0 : 32 32 32 32 32 32 32 32 32 32 32 32 24 24 24 24
D8_511 16 0 480 -230400 0 0 : 32 32 32 32 32 32 32 32 32 32 32 32 24 24 24 24
D8_512 16 0 480 -230400 0 0 : 32 32 32 32 32 32 32 32 32 32 32 32 24 24 24 24
D8_513 16 0 480 -230400 0 0 : 32 32 32 32 32 32 32 32 32 32 32 32 24 24 24 24
D8_517 16 0 480 -230400 0 0 : 32 32 32 32 32 32 32 32 32 32 32 32 24 24 24 24
D8_518 16 0 480 -230400 0 0 : 32 32 32 32 32 32 32 32 32 32 32 32 24 24 24 24
D8_519 16 0 480 -230400 0 0 : 32 32 32 32 32 32 32 32 32 32 32 32 24 24 24 24
D8_520 16 0 480 -230400 0 0 : 32 32 32 32 32 32 32 32 32 32 32 32 24 24 24 24
D8_521 16 0 480 -230400 0 0 : 32 32 32 32 32 32 32 32 32 32 32 32 24 24 24 24
D8_522 16 0 480 -230400 0 0 : 32 32 32 32 32 32 32 32 32 32 32 32 24 24 24 24
D8_523 16 0 480 -230400 0 0 : 32 32 32 32 32 32 32 32 32 32 32 32 24 24 24 24
D8_524 16 0 480 -230400 0 0 : 32 32 32 32 32 32 32 32 32 32 32 32 24 24 24 24
D8_528 16 0 480 -230400 0 0 : 32 32 32 32 32 32 32 32 32 32 32 32 24 24 24 24
D8_529 16 0 480 -230400 0 0 : 32 32 32 32 32 32 32 32 32 32 32 32 24 24 24 24
D8_530 16 0 480 -230400 0 0 : 32 32 32 32 32 32 32 32 32 32 32 32 24 24 24 24
D8_531 16 0 480 -230400 0 0 : 32 32 32 32 32 32 32 32 32 32 32 32 24 24 24 24
D8_532 16 0 480 -230400 0 0 : 32 32 32 32 32 32 32 32 32 32 32 32 24 24 24 24
D8_533 16 0 480 -230400 0 0 : 32 32 32 32 32 32 32 32 32 32 32 32 24 24 24 24
D8_538 16 0 480 -230400 0 0 : 32 32 32 32 32 32 32 32 32 32 32 32 24 24 24 24
D8_539 16 0 480 -230400 0 0 : 32 32 32 32 32 32 32 32 32 32 32 32 24 24 24 24
D8_540 16 0 480 -230400 0 0 : 32 32 32 32 32 32 32 32 32 32 32 32 24 24 24 24
D8_541 16 0 480 -230400 0 0 : 32 32 32 32 32 32 32 32 32 32 32 32 24 24 24 24
D8_542 16 0 480 -230400 0 0 : 32 32 32 32 32 32 32 32 32 32 32 32 24 24 24 24
D8_543 16 0 480 -230400 0 0 : 32 32 32 32 32 32 32 32 32 32 32 32 24 24 24 24
D8_547 16 0 480 -230400 0 0 : 32 32 32 32 32 32 32 32 32 32 32 32 24 24 24 24
D8_548 16 0 480 -230400 0 0 : 32 32 32 32 32 32 32 32 32 32 32 32 24 24 24 24
D8_549 16 0 480 -230400 0 0 : 32 32 32 32 32 32 32 32 32 32 32 32 24 24 24 24
D8_550 16 0 480 -230400 0 0 : 32 32 32 32 32 32 32 32 32 32 32 32 24 24 24 24
D8_551 16 0 480 -230400 0 0 : 32 32 32 32 32 32 32 32 32 32 32 32 24 24 24 24
D8_555 16 0 480 -230400 0 0 : 32 32 32 32 32 32 32 32 32 32 32 32 24 24 24 24
D8_556 16 0 480 -230400 0 0 : 32 32 32 32 32 32 32 32 32 32 32 32 24 24 24 24
D8_557 16 0 480 -230400 0 0 : 32 32 32 32 32 32 32 32 32 32 32 32 24 24 24 24
D8_558 16 0 480 -230400 0 0 : 32 32 32 32 32 32 32 32 32 32 32 32 24 24 24 24
D8_562 16 0 480 -230400 0 0 : 32 32 32 32 32 32 32 32 32 32 32 32 24 24 24 24
D8_563 16 9216 480 0 1 48 : 96 96 96 96 96 0 0 0 0 0 0 0 0 0 0 0
D8_567 16 9216 480 0 1 48 : 96 96 0 96 96 0 96 0 0 0 0 0 0 0 0 0
D8_573 16 0 480 -230400 0 0 : 32 32 32 32 32 32 32 32 32 32 32 32 24 24 24 24
D8_574 16 0 480 -230400 0 0 : 32 32 32 32 32 32 32 32 32 32 32 32 24 24 24 24
D8_575 16 0 480 -230400 0 0 : 32 32 32 32 32 32 32 32 32 32 32 32 24 24 24 24
D8_576 16 0 480 -230400 0 0 : 32 32 32 32 32 32 32 32 32 32 32 32 24 24 24 24
D8_577 16 0 480 -230400 0 0 : 32 32 32 32 32 32 32 32 32 32 32 32 24 24 24 24
D8_578 16 0 480 -230400 0 0 : 32 32 32 32 32 32 32 32 32 32 32 32 24 24 24 24
D8_579 16 9216 480 0 1 48 : 96 96 96 0 0 0 0 0 0 96 96 0 0 0 0 0
D8_580 16 9216 480 0 1 68 : 96 96 0 96 0 0 96 0 0 96 0 0 0 0 0 0
D8_581 16 2809 480 -160175 0 0 : 53 24 0 0 1 53 53 53 53 53 0 1 1 29 53 53
D8_584 16 0 480 -230400 0 0 : 32 32 32 32 32 32 32 32 32 32 32 32 24 24 24 24
D8_585 16 0 480 -230400 0 0 : 32 32 32 32 32 32 32 32 32 32 32 32 24 24 24 24
D8_586 16 0 480 -230400 0 0 : 32 32 32 32 32 32 32 32 32 32 32 32 24 24 24 24
D8_587 16 0 480 -230400 0 0 : 32 32 32 32 32 32 32 32 32 32 32 32 24 24 24 24
D8_588 16 0 480 -230400 0 0 : 32 32 32 32 32 32 32 32 32 32 32 32 24 24 24 24
D8_589 16 0 480 -230400 0 0 : 32 32 32 32 32 32 32 32 32 32 32 32 24 24 24 24
D8_590 16 0 480 -230400 0 0 : 32 32 32 32 32 32 32 32 32 32 32 32 24 24 24 24
D8_591 16 9216 480 0 1 48 : 96 0 96 0 96 0 0 0 0 0 96 0 96 0 0 0
D8_594 16 0 480 -230400 0 0 : 32 32 32 32 32 32 32 32 32 32 32 32 24 24 24 24
D8_595 16 0 480 -230400 0 0 : 32 32 32 32 32 32 32 32 32 32 32 32 24 24 24 24
D8_596 16 0 480 -230400 0 0 : 32 32 32 32 32 32 32 32 32 32 32 32 24 24 24 24
D8_597 16 0 480 -230400 0 0 : 32 32 32 32 32 32 32 32 32 32 32 32 24 24 24 24
D8_598 16 9216 480 0 1 84 : 96 96 96 96 0 0 0 0 0 0 0 96 0 0 0 0
D8_599 16 9216 480 0 1 48 : 96 0 96 0 0 96 0 0 96 0 0 0 0 96 0 0
D8_600 16 2809 480 -160175 0 0 : 0 53 0 53 53 0 54 42 0 53 0 11 53 1 53 54
D8_603 16 0 480 -230400 0 0 : 32 32 32 32 32 32 32 32 32 32 32 32 24 24 24 24
D8_604 16 0 480 -230400 0 0 : 32 32 32 32 32 32 32 32 32 32 32 32 24 24 24 24
D8_605 16 0 480 -230400 0 0 : 32 32 32 32 32 32 32 32 32 32 32 32 24 24 24 24
D8_606 16 0 480 -230400 0 0 : 32 32 32 32 32 32 32 32 32 32 32 32 24 24 24 24
D8_607 16 0 480 -230400 0 0 : 32 32 32 32 32 32 32 32 32 32 32 32 24 24 24 24
D8_608 16 0 480 -230400 0 0 : 32 32 32 32 32 32 32 32 32 32 32 32 24 24 24 24
D8_612 16 0 480 -230400 0 0 : 32 32 32 32 32 32 32 32 32 32 32 32 24 24 24 24
D8_613 16 0 480 -230400 0 0 : 32 32 32 32 32 32 32 32 32 32 32 32 24 24 24 24
D8_614 16 9216 480 0 1 84 : 96 96 96 96 0 0 0 0 96 0 0 0 0 0 0 0
D8_615 16 9216 480 0 1 48 : 96 0 96 0 0 96 0 0 0 0 96 0 0 96 0 0
D8_616 16 2809 480 -160175 0 0 : 0 53 0 35 54 1 53 53 0 53 0 53 53 0 53 19
D8_619 16 0 480 -230400 0 0 : 32 32 32 32 32 32 32 32 32 32 32 32 24 24 24 24
D8_620 16 0 480 -230400 0 0 : 32 32 32 32 32 32 32 32 32 32 32 32 24 24 24 24
D8_621 16 0 480 -230400 0 0 : 32 32 32 32 32 32 32 32 32 32 32 32 24 24 24 24
D8_622 16 9216 480 0 1 48 : 96 0 96 0 96 0 0 0 96 0 96 0 0 0 0 0
D8_625 16 9216 480 0 1 48 : 96 96 96 0 0 0 0 0 96 96 0 0 0 0 0 0
D8_626 16 9216 480 0 1 68 : 96 96 0 96 0 0 96 0 96 0 0 0 0 0 0 0
D8_627 16 2809 480 -160175 0 0 : 0 0 30 53 54 53 53 0 0 1 53 53 53 53 23 1
D8_630 16 0 480 -230400 0 0 : 32 32 32 32 32 32 32 32 32 32 32 32 24 24 24 24
D8_631 16 9216 480 0 1 48 : 96 96 96 96 96 0 0 0 0 0 0 0 0 0 0 0
D8_635 16 9216 480 0 1 48 : 96 96 0 96 96 0 96 0 0 0 0 0 0 0 0 0
D8_641 16 0 480 -230400 0 0 : 32 32 32 32 32 32 32 32 32 32 32 32 24 24 24 24
D8_642 16 0 480 -230400 0 0 : 32 32 32 32 32 32 32 32 32 32 32 32 24 24 24 24
D8_643 16 0 480 -230400 0 0 : 32 32 32 32 32 32 32 32 32 32 32 32 24 24 24 24
D8_644 16 0 480 -230400 0 0 : 32 32 32 32 32 32 32 32 32 32 32 32 24 24 24 24
D8_645 16 0 480 -230400 0 0 : 32 32 32 32 32 32 32 32 32 32 32 32 24 24 24 24
D8_646 16 9216 480 0 1 48 : 96 96 96 0 0 0 0 0 0 0 96 96 0 0 0 0
D8_647 16 9216 480 0 1 72 : 96 96 0 96 0 0 96 0 0 0 96 0 0 0 0 0
D8_648 16 2809 480 -160175 0 0 : 1 0 0 1 53 53 53 53 53 53 0 1 0 52 54 53
D8_651 16 0 480 -230400 0 0 : 32 32 32 32 32 32 32 32 32 32 32 32 24 24 24 24
D8_652 16 0 480 -230400 0 0 : 32 32 32 32 32 32 32 32 32 32 32 32 24 24 24 24
D8_653 16 0 480 -230400 0 0 : 32 32 32 32 32 32 32 32 32 32 32 32 24 24 24 24
D8_654 16 0 480 -230400 0 0 : 32 32 32 32 32 32 32 32 32 32 32 32 24 24 24 24
D8_655 16 0 480 -230400 0 0 : 32 32 32 32 32 32 32 32 32 32 32 32 24 24 24 24
D8_656 16 0 480 -230400 0 0 : 32 32 32 32 32 32 32 32 32 32 32 32 24 24 24 24
D8_657 16 9216 480 0 1 48 : 96 0 96 0 96 0 0 0 0 0 0 96 0 96 0 0
D8_660 16 0 480 -230400 0 0 : 32 32 32 32 32 32 32 32 32 32 32 32 24 24 24 24
D8_661 16 0 480 -230400 0 0 : 32 32 32 32 32 32 32 32 32 32 32 32 24 24 24 24
D8_662 16 0 480 -230400 0 0 : 32 32 32 32 32 32 32 32 32 32 32 32 24 24 24 24
D8_663 16 9216 480 0 1 84 : 96 96 96 96 0 0 0 0 0 0 0 0 96 0 0 0
D8_664 16 9216 480 0 1 48 : 96 0 96 0 0 96 0 0 0 96 0 0 0 0 96 0
D8_665 16 2809 480 -160175 0 0 : 53 0 53 50 1 54 0 53 3 53 0 53 53 0 53 1
D8_668 16 0 480 -230400 0 0 : 32 32 32 32 32 32 32 32 32 32 32 32 24 24 24 24
D8_669 16 0 480 -230400 0 0 : 32 32 32 32 32 32 32 32 32 32 32 32 24 24 24 24
D8_670 16 0 480 -230400 0 0 : 32 32 32 32 32 32 32 32 32 32 32 32 24 24 24 24
D8_671 16 0 480 -230400 0 0 : 32 32 32 32 32 32 32 32 32 32 32 32 24 24 24 24
D8_672 16 0 480 -230400 0 0 : 32 32 32 32 32 32 32 32 32 32 32 32 24 24 24 24
D8_676 16 0 480 -230400 0 0 : 32 32 32 32 32 32 32 32 32 32 32 32 24 24 24 24
D8_677 16 9216 480 0 1 88 : 96 96 96 96 0 0 0 0 0 96 0 0 0 0 0 0
D8_678 16 9216 480 0 1 48 : 96 0 96 0 0 96 0 0 0 0 0 96 0 0 96 0
D8_679 16 2809 480 -160175 0 0 : 14 53 1 53 54 0 54 0 0 53 53 0 53 39 0 53
D8_683 16 0 480 -230400 0 0 : 32 32 32 32 32 32 32 32 32 32 32 32 24 24 24 24
D8_684 16 9216 480 0 1 48 : 96 0 96 0 96 0 0 0 0 96 0 96 0 0 0 0
D8_687 16 0 480 -230400 0 0 : 32 32 32 32 32 32 32 32 32 32 32 32 24 24 24 24
D8_688 16 9216 480 0 1 48 : 96 96 96 96 96 0 0 0 0 0 0 0 0 0 0 0
D8_692 16 9216 480 0 1 48 : 96 96 0 96 96 0 96 0 0 0 0 0 0 0 0 0
D8_698 16 0 480 -230400 0 0 : 32 32 32 32 32 32 32 32 32 32 32 32 24 24 24 24
D8_699 16 0 480 -230400 0 0 : 32 32 32 32 32 32 32 32 32 32 32 32 24 24 24 24
D8_700 16 0 480 -230400 0 0 : 32 32 32 32 32 32 32 32 32 32 32 32 24 24 24 24
D8_701 16 0 480 -230400 0 0 : 32 32 32 32 32 32 32 32 32 32 32 32 24 24 24 24
D8_702 16 9216 480 0 1 48 : 96 96 96 0 0 0 0 0 0 0 0 96 96 0 0 0
D8_703 16 9216 480 0 1 76 : 96 96 0 96 0 0 96 0 0 0 0 96 0 0 0 0
D8_704 16 2809 480 -160175 0 0 : 1 53 54 53 53 0 0 0 1 0 0 53 53 53 54 52
D8_707 16 0 480 -230400 0 0 : 32 32 32 32 32 32 32 32 32 32 32 32 24 24 24 24
D8_708 16 0 480 -230400 0 0 : 32 32 32 32 32 32 32 32 32 32 32 32 24 24 24 24
D8_709 16 0 480 -230400 0 0 : 32 32 32 32 32 32 32 32 32 32 32 32 24 24 24 24
D8_710 16 0 480 -230400 0 0 : 32 32 32 32 32 32 32 32 32 32 32 32 24 24 24 24
D8_711 16 0 480 -230400 0 0 : 32 32 32 32 32 32 32 32 32 32 32 32 24 24 24 24
D8_712 16 9216 480 0 1 48 : 96 0 0 0 96 0 96 0 96 0 96 0 0 0 0 0
D8_715 16 0 480 -230400 0 0 : 32 32 32 32 32 32 32 32 32 32 32 32 24 24 24 24
D8_716 16 0 480 -230400 0 0 : 32 32 32 32 32 32 32 32 32 32 32 32 24 24 24 24
D8_717 16 9216 480 0 1 84 : 96 96 96 96 0 0 0 0 0 0 0 0 0 96 0 0
D8_718 16 9216 480 0 1 48 : 96 0 96 0 0 96 0 0 0 0 96 0 0 0 0 96
D8_719 16 2809 480 -160175 0 0 : 53 0 53 54 0 53 48 0 53 0 53 0 5 54 0 54
D8_722 16 0 480 -230400 0 0 : 32 32 32 32 32 32 32 32 32 32 32 32 24 24 24 24
D8_723 16 0 480 -230400 0 0 : 32 32 32 32 32 32 32 32 32 32 32 32 24 24 24 24
D8_725 16 0 480 -230400 0 0 : 32 32 32 32 32 32 32 32 32 32 32 32 24 24 24 24
D8_729 16 9216 480 0 1 88 : 96 96 96 96 0 0 0 0 0 0 96 0 0 0 0 0
D8_730 16 9216 480 0 1 48 : 96 0 96 0 0 96 0 0 0 0 0 0 96 0 0 96
D8_731 16 2809 480 -160175 0 0 : 2 22 53 0 55 53 0 53 0 53 0 50 53 0 53 33
D8_734 16 0 480 -230400 0 0 : 32 32 32 32 32 32 32 32 32 32 32 32 24 24 24 24
D8_735 16 9216 480 0 1 48 : 96 96 96 96 96 0 0 0 0 0 0 0 0 0 0 0
D8_739 16 9216 480 0 1 48 : 96 96 0 96 96 0 96 0 0 0 0 0 0 0 0 0
D8_745 16 0 480 -230400 0 0 : 32 32 32 32 32 32 32 32 32 32 32 32 24 24 24 24
D8_746 16 0 480 -230400 0 0 : 32 32 32 32 32 32 32 32 32 32 32 32 24 24 24 24
D8_747 16 0 480 -230400 0 0 : 32 32 32 32 32 32 32 32 32 32 32 32 24 24 24 24
D8_748 16 9216 480 0 1 48 : 96 96 96 0 0 0 0 0 0 0 0 0 96 96 0 0
D8_749 16 9216 480 0 1 76 : 96 96 0 96 0 0 96 0 0 0 0 0 96 0 0 0
D8_750 16 2809 480 -160175 0 0 : 53 28 0 0 2 53 53 53 25 53 53 53 53 1 0 0
D8_753 16 0 480 -230400 0 0 : 32 32 32 32 32 32 32 32 32 32 32 32 24 24 24 24
D8_754 16 0 480 -230400 0 0 : 32 32 32 32 32 32 32 32 32 32 32 32 24 24 24 24
D8_755 16 0 480 -230400 0 0 : 32 32 32 32 32 32 32 32 32 32 32 32 24 24 24 24
D8_757 16 9216 480 0 1 48 : 96 0 0 0 96 0 96 0 0 96 0 96 0 0 0 0
D8_760 16 0 480 -230400 0 0 : 32 32 32 32 32 32 32 32 32 32 32 32 24 24 24 24
D8_761 16 9216 480 0 1 84 : 96 96 96 96 0 0 0 0 0 0 0 0 0 0 96 0
D8_762 16 9216 480 0 1 48 : 96 0 96 0 0 96 0 0 96 0 0 96 0 0 0 0
D8_763 16 2809 480 -160175 0 0 : 54 53 0 53 7 5 53 0 0 54 0 46 53 0 53 49
D8_766 16 0 480 -230400 0 0 : 32 32 32 32 32 32 32 32 32 32 32 32 24 24 24 24
D8_767 16 0 480 -230400 0 0 : 32 32 32 32 32 32 32 32 32 32 32 32 24 24 24 24
D8_768 16 0 480 -230400 0 0 : 32 32 32 32 32 32 32 32 32 32 32 32 24 24 24 24
D8_772 16 0 480 -230400 0 0 : 32 32 32 32 32 32 32 32 32 32 32 32 24 24 24 24
D8_773 16 9216 480 0 1 48 : 96 96 96 96 96 0 0 0 0 0 0 0 0 0 0 0
D8_777 16 9216 480 0 1 48 : 96 96 0 96 96 0 96 0 0 0 0 0 0 0 0 0
D8_783 16 0 480 -230400 0 0 : 32 32 32 32 32 32 32 32 32 32 32 32 24 24 24 24
D8_784 16 0 480 -230400 0 0 : 32 32 32 32 32 32 32 32 32 32 32 32 24 24 24 24
D8_785 16 9216 480 0 1 48 : 96 96 96 0 0 0 0 0 0 0 0 0 0 96 96 0
D8_786 16 9216 480 0 1 76 : 96 96 0 96 0 0 96 0 0 0 0 0 0 96 0 0
D8_787 16 2809 480 -160175 0 0 : 53 37 0 0 0 53 53 53 0 16 53 53 55 54 0 0
D8_790 16 0 480 -230400 0 0 : 32 32 32 32 32 32 32 32 32 32 32 32 24 24 24 24
D8_791 16 0 480 -230400 0 0 : 32 32 32 32 32 32 32 32 32 32 32 32 24 24 24 24
D8_792 16 0 480 -230400 0 0 : 32 32 32 32 32 32 32 32 32 32 32 32 24 24 24 24
D8_793 16 9216 480 0 1 48 : 96 0 96 0 96 0 0 0 96 0 0 0 0 0 96 0
D8_796 16 9216 480 0 1 84 : 96 96 96 96 0 0 0 0 0 0 0 0 0 0 0 96
D8_797 16 9216 480 0 1 48 : 96 0 96 0 0 96 0 0 0 96 0 0 96 0 0 0
D8_798 16 2809 480 -160175 0 0 : 53 0 53 53 0 53 0 10 0 54 45 0 53 0 53 53
D8_801 16 0 480 -230400 0 0 : 32 32 32 32 32 32 32 32 32 32 32 32 24 24 24 24
D8_802 16 9216 480 0 1 48 : 96 96 96 96 96 0 0 0 0 0 0 0 0 0 0 0
D8_806 16 9216 480 0 1 48 : 96 96 0 96 96 0 96 0 0 0 0 0 0 0 0 0
D8_812 16 0 480 -230400 0 0 : 32 32 32 32 32 32 32 32 32 32 32 32 24 24 24 24
D8_813 16 9216 480 0 1 48 : 96 96 96 0 0 0 0 0 0 0 0 0 0 0 96 96
D8_814 16 9216 480 0 1 76 : 96 96 0 96 0 0 96 0 0 0 0 0 0 0 96 0
D8_815 16 2809 480 -160175 0 0 : 53 0 0 0 30 53 53 53 0 0 53 55 53 53 23 1
D8_818 16 0 480 -230400 0 0 : 32 32 32 32 32 32 32 32 32 32 32 32 24 24 24 24
D8_819 16 0 480 -230400 0 0 : 32 32 32 32 32 32 32 32 32 32 32 32 24 24 24 24
D8_820 16 9216 480 0 1 48 : 96 0 96 0 96 0 0 0 0 96 0 0 0 0 0 96
D8_823 16 0 480 -230400 0 0 : 32 32 32 32 32 32 32 32 32 32 32 32 24 24 24 24
D8_824 16 9216 480 0 1 48 : 96 96 96 96 96 0 0 0 0 0 0 0 0 0 0 0
D8_828 16 9216 480 0 1 48 : 96 96 0 96 96 0 96 0 0 0 0 0 0 0 0 0
D8_834 16 9216 480 0 1 48 : 96 96 96 0 0 0 0 0 96 0 0 0 0 0 0 96
D8_835 16 9216 480 0 1 72 : 96 96 0 96 0 0 96 0 0 0 0 0 0 0 0 96
D8_836 16 2809 480 -160175 0 0 : 0 0 53 53 53 53 15 1 38 54 53 53 53 0 1 0
D8_839 16 0 480 -230400 0 0 : 32 32 32 32 32 32 32 32 32 32 32 32 24 24 24 24
D8_840 16 9216 480 0 1 48 : 96 96 96 96 96 0 0 0 0 0 0 0 0 0 0 0
D8_844 16 9216 480 0 1 48 : 96 96 0 96 96 0 96 0 0 0 0 0 0 0 0 0
D8_850 16 0 480 -230400 0 0 : 32 32 32 32 32 32 32 32 32 32 32 32 24 24 24 24
D8_851 16 9216 480 0 1 48 : 96 96 96 96 96 0 0 0 0 0 0 0 0 0 0 0
D8_855 16 9216 480 0 1 48 : 96 96 0 96 96 0 96 0 0 0 0 0 0 0 0 0
