rmtf15_0 15 2304 240 0 1 409 : 48 0 0 48 48 48 0 0 0 48 0 0 0 0 0
rmtf15_1 15 2304 240 0 1 367 : 48 0 48 48 0 48 0 0 48 0 0 0 0 0 0
rmtf15_2 15 2304 240 0 1 330 : 48 48 48 0 0 48 0 48 0 0 0 0 0 0 0
rmtf15_3 15 2304 240 0 1 246 : 48 48 0 48 0 48 0 0 0 0 48 0 0 0 0
rmtf15_4 15 2304 240 0 1 353 : 48 48 48 48 0 0 0 48 0 0 0 0 0 0 0
rmtf15_5 15 2304 240 0 1 300 : 48 48 0 48 48 0 0 0 0 0 0 0 0 48 0
rmtf15_6 15 2304 240 0 1 240 : 48 0 0 48 0 48 0 0 48 0 48 0 0 0 0
rmtf15_7 15 2304 240 0 1 272 : 48 48 48 0 0 48 0 0 0 0 48 0 0 0 0
rmtf15_8 15 2304 240 0 1 313 : 48 48 0 0 48 0 0 48 0 48 0 0 0 0 0
rmtf15_9 15 2304 240 0 1 256 : 48 48 48 0 0 48 48 0 0 0 0 0 0 0 0
rmtf15_10 15 2304 240 0 1 295 : 48 0 48 0 0 0 0 48 48 48 0 0 0 0 0
rmtf15_11 15 2304 240 0 1 300 : 0 48 48 0 0 0 0 0 0 48 0 48 0 0 48
rmtf15_12 15 2304 240 0 1 313 : 48 48 48 0 48 0 0 0 0 0 0 48 0 0 0
rmtf15_13 15 2304 240 0 1 376 : 48 48 0 48 0 0 0 48 48 0 0 0 0 0 0
rmtf15_14 15 2304 240 0 1 270 : 48 48 48 48 0 0 0 0 48 0 0 0 0 0 0
rmtf15_15 15 2304 240 0 1 274 : 48 48 48 0 0 48 48 0 0 0 0 0 0 0 0
rmtf15_16 15 2304 240 0 1 334 : 48 48 48 0 48 0 48 0 0 0 0 0 0 0 0
rmtf15_17 15 2304 240 0 1 293 : 48 48 48 48 0 0 0 0 0 0 0 0 48 0 0
rmtf15_18 15 2304 240 0 1 241 : 48 0 48 48 0 0 0 0 48 0 0 0 0 48 0
rmtf15_19 15 2304 240 0 1 279 : 48 48 0 0 0 0 0 0 0 48 48 0 48 0 0
rmtf15_20 15 2304 240 0 1 281 : 48 48 0 0 0 0 0 48 0 48 48 0 0 0 0
rmtf15_21 15 2304 240 0 1 360 : 48 48 0 0 0 0 48 0 0 48 0 0 0 48 0
rmtf15_22 15 2304 240 0 1 328 : 48 0 48 0 0 48 0 48 0 0 48 0 0 0 0
rmtf15_23 15 2304 240 0 1 148 : 48 0 48 0 48 0 48 0 0 0 48 0 0 0 0
rmtf15_24 15 2304 240 0 1 274 : 48 48 0 0 0 0 48 0 0 0 0 48 0 48 0
rmtf15_25 15 2304 240 0 1 363 : 48 48 0 48 0 0 48 0 0 0 0 0 0 48 0
rmtf15_26 15 2304 240 0 1 369 : 48 48 0 0 0 0 48 0 0 48 0 0 0 48 0
rmtf15_27 15 2304 240 0 1 152 : 48 48 0 0 0 0 48 0 48 0 48 0 0 0 0
rmtf15_28 15 2304 240 0 1 345 : 48 48 48 0 48 0 0 0 0 0 0 0 48 0 0
rmtf15_29 15 2304 240 0 1 352 : 48 48 0 0 48 0 48 0 48 0 0 0 0 0 0
rmtf15_30 15 2304 240 0 1 288 : 48 48 48 0 0 0 0 0 0 0 48 0 48 0 0
rmtf15_31 15 2304 240 0 1 232 : 48 48 0 0 0 48 0 0 48 0 0 0 48 0 0
rmtf15_32 15 2304 240 0 1 349 : 48 48 0 0 0 0 0 48 48 48 0 0 0 0 0
rmtf15_33 15 2304 240 0 1 341 : 48 48 48 0 0 48 0 0 48 0 0 0 0 0 0
rmtf15_34 15 2304 240 0 1 424 : 48 0 0 48 48 0 48 48 0 0 0 0 0 0 0
rmtf15_35 15 2304 240 0 1 297 : 48 48 48 0 0 0 0 48 48 0 0 0 0 0 0
rmtf15_36 15 2304 240 0 1 328 : 48 48 0 48 48 0 0 0 48 0 0 0 0 0 0
rmtf15_37 15 2304 240 0 1 286 : 48 0 48 0 0 0 0 48 0 0 48 48 0 0 0
rmtf15_38 15 2304 240 0 1 308 : 48 48 0 48 0 0 0 0 48 0 0 48 0 0 0
rmtf15_39 15 2304 240 0 1 336 : 48 48 48 48 0 0 48 0 0 0 0 0 0 0 0
rmtf15_40 15 2304 240 0 1 377 : 48 48 0 0 48 0 48 0 0 0 0 48 0 0 0
rmtf15_41 15 2304 240 0 1 335 : 48 48 0 0 0 48 0 48 48 0 0 0 0 0 0
rmtf15_42 15 2304 240 0 1 342 : 48 48 48 0 0 0 0 48 0 0 48 0 0 0 0
rmtf15_43 15 2304 240 0 1 308 : 48 48 48 0 0 0 0 0 0 0 48 48 0 0 0
rmtf15_44 15 2304 240 0 1 305 : 48 48 48 48 0 0 0 0 0 0 0 0 48 0 0
rmtf15_45 15 2304 240 0 1 352 : 48 0 48 48 48 0 0 0 0 0 0 0 48 0 0
rmtf15_46 15 2304 240 0 1 415 : 48 48 0 0 0 48 48 0 48 0 0 0 0 0 0
rmtf15_47 15 2304 240 0 1 322 : 48 48 48 48 0 48 0 0 0 0 0 0 0 0 0
rmtf15_48 15 2304 240 0 1 335 : 48 48 0 48 0 48 0 48 0 0 0 0 0 0 0
rmtf15_49 15 2304 240 0 1 310 : 48 48 48 0 0 0 0 0 0 0 0 0 48 48 0
rmtf15_50 15 2304 240 0 1 275 : 48 48 48 48 0 0 0 0 48 0 0 0 0 0 0
rmtf15_51 15 2304 240 0 1 292 : 48 48 48 0 0 0 48 0 0 0 0 0 0 48 0
rmtf15_52 15 2304 240 0 1 332 : 48 48 48 48 0 48 0 0 0 0 0 0 0 0 0
rmtf15_53 15 2304 240 0 1 341 : 48 48 48 0 0 0 0 48 0 0 0 48 0 0 0
rmtf15_54 15 2304 240 0 1 293 : 48 48 48 0 0 0 0 0 48 0 0 0 0 48 0
rmtf15_55 15 2304 240 0 1 336 : 48 48 48 0 48 0 0 0 0 0 0 0 0 0 48
rmtf15_56 15 2304 240 0 1 325 : 48 48 48 0 0 48 0 0 0 0 0 0 0 0 48
rmtf15_57 15 2304 240 0 1 363 : 48 48 48 48 0 0 0 48 0 0 0 0 0 0 0
rmtf15_58 15 2304 240 0 1 223 : 48 48 48 0 48 0 0 0 48 0 0 0 0 0 0
rmtf15_59 15 2304 240 0 1 304 : 48 0 48 0 48 0 0 0 48 48 0 0 0 0 0
rmtf15_60 15 2304 240 0 1 297 : 48 48 48 0 0 48 0 0 0 0 48 0 0 0 0
rmtf15_61 15 2304 240 0 1 373 : 48 48 48 48 48 0 0 0 0 0 0 0 0 0 0
rmtf15_62 15 2304 240 0 1 274 : 48 48 0 0 0 0 48 0 0 0 0 0 0 48 48
rmtf15_63 15 2304 240 0 1 335 : 48 48 0 48 0 0 0 0 0 48 0 0 48 0 0
rmtf15_64 15 2304 240 0 1 320 : 48 48 0 48 0 0 0 48 0 0 0 0 48 0 0
rmtf15_65 15 2304 240 0 1 335 : 48 0 48 48 48 0 0 0 0 0 0 0 0 0 48
rmtf15_66 15 2304 240 0 1 309 : 48 48 48 48 0 0 0 0 0 0 0 0 0 48 0
rmtf15_67 15 2304 240 0 1 272 : 48 0 48 0 48 48 0 0 0 0 0 48 0 0 0
rmtf15_68 15 2304 240 0 1 358 : 48 0 48 48 0 48 0 0 48 0 0 0 0 0 0
rmtf15_69 15 2304 240 0 1 318 : 48 48 0 48 0 0 48 48 0 0 0 0 0 0 0
rmtf15_70 15 2304 240 0 1 331 : 48 48 0 0 48 0 0 0 0 48 0 0 48 0 0
rmtf15_71 15 2304 240 0 1 306 : 48 48 48 0 0 0 0 0 48 0 0 0 0 48 0
rmtf15_72 15 2304 240 0 1 360 : 48 48 48 0 0 48 0 0 0 0 0 0 0 0 48
rmtf15_73 15 2304 240 0 1 331 : 48 48 0 0 48 0 0 0 48 0 0 0 0 48 0
rmtf15_74 15 2304 240 0 1 293 : 48 48 48 0 48 0 0 48 0 0 0 0 0 0 0
rmtf15_75 15 2304 240 0 1 291 : 48 48 48 48 0 0 0 0 0 0 48 0 0 0 0
rmtf15_76 15 2304 240 0 1 339 : 48 48 48 0 0 48 48 0 0 0 0 0 0 0 0
rmtf15_77 15 2304 240 0 1 386 : 48 48 48 0 0 48 0 48 0 0 0 0 0 0 0
rmtf15_78 15 2304 240 0 1 312 : 48 0 48 48 0 48 48 0 0 0 0 0 0 0 0
rmtf15_79 15 2304 240 0 1 303 : 48 48 0 48 0 0 48 0 0 0 0 0 0 48 0
rmtf15_80 15 2304 240 0 1 369 : 48 48 0 48 48 0 0 0 0 0 48 0 0 0 0
rmtf15_81 15 2304 240 0 1 242 : 48 48 48 0 0 48 0 0 48 0 0 0 0 0 0
rmtf15_82 15 2304 240 0 1 302 : 48 48 0 48 48 48 0 0 0 0 0 0 0 0 0
rmtf15_83 15 2304 240 0 1 276 : 48 0 0 48 48 0 0 0 48 0 48 0 0 0 0
rmtf15_84 15 2304 240 0 1 278 : 48 0 48 48 0 0 0 0 0 48 0 48 0 0 0
rmtf15_85 15 2304 240 0 1 342 : 48 48 48 48 0 48 0 0 0 0 0 0 0 0 0
rmtf15_86 15 2304 240 0 1 269 : 48 48 0 0 48 48 0 0 0 0 48 0 0 0 0
rmtf15_87 15 2304 240 0 1 188 : 48 0 48 48 0 0 0 48 0 0 0 0 48 0 0
rmtf15_88 15 2304 240 0 1 358 : 48 48 0 48 48 0 0 0 48 0 0 0 0 0 0
rmtf15_89 15 2304 240 0 1 483 : 48 0 48 0 0 48 0 48 0 0 0 0 0 0 48
rmtf15_90 15 2304 240 0 1 318 : 48 48 48 48 0 0 0 0 0 48 0 0 0 0 0
rmtf15_91 15 2304 240 0 1 362 : 48 48 48 48 0 0 0 0 0 0 0 48 0 0 0
rmtf15_92 15 2304 240 0 1 382 : 48 48 0 0 48 0 48 0 0 48 0 0 0 0 0
rmtf15_93 15 2304 240 0 1 304 : 48 0 0 48 0 48 0 0 0 0 48 0 0 48 0
rmtf15_94 15 2304 240 0 1 281 : 48 48 0 48 0 0 0 0 0 0 0 48 0 0 48
rmtf15_95 15 2304 240 0 1 265 : 48 48 48 0 0 0 0 48 0 0 0 48 0 0 0
rmtf15_96 15 2304 240 0 1 281 : 48 48 48 48 0 0 0 0 0 0 48 0 0 0 0
rmtf15_97 15 2304 240 0 1 312 : 48 48 0 48 48 48 0 0 0 0 0 0 0 0 0
rmtf15_98 15 2304 240 0 1 336 : 48 0 48 0 0 0 48 48 0 0 48 0 0 0 0
rmtf15_99 15 2304 240 0 1 308 : 48 48 0 48 0 0 0 0 0 48 0 48 0 0 0
rmtf15_100 15 2304 240 0 1 314 : 48 48 0 0 48 0 48 0 0 48 0 0 0 0 0
rmtf15_101 15 2304 240 0 1 336 : 48 48 0 48 0 0 0 48 0 0 0 48 0 0 0
rmtf15_102 15 2304 240 0 1 324 : 48 48 0 0 48 48 0 0 0 0 0 48 0 0 0
rmtf15_103 15 2304 240 0 1 318 : 48 48 0 48 48 0 0 48 0 0 0 0 0 0 0
rmtf15_104 15 2304 240 0 1 346 : 48 48 48 48 0 0 48 0 0 0 0 0 0 0 0
rmtf15_105 15 2304 240 0 1 328 : 48 48 0 48 0 0 0 48 0 48 0 0 0 0 0
rmtf15_106 15 2304 240 0 1 293 : 48 48 0 48 0 48 0 0 0 0 0 48 0 0 0
rmtf15_107 15 2304 240 0 1 311 : 48 48 48 48 0 48 0 0 0 0 0 0 0 0 0
rmtf15_108 15 2304 240 0 1 370 : 48 48 48 0 0 0 48 0 48 0 0 0 0 0 0
rmtf15_109 15 2304 240 0 1 336 : 48 48 0 0 48 0 48 48 0 0 0 0 0 0 0
rmtf15_110 15 2304 240 0 1 302 : 48 48 48 0 0 48 0 48 0 0 0 0 0 0 0
rmtf15_111 15 2304 240 0 1 399 : 48 48 0 48 48 0 0 0 0 0 0 0 48 0 0
rmtf15_112 15 2304 240 0 1 172 : 48 48 48 0 0 0 0 0 0 48 0 48 0 0 0
rmtf15_113 15 2304 240 0 1 438 : 48 48 48 0 0 48 48 0 0 0 0 0 0 0 0
rmtf15_114 15 2304 240 0 1 324 : 48 48 0 48 0 0 48 0 48 0 0 0 0 0 0
rmtf15_115 15 2304 240 0 1 286 : 48 48 0 48 0 0 0 0 48 0 0 48 0 0 0
rmtf15_116 15 2304 240 0 1 401 : 48 48 48 0 48 48 0 0 0 0 0 0 0 0 0
rmtf15_117 15 2304 240 0 1 316 : 48 48 48 0 0 48 0 0 48 0 0 0 0 0 0
rmtf15_118 15 2304 240 0 1 359 : 48 48 48 48 0 0 48 0 0 0 0 0 0 0 0
rmtf15_119 15 2304 240 0 1 279 : 48 48 48 0 0 0 0 0 0 0 48 48 0 0 0
rmtf15_120 15 2304 240 0 1 195 : 48 48 0 0 0 48 0 0 48 0 0 0 48 0 0
rmtf15_121 15 2304 240 0 1 386 : 48 0 0 48 0 48 48 48 0 0 0 0 0 0 0
rmtf15_122 15 2304 240 0 1 366 : 48 48 0 0 48 48 48 0 0 0 0 0 0 0 0
rmtf15_123 15 2304 240 0 1 301 : 48 48 0 48 0 0 48 0 0 0 48 0 0 0 0
rmtf15_124 15 2304 240 0 1 364 : 48 0 48 48 0 0 0 0 0 48 0 0 48 0 0
rmtf15_125 15 2304 240 0 1 302 : 48 48 48 0 48 0 0 0 0 0 48 0 0 0 0
rmtf15_126 15 2304 240 0 1 336 : 48 48 48 48 0 0 0 0 0 0 0 48 0 0 0
rmtf15_127 15 2304 240 0 1 324 : 48 48 0 0 0 0 0 0 48 0 0 0 0 48 48
rmtf15_128 15 2304 240 0 1 466 : 48 48 48 48 0 48 0 0 0 0 0 0 0 0 0
rmtf15_129 15 2304 240 0 1 270 : 48 48 0 0 48 48 48 0 0 0 0 0 0 0 0
rmtf15_130 15 2304 240 0 1 240 : 48 48 0 0 0 48 0 0 48 0 0 48 0 0 0
rmtf15_131 15 2304 240 0 1 303 : 48 48 48 48 0 48 0 0 0 0 0 0 0 0 0
rmtf15_132 15 2304 240 0 1 282 : 48 48 48 48 48 0 0 0 0 0 0 0 0 0 0
rmtf15_133 15 2304 240 0 1 263 : 48 48 48 48 48 0 0 0 0 0 0 0 0 0 0
rmtf15_134 15 2304 240 0 1 284 : 48 48 0 0 0 48 48 0 0 0 0 48 0 0 0
rmtf15_135 15 2304 240 0 1 338 : 48 0 0 48 0 0 0 48 48 0 48 0 0 0 0
rmtf15_136 15 2304 240 0 1 168 : 48 0 0 0 0 0 48 0 0 48 48 48 0 0 0
rmtf15_137 15 2304 240 0 1 286 : 48 48 48 0 0 48 0 48 0 0 0 0 0 0 0
rmtf15_138 15 2304 240 0 1 360 : 48 48 0 0 48 0 0 48 0 48 0 0 0 0 0
rmtf15_139 15 2304 240 0 1 368 : 48 48 48 48 0 0 48 0 0 0 0 0 0 0 0
rmtf15_140 15 2304 240 0 1 346 : 48 48 0 48 0 0 0 0 48 0 48 0 0 0 0
rmtf15_141 15 2304 240 0 1 375 : 48 48 48 48 48 0 0 0 0 0 0 0 0 0 0
rmtf15_142 15 2304 240 0 1 350 : 48 48 48 0 0 0 48 0 0 0 0 0 0 48 0
rmtf15_143 15 2304 240 0 1 269 : 48 48 0 0 48 0 0 0 48 48 0 0 0 0 0
rmtf15_144 15 2304 240 0 1 335 : 48 48 48 48 0 0 0 48 0 0 0 0 0 0 0
rmtf15_145 15 2304 240 0 1 238 : 48 0 48 48 0 0 0 0 48 0 0 0 0 0 48
rmtf15_146 15 2304 240 0 1 319 : 48 0 48 0 0 48 0 0 0 0 0 0 48 48 0
rmtf15_147 15 2304 240 0 1 284 : 48 48 0 48 0 48 0 48 0 0 0 0 0 0 0
rmtf15_148 15 2304 240 0 1 322 : 48 48 0 48 0 48 48 0 0 0 0 0 0 0 0
rmtf15_149 15 2304 240 0 1 409 : 48 0 48 48 0 0 48 0 0 0 0 48 0 0 0
rmtf15_150 15 2304 240 0 1 308 : 48 48 48 0 0 0 0 0 0 0 0 0 0 48 48
rmtf15_151 15 2304 240 0 1 320 : 48 0 48 48 48 0 48 0 0 0 0 0 0 0 0
rmtf15_152 15 2304 240 0 1 384 : 48 0 48 0 48 48 0 48 0 0 0 0 0 0 0
rmtf15_153 15 2304 240 0 1 202 : 48 48 48 0 0 0 0 0 0 0 0 48 0 48 0
rmtf15_154 15 2304 240 0 1 354 : 48 48 0 48 0 0 0 48 0 0 48 0 0 0 0
rmtf15_155 15 2304 240 0 1 202 : 48 0 48 0 0 0 48 48 0 0 0 48 0 0 0
rmtf15_156 15 2304 240 0 1 294 : 48 48 0 0 0 0 0 0 0 48 0 0 48 48 0
rmtf15_157 15 2304 240 0 1 294 : 48 0 48 0 0 48 0 0 0 48 0 48 0 0 0
rmtf15_158 15 2304 240 0 1 380 : 48 0 0 48 0 0 48 0 0 48 0 48 0 0 0
rmtf15_159 15 2304 240 0 1 382 : 48 48 48 48 0 0 0 0 0 48 0 0 0 0 0
rmtf15_160 15 2304 240 0 1 286 : 48 48 48 48 0 0 0 0 0 0 0 48 0 0 0
rmtf15_161 15 2304 240 0 1 404 : 48 0 48 48 0 48 48 0 0 0 0 0 0 0 0
rmtf15_162 15 2304 240 0 1 408 : 48 48 0 48 48 0 48 0 0 0 0 0 0 0 0
rmtf15_163 15 2304 240 0 1 324 : 48 48 0 48 0 48 0 0 0 48 0 0 0 0 0
rmtf15_164 15 2304 240 0 1 358 : 48 48 48 48 0 0 0 48 0 0 0 0 0 0 0
rmtf15_165 15 2304 240 0 1 250 : 48 48 0 48 0 48 0 0 0 0 0 0 0 0 48
rmtf15_166 15 2304 240 0 1 442 : 48 48 0 48 48 0 0 0 0 0 0 0 0 48 0
rmtf15_167 15 2304 240 0 1 280 : 48 48 48 48 0 48 0 0 0 0 0 0 0 0 0
rmtf15_168 15 2304 240 0 1 322 : 48 0 48 0 0 48 0 0 0 48 48 0 0 0 0
rmtf15_169 15 2304 240 0 1 353 : 48 0 48 0 0 48 0 0 0 0 0 0 48 0 48
rmtf15_170 15 2304 240 0 1 393 : 48 48 0 0 0 48 48 0 0 0 48 0 0 0 0
rmtf15_171 15 2304 240 0 1 292 : 48 48 48 48 0 48 0 0 0 0 0 0 0 0 0
rmtf15_172 15 2304 240 0 1 236 : 48 0 0 48 0 48 0 0 0 48 0 48 0 0 0
rmtf15_173 15 2304 240 0 1 310 : 48 48 48 48 48 0 0 0 0 0 0 0 0 0 0
rmtf15_174 15 2304 240 0 1 378 : 48 48 0 48 48 0 0 0 0 0 0 0 48 0 0
rmtf15_175 15 2304 240 0 1 364 : 48 48 0 0 0 48 0 48 0 0 48 0 0 0 0
rmtf15_176 15 2304 240 0 1 259 : 48 48 0 48 0 48 0 0 0 0 0 48 0 0 0
rmtf15_177 15 2304 240 0 1 317 : 48 0 48 48 0 0 0 0 0 48 0 48 0 0 0
rmtf15_178 15 2304 240 0 1 189 : 48 48 0 48 48 0 0 48 0 0 0 0 0 0 0
rmtf15_179 15 2304 240 0 1 318 : 48 48 0 48 0 48 0 0 0 0 0 48 0 0 0
rmtf15_180 15 2304 240 0 1 365 : 48 48 48 0 48 0 0 0 0 0 0 0 48 0 0
rmtf15_181 15 2304 240 0 1 496 : 48 0 48 48 0 48 48 0 0 0 0 0 0 0 0
rmtf15_182 15 2304 240 0 1 258 : 48 48 48 0 48 48 0 0 0 0 0 0 0 0 0
rmtf15_183 15 2304 240 0 1 452 : 48 0 48 48 0 48 0 0 0 0 0 0 0 48 0
rmtf15_184 15 2304 240 0 1 286 : 48 0 0 48 48 48 0 0 0 0 0 0 0 48 0
rmtf15_185 15 2304 240 0 1 250 : 48 48 48 48 0 0 48 0 0 0 0 0 0 0 0
rmtf15_186 15 2304 240 0 1 326 : 48 48 48 0 48 48 0 0 0 0 0 0 0 0 0
rmtf15_187 15 2304 240 0 1 394 : 48 48 48 0 48 0 0 0 0 48 0 0 0 0 0
rmtf15_188 15 2304 240 0 1 267 : 48 48 0 48 0 48 0 0 0 0 0 0 48 0 0
rmtf15_189 15 2304 240 0 1 396 : 48 0 48 48 48 0 0 48 0 0 0 0 0 0 0
rmtf15_190 15 2304 240 0 1 415 : 48 48 48 0 0 48 0 0 48 0 0 0 0 0 0
rmtf15_191 15 2304 240 0 1 316 : 48 48 0 48 0 48 0 48 0 0 0 0 0 0 0
rmtf15_192 15 2304 240 0 1 301 : 48 48 48 48 0 0 0 48 0 0 0 0 0 0 0
rmtf15_193 15 2304 240 0 1 327 : 48 48 48 0 0 48 0 0 48 0 0 0 0 0 0
rmtf15_194 15 2304 240 0 1 284 : 48 48 0 48 0 0 48 0 0 0 0 0 0 0 48
rmtf15_195 15 2304 240 0 1 203 : 48 48 0 48 0 48 0 0 48 0 0 0 0 0 0
rmtf15_196 15 2304 240 0 1 264 : 48 48 0 48 48 0 0 0 0 48 0 0 0 0 0
rmtf15_197 15 2304 240 0 1 426 : 48 48 0 0 48 48 0 0 0 0 0 0 0 0 48
rmtf15_198 15 2304 240 0 1 468 : 48 0 48 0 48 48 0 0 0 0 48 0 0 0 0
rmtf15_199 15 2304 240 0 1 438 : 48 48 0 0 0 48 0 0 0 0 0 0 0 48 48
rmtf15_200 15 2304 240 0 1 343 : 48 48 48 0 48 0 0 0 0 48 0 0 0 0 0
rmtf15_201 15 0 240 -57600 0 0 : 16 16 16 16 16 16 16 16 16 16 16 16 16 16 16
rmtf15_202 15 2304 240 0 1 342 : 48 48 0 0 0 48 0 48 0 48 0 0 0 0 0
rmtf15_203 15 2304 240 0 1 317 : 48 48 48 0 0 0 0 48 0 0 0 0 0 0 48
rmtf15_204 15 2304 240 0 1 261 : 48 48 0 48 48 48 0 0 0 0 0 0 0 0 0
rmtf15_205 15 2304 240 0 1 376 : 48 48 48 0 0 48 0 0 0 0 0 48 0 0 0
rmtf15_206 15 2304 240 0 1 304 : 48 48 0 0 0 0 0 0 0 0 48 0 48 0 48
rmtf15_207 15 2304 240 0 1 320 : 48 48 0 0 48 0 0 48 0 0 0 0 48 0 0
rmtf15_208 15 2304 240 0 1 305 : 48 48 48 0 0 0 0 0 0 48 0 48 0 0 0
rmtf15_209 15 2304 240 0 1 342 : 48 48 0 0 48 0 0 0 0 0 0 48 0 48 0
rmtf15_210 15 2304 240 0 1 332 : 48 0 0 48 48 0 0 48 0 0 0 0 0 0 48
rmtf15_211 15 2304 240 0 1 354 : 48 48 48 0 0 0 0 0 0 0 0 48 48 0 0
rmtf15_212 15 2304 240 0 1 264 : 48 48 48 0 0 0 48 48 0 0 0 0 0 0 0
rmtf15_213 15 2304 240 0 1 352 : 48 0 48 48 48 0 0 0 0 0 48 0 0 0 0
rmtf15_214 15 2304 240 0 1 358 : 48 48 0 0 48 0 48 0 0 0 0 48 0 0 0
rmtf15_215 15 2304 240 0 1 326 : 48 48 48 0 48 0 48 0 0 0 0 0 0 0 0
rmtf15_216 15 2304 240 0 1 383 : 48 0 48 0 0 48 48 48 0 0 0 0 0 0 0
rmtf15_217 15 2304 240 0 1 396 : 48 48 48 48 0 48 0 0 0 0 0 0 0 0 0
rmtf15_218 15 2304 240 0 1 308 : 48 48 48 0 0 0 48 0 0 0 0 48 0 0 0
rmtf15_219 15 2304 240 0 1 265 : 48 0 48 0 0 0 48 48 0 0 0 0 48 0 0
rmtf15_220 15 2304 240 0 1 450 : 48 48 48 0 0 48 0 0 48 0 0 0 0 0 0
rmtf15_221 15 2304 240 0 1 294 : 48 48 0 48 48 0 0 0 48 0 0 0 0 0 0
rmtf15_222 15 2304 240 0 1 313 : 48 48 0 48 0 48 0 0 0 0 48 0 0 0 0
rmtf15_223 15 2304 240 0 1 346 : 48 48 48 48 0 0 0 48 0 0 0 0 0 0 0
rmtf15_224 15 2304 240 0 1 229 : 48 0 48 48 0 0 48 48 0 0 0 0 0 0 0
rmtf15_225 15 2304 240 0 1 152 : 48 0 48 48 0 48 48 0 0 0 0 0 0 0 0
rmtf15_226 15 2304 240 0 1 306 : 48 48 48 48 0 48 0 0 0 0 0 0 0 0 0
rmtf15_227 15 2304 240 0 1 326 : 48 48 48 48 0 0 0 0 0 0 0 48 0 0 0
rmtf15_228 15 2304 240 0 1 429 : 48 0 48 0 48 0 0 0 0 48 0 0 48 0 0
rmtf15_229 15 2304 240 0 1 328 : 48 48 48 0 48 0 0 48 0 0 0 0 0 0 0
rmtf15_230 15 2304 240 0 1 334 : 48 48 48 48 0 0 0 0 48 0 0 0 0 0 0
rmtf15_231 15 2304 240 0 1 440 : 48 48 0 48 0 0 0 0 0 0 0 48 48 0 0
rmtf15_232 15 2304 240 0 1 315 : 48 48 0 48 0 48 0 48 0 0 0 0 0 0 0
rmtf15_233 15 2304 240 0 1 266 : 48 48 48 0 0 0 0 0 0 0 0 0 48 48 0
rmtf15_234 15 2304 240 0 1 283 : 48 48 0 0 0 48 0 0 0 48 0 0 48 0 0
rmtf15_235 15 2304 240 0 1 310 : 48 48 0 48 48 0 0 0 0 0 0 0 0 48 0
rmtf15_236 15 2304 240 0 1 320 : 48 48 0 48 0 0 0 0 48 0 0 0 0 48 0
rmtf15_237 15 2304 240 0 1 338 : 48 0 48 0 0 0 0 48 48 48 0 0 0 0 0
rmtf15_238 15 2304 240 0 1 371 : 48 48 48 48 0 48 0 0 0 0 0 0 0 0 0
rmtf15_239 15 2304 240 0 1 222 : 48 48 0 48 0 48 0 0 0 0 0 0 0 0 48
rmtf15_240 15 2304 240 0 1 324 : 48 0 48 48 0 48 0 0 48 0 0 0 0 0 0
rmtf15_241 15 2304 240 0 1 237 : 48 48 48 0 0 48 0 0 0 48 0 0 0 0 0
rmtf15_242 15 2304 240 0 1 424 : 48 0 0 48 48 0 0 48 48 0 0 0 0 0 0
rmtf15_243 15 2304 240 0 1 291 : 48 0 0 48 0 0 0 48 48 0 0 0 48 0 0
rmtf15_244 15 2304 240 0 1 310 : 48 48 0 48 0 0 48 0 0 0 0 0 48 0 0
rmtf15_245 15 2304 240 0 1 318 : 48 0 0 48 0 48 0 0 0 48 0 0 0 48 0
rmtf15_246 15 2304 240 0 1 306 : 48 48 0 0 48 0 0 48 0 0 0 0 0 48 0
rmtf15_247 15 2304 240 0 1 289 : 48 0 48 0 0 0 48 48 0 0 0 0 0 48 0
rmtf15_248 15 2304 240 0 1 237 : 48 48 48 48 0 48 0 0 0 0 0 0 0 0 0
rmtf15_249 15 2304 240 0 1 228 : 48 48 0 48 0 0 0 0 0 0 48 0 48 0 0
rmtf16_0 16 2304 240 0 1 421 : 48 48 0 0 48 0 0 48 0 0 0 0 0 48 0 0
rmtf16_1 16 2304 240 0 1 396 : 48 48 48 48 0 0 48 0 0 0 0 0 0 0 0 0
rmtf16_2 16 2304 240 0 1 398 : 48 48 0 0 48 0 0 48 48 0 0 0 0 0 0 0
rmtf16_3 16 2304 240 0 1 540 : 48 0 48 0 48 0 48 0 0 0 48 0 0 0 0 0
rmtf16_4 16 2304 240 0 1 394 : 48 48 0 0 0 48 0 0 0 48 0 0 0 0 0 48
rmtf16_5 16 2304 240 0 1 476 : 48 48 0 0 0 0 48 0 0 48 0 48 0 0 0 0
rmtf16_6 16 2304 240 0 1 338 : 48 48 48 0 0 0 48 0 0 48 0 0 0 0 0 0
rmtf16_7 16 2304 240 0 1 386 : 48 0 0 48 0 0 0 0 48 48 0 48 0 0 0 0
rmtf16_8 16 2304 240 0 1 477 : 48 48 0 0 0 0 48 48 0 0 0 0 0 0 0 48
rmtf16_9 16 2304 240 0 1 376 : 48 48 0 48 0 0 0 0 48 48 0 0 0 0 0 0
rmtf16_10 16 2304 240 0 1 436 : 48 0 0 48 0 0 48 0 0 0 48 48 0 0 0 0
rmtf16_11 16 2304 240 0 1 484 : 48 0 48 0 48 48 0 0 0 0 0 48 0 0 0 0
rmtf16_12 16 2304 240 0 1 470 : 48 48 0 48 0 48 0 0 0 0 0 48 0 0 0 0
rmtf16_13 16 2304 240 0 1 399 : 48 0 48 48 48 0 0 0 0 0 0 0 0 48 0 0
rmtf16_14 16 2304 240 0 1 445 : 48 0 48 48 0 0 48 0 0 0 0 0 0 0 0 48
rmtf16_15 16 2304 240 0 1 472 : 48 48 48 0 0 0 48 0 48 0 0 0 0 0 0 0
rmtf16_16 16 2304 240 0 1 377 : 48 48 48 0 0 48 48 0 0 0 0 0 0 0 0 0
rmtf16_17 16 2304 240 0 1 399 : 48 48 0 0 48 48 0 48 0 0 0 0 0 0 0 0
rmtf16_18 16 2304 240 0 1 546 : 48 48 48 0 0 0 48 48 0 0 0 0 0 0 0 0
rmtf16_19 16 2304 240 0 1 608 : 48 48 48 48 0 0 0 48 0 0 0 0 0 0 0 0
rmtf16_20 16 2304 240 0 1 394 : 48 48 0 0 48 0 48 0 0 0 0 0 0 0 48 0
rmtf16_21 16 2304 240 0 1 600 : 48 0 0 48 48 0 0 48 0 0 48 0 0 0 0 0
rmtf16_22 16 2304 240 0 1 418 : 48 48 0 48 48 0 0 0 0 0 0 48 0 0 0 0
rmtf16_23 16 2304 240 0 1 391 : 48 0 48 48 0 0 0 0 0 48 0 48 0 0 0 0
rmtf16_24 16 2304 240 0 1 414 : 48 48 0 0 0 48 48 0 0 0 0 48 0 0 0 0
rmtf16_25 16 2304 240 0 1 504 : 48 48 0 48 48 0 48 0 0 0 0 0 0 0 0 0
rmtf16_26 16 2304 240 0 1 302 : 48 48 0 48 48 0 0 0 0 48 0 0 0 0 0 0
rmtf16_27 16 2304 240 0 1 438 : 48 48 0 0 48 0 48 0 0 0 48 0 0 0 0 0
rmtf16_28 16 2304 240 0 1 267 : 48 48 0 0 48 0 0 48 0 0 0 0 48 0 0 0
rmtf16_29 16 2304 240 0 1 398 : 48 48 0 0 0 0 0 48 0 0 48 48 0 0 0 0
rmtf16_30 16 2304 240 0 1 416 : 48 48 48 0 0 48 48 0 0 0 0 0 0 0 0 0
rmtf16_31 16 2304 240 0 1 440 : 48 48 48 0 0 0 48 0 48 0 0 0 0 0 0 0
rmtf16_32 16 2304 240 0 1 417 : 48 0 48 48 0 0 0 48 48 0 0 0 0 0 0 0
rmtf16_33 16 2304 240 0 1 442 : 48 48 0 0 0 48 48 48 0 0 0 0 0 0 0 0
rmtf16_34 16 2304 240 0 1 359 : 48 48 0 0 0 48 0 48 0 0 48 0 0 0 0 0
rmtf16_35 16 2304 240 0 1 441 : 48 48 0 0 48 48 48 0 0 0 0 0 0 0 0 0
rmtf16_36 16 2304 240 0 1 476 : 48 48 48 0 0 0 0 0 48 0 48 0 0 0 0 0
rmtf16_37 16 2304 240 0 1 434 : 48 48 48 0 0 48 0 0 0 0 48 0 0 0 0 0
rmtf16_38 16 2304 240 0 1 600 : 48 48 48 0 0 0 0 0 48 0 0 0 48 0 0 0
rmtf16_39 16 2304 240 0 1 400 : 48 48 48 0 0 0 0 48 0 0 0 0 0 0 48 0
rmtf16_40 16 2304 240 0 1 369 : 48 48 0 48 0 48 0 0 48 0 0 0 0 0 0 0
rmtf16_41 16 2304 240 0 1 378 : 48 48 48 0 48 0 0 0 48 0 0 0 0 0 0 0
rmtf16_42 16 2304 240 0 1 550 : 48 0 48 0 48 0 48 0 0 0 0 48 0 0 0 0
rmtf16_43 16 2304 240 0 1 543 : 48 48 0 48 0 48 0 0 0 48 0 0 0 0 0 0
rmtf16_44 16 2304 240 0 1 474 : 48 48 0 0 0 48 0 0 0 48 0 48 0 0 0 0
rmtf16_45 16 2304 240 0 1 348 : 48 48 48 48 0 0 0 48 0 0 0 0 0 0 0 0
rmtf16_46 16 2304 240 0 1 459 : 48 48 0 0 48 0 0 0 0 48 0 0 48 0 0 0
rmtf16_47 16 2304 240 0 1 509 : 48 48 48 0 48 0 0 0 48 0 0 0 0 0 0 0
rmtf16_48 16 2304 240 0 1 466 : 48 0 48 0 0 0 48 0 48 48 0 0 0 0 0 0
rmtf16_49 16 2304 240 0 1 474 : 48 48 0 48 0 0 0 48 0 48 0 0 0 0 0 0
rmtf16_50 16 2304 240 0 1 418 : 48 48 48 0 48 0 0 0 0 0 0 0 0 48 0 0
rmtf16_51 16 2304 240 0 1 444 : 48 48 48 0 0 48 0 0 0 0 0 0 0 48 0 0
rmtf16_52 16 2304 240 0 1 310 : 48 0 0 48 48 48 0 0 0 0 48 0 0 0 0 0
rmtf16_53 16 2304 240 0 1 426 : 48 0 48 0 48 0 0 48 0 48 0 0 0 0 0 0
rmtf16_54 16 2304 240 0 1 386 : 48 48 48 0 48 0 0 0 0 0 48 0 0 0 0 0
rmtf16_55 16 2304 240 0 1 414 : 48 48 48 0 48 48 0 0 0 0 0 0 0 0 0 0
rmtf16_56 16 2304 240 0 1 548 : 48 48 0 48 48 0 48 0 0 0 0 0 0 0 0 0
rmtf16_57 16 2304 240 0 1 606 : 48 48 48 0 0 0 0 0 0 48 0 0 0 48 0 0
rmtf16_58 16 2304 240 0 1 362 : 48 0 48 48 48 0 0 0 0 0 0 0 0 0 48 0
rmtf16_59 16 2304 240 0 1 357 : 48 48 48 0 0 0 0 48 0 0 0 48 0 0 0 0
rmtf16_60 16 2304 240 0 1 453 : 48 48 0 48 0 48 0 0 0 0 48 0 0 0 0 0
rmtf16_61 16 2304 240 0 1 542 : 48 48 48 0 0 0 0 0 48 48 0 0 0 0 0 0
rmtf16_62 16 2304 240 0 1 400 : 48 0 48 48 0 48 0 0 0 0 0 0 0 0 48 0
rmtf16_63 16 2304 240 0 1 436 : 48 48 0 48 0 48 0 0 0 0 0 48 0 0 0 0
rmtf16_64 16 2304 240 0 1 420 : 48 48 0 0 0 48 0 0 48 0 48 0 0 0 0 0
rmtf16_65 16 2304 240 0 1 503 : 48 0 48 0 0 48 0 0 48 48 0 0 0 0 0 0
rmtf16_66 16 2304 240 0 1 435 : 48 0 48 48 48 0 0 0 0 48 0 0 0 0 0 0
rmtf16_67 16 2304 240 0 1 376 : 48 0 48 0 0 0 0 0 0 48 0 0 48 0 48 0
rmtf16_68 16 2304 240 0 1 462 : 48 48 0 48 0 0 48 48 0 0 0 0 0 0 0 0
rmtf16_69 16 2304 240 0 1 366 : 48 0 48 48 0 48 0 48 0 0 0 0 0 0 0 0
rmtf16_70 16 2304 240 0 1 476 : 48 0 48 48 0 0 0 0 48 48 0 0 0 0 0 0
rmtf16_71 16 2304 240 0 1 319 : 48 48 48 0 0 48 48 0 0 0 0 0 0 0 0 0
rmtf16_72 16 2304 240 0 1 402 : 48 0 48 48 48 0 0 0 48 0 0 0 0 0 0 0
rmtf16_73 16 2304 240 0 1 376 : 48 48 0 48 48 0 0 0 0 0 0 0 0 0 48 0
rmtf16_74 16 2304 240 0 1 496 : 48 48 48 0 48 0 0 0 0 0 0 48 0 0 0 0
rmtf16_75 16 2304 240 0 1 349 : 48 48 48 0 48 0 0 0 0 0 0 0 48 0 0 0
rmtf16_76 16 2304 240 0 1 372 : 48 0 0 48 0 0 48 0 48 0 0 0 48 0 0 0
rmtf16_77 16 2304 240 0 1 576 : 48 48 48 0 48 0 0 0 0 0 48 0 0 0 0 0
rmtf16_78 16 2304 240 0 1 429 : 48 48 0 0 48 0 0 48 0 0 0 0 0 0 48 0
rmtf16_79 16 2304 240 0 1 514 : 48 48 48 0 0 0 0 0 0 0 0 0 0 0 48 48
rmtf16_80 16 2304 240 0 1 476 : 48 48 0 0 0 48 48 0 48 0 0 0 0 0 0 0
rmtf16_81 16 2304 240 0 1 447 : 48 48 48 0 0 0 0 0 48 0 48 0 0 0 0 0
rmtf16_82 16 2304 240 0 1 381 : 48 48 48 0 0 48 0 0 0 0 0 48 0 0 0 0
rmtf16_83 16 2304 240 0 1 509 : 48 48 0 48 48 0 0 0 0 0 0 48 0 0 0 0
rmtf16_84 16 2304 240 0 1 357 : 48 48 48 48 48 0 0 0 0 0 0 0 0 0 0 0
rmtf16_85 16 2304 240 0 1 392 : 48 48 48 0 0 0 48 0 0 0 48 0 0 0 0 0
rmtf16_86 16 2304 240 0 1 362 : 48 48 0 0 48 48 0 0 0 48 0 0 0 0 0 0
rmtf16_87 16 2304 240 0 1 359 : 48 48 48 48 0 0 0 0 48 0 0 0 0 0 0 0
rmtf16_88 16 2304 240 0 1 492 : 48 48 48 48 0 0 0 0 48 0 0 0 0 0 0 0
rmtf16_89 16 2304 240 0 1 492 : 48 0 48 0 48 0 0 48 0 0 0 0 0 0 0 48
rmtf16_90 16 2304 240 0 1 471 : 48 48 0 0 0 48 48 0 0 0 0 0 0 0 0 48
rmtf16_91 16 2304 240 0 1 439 : 48 48 0 48 0 48 48 0 0 0 0 0 0 0 0 0
rmtf16_92 16 2304 240 0 1 578 : 48 0 48 48 0 0 0 48 0 0 48 0 0 0 0 0
rmtf16_93 16 2304 240 0 1 410 : 48 0 48 0 0 48 0 0 0 0 48 0 48 0 0 0
rmtf16_94 16 2304 240 0 1 405 : 48 48 48 0 48 0 0 0 0 0 48 0 0 0 0 0
rmtf16_95 16 2304 240 0 1 420 : 48 48 48 0 0 0 0 0 0 0 0 48 0 0 48 0
rmtf16_96 16 2304 240 0 1 458 : 48 48 48 0 0 0 0 0 48 48 0 0 0 0 0 0
rmtf16_97 16 2304 240 0 1 426 : 48 48 48 0 48 48 0 0 0 0 0 0 0 0 0 0
rmtf16_98 16 2304 240 0 1 405 : 48 0 48 48 0 0 48 0 0 0 0 48 0 0 0 0
rmtf16_99 16 2304 240 0 1 444 : 48 48 48 0 0 48 0 48 0 0 0 0 0 0 0 0
rmtf16_100 16 2304 240 0 1 570 : 48 48 0 48 0 0 48 0 0 0 0 48 0 0 0 0
rmtf16_101 16 2304 240 0 1 329 : 48 0 0 48 0 0 0 0 48 0 0 48 0 48 0 0
rmtf16_102 16 2304 240 0 1 449 : 48 48 0 48 0 0 0 48 0 0 48 0 0 0 0 0
rmtf16_103 16 2304 240 0 1 445 : 48 48 48 48 0 48 0 0 0 0 0 0 0 0 0 0
rmtf16_104 16 2304 240 0 1 538 : 48 48 0 48 0 48 0 0 48 0 0 0 0 0 0 0
rmtf16_105 16 2304 240 0 1 408 : 48 0 48 48 48 0 0 0 48 0 0 0 0 0 0 0
rmtf16_106 16 2304 240 0 1 396 : 48 48 48 48 48 0 0 0 0 0 0 0 0 0 0 0
rmtf16_107 16 2304 240 0 1 486 : 48 48 48 0 0 0 0 48 0 0 48 0 0 0 0 0
rmtf16_108 16 2304 240 0 1 378 : 48 48 48 0 0 0 0 0 0 48 48 0 0 0 0 0
rmtf16_109 16 2304 240 0 1 368 : 48 0 48 48 0 48 0 0 0 48 0 0 0 0 0 0
rmtf16_110 16 2304 240 0 1 478 : 48 48 48 0 48 0 0 0 48 0 0 0 0 0 0 0
rmtf16_111 16 2304 240 0 1 426 : 48 0 48 48 48 0 0 0 0 0 0 0 48 0 0 0
rmtf16_112 16 2304 240 0 1 416 : 48 0 48 48 48 0 0 48 0 0 0 0 0 0 0 0
rmtf16_113 16 2304 240 0 1 504 : 48 48 48 48 0 48 0 0 0 0 0 0 0 0 0 0
rmtf16_114 16 2304 240 0 1 454 : 48 48 0 48 48 0 0 0 48 0 0 0 0 0 0 0
rmtf16_115 16 2304 240 0 1 339 : 48 0 48 48 0 0 0 0 0 0 0 48 48 0 0 0
rmtf16_116 16 2304 240 0 1 658 : 48 48 0 48 48 0 0 0 0 48 0 0 0 0 0 0
rmtf16_117 16 2304 240 0 1 378 : 48 48 0 48 48 0 0 0 48 0 0 0 0 0 0 0
rmtf16_118 16 2304 240 0 1 486 : 48 48 0 48 0 0 48 0 0 48 0 0 0 0 0 0
rmtf16_119 16 2304 240 0 1 396 : 48 0 48 48 48 48 0 0 0 0 0 0 0 0 0 0
rmtf16_120 16 2304 240 0 1 423 : 48 0 0 48 48 48 0 0 48 0 0 0 0 0 0 0
rmtf16_121 16 2304 240 0 1 364 : 48 48 48 48 48 0 0 0 0 0 0 0 0 0 0 0
rmtf16_122 16 2304 240 0 1 440 : 48 48 0 48 48 0 0 0 0 48 0 0 0 0 0 0
rmtf16_123 16 2304 240 0 1 648 : 48 48 48 0 48 0 0 0 48 0 0 0 0 0 0 0
rmtf16_124 16 2304 240 0 1 492 : 48 48 48 48 0 0 0 0 0 48 0 0 0 0 0 0
rmtf16_125 16 2304 240 0 1 411 : 48 48 48 48 0 0 0 48 0 0 0 0 0 0 0 0
rmtf16_126 16 2304 240 0 1 380 : 48 0 48 48 0 48 0 48 0 0 0 0 0 0 0 0
rmtf16_127 16 2304 240 0 1 214 : 48 0 48 48 0 48 0 48 0 0 0 0 0 0 0 0
rmtf16_128 16 2304 240 0 1 452 : 48 0 48 0 48 48 0 0 0 0 0 0 48 0 0 0
rmtf16_129 16 2304 240 0 1 416 : 48 0 0 48 48 0 0 0 0 0 48 0 48 0 0 0
rmtf16_130 16 2304 240 0 1 296 : 48 48 48 0 0 0 0 0 48 0 0 0 0 48 0 0
rmtf16_131 16 2304 240 0 1 388 : 48 0 48 48 48 0 0 0 0 0 0 0 0 48 0 0
rmtf16_132 16 2304 240 0 1 500 : 48 48 48 0 0 48 0 0 0 0 0 0 0 48 0 0
rmtf16_133 16 2304 240 0 1 614 : 48 48 48 0 48 48 0 0 0 0 0 0 0 0 0 0
rmtf16_134 16 2304 240 0 1 458 : 48 0 48 0 0 0 48 48 0 0 0 0 0 48 0 0
rmtf16_135 16 2304 240 0 1 417 : 48 48 0 0 48 0 0 0 0 0 48 0 0 0 48 0
rmtf16_136 16 2304 240 0 1 502 : 48 48 0 0 48 48 0 0 0 0 0 0 0 0 48 0
rmtf16_137 16 2304 240 0 1 428 : 48 0 48 0 0 0 0 0 48 48 0 0 0 0 48 0
rmtf16_138 16 2304 240 0 1 560 : 48 48 0 0 0 0 0 0 48 0 48 0 0 48 0 0
rmtf16_139 16 2304 240 0 1 312 : 48 48 48 0 0 0 0 0 0 0 0 0 0 48 0 48
rmtf16_140 16 2304 240 0 1 430 : 48 48 0 0 48 0 0 0 0 48 0 0 0 0 48 0
rmtf16_141 16 2304 240 0 1 510 : 48 48 48 0 0 48 0 0 0 0 0 0 48 0 0 0
rmtf16_142 16 2304 240 0 1 364 : 48 48 48 0 0 0 48 0 0 0 0 0 0 0 0 48
rmtf16_143 16 2304 240 0 1 411 : 48 48 0 48 0 0 48 48 0 0 0 0 0 0 0 0
rmtf16_144 16 2304 240 0 1 504 : 48 48 48 48 0 0 0 0 0 0 0 48 0 0 0 0
rmtf16_145 16 2304 240 0 1 466 : 48 48 0 0 48 48 0 0 48 0 0 0 0 0 0 0
rmtf16_146 16 2304 240 0 1 453 : 48 48 48 0 0 48 48 0 0 0 0 0 0 0 0 0
rmtf16_147 16 2304 240 0 1 381 : 48 48 48 48 0 0 0 0 0 0 48 0 0 0 0 0
rmtf16_148 16 2304 240 0 1 348 : 48 48 48 0 48 48 0 0 0 0 0 0 0 0 0 0
rmtf16_149 16 2304 240 0 1 425 : 48 48 0 48 0 0 48 0 0 0 0 0 0 0 0 48
rmtf16_150 16 2304 240 0 1 490 : 48 48 0 0 48 0 0 0 0 0 0 0 0 48 0 48
rmtf16_151 16 2304 240 0 1 412 : 48 48 48 48 0 0 0 0 0 0 0 48 0 0 0 0
rmtf16_152 16 2304 240 0 1 568 : 48 48 0 0 48 48 0 0 48 0 0 0 0 0 0 0
rmtf16_153 16 2304 240 0 1 386 : 48 0 48 48 48 0 48 0 0 0 0 0 0 0 0 0
rmtf16_154 16 2304 240 0 1 399 : 48 48 0 0 0 48 0 48 48 0 0 0 0 0 0 0
rmtf16_155 16 2304 240 0 1 411 : 48 48 48 0 0 0 0 0 48 0 48 0 0 0 0 0
rmtf16_156 16 2304 240 0 1 502 : 48 48 48 0 0 48 0 0 0 0 48 0 0 0 0 0
rmtf16_157 16 2304 240 0 1 380 : 48 0 0 48 0 0 0 0 48 0 48 48 0 0 0 0
rmtf16_158 16 2304 240 0 1 380 : 48 48 48 0 0 48 0 0 0 0 48 0 0 0 0 0
rmtf16_159 16 2304 240 0 1 432 : 48 48 0 0 48 0 0 48 48 0 0 0 0 0 0 0
rmtf16_160 16 2304 240 0 1 374 : 48 48 48 48 0 0 0 0 0 0 0 48 0 0 0 0
rmtf16_161 16 2304 240 0 1 425 : 48 48 0 0 48 0 0 48 0 48 0 0 0 0 0 0
rmtf16_162 16 2304 240 0 1 361 : 48 0 48 0 48 0 0 0 0 0 0 0 0 48 48 0
rmtf16_163 16 2304 240 0 1 500 : 48 0 48 48 0 48 0 0 48 0 0 0 0 0 0 0
rmtf16_164 16 2304 240 0 1 488 : 48 48 48 0 48 48 0 0 0 0 0 0 0 0 0 0
rmtf16_165 16 2304 240 0 1 492 : 48 48 0 48 0 48 48 0 0 0 0 0 0 0 0 0
rmtf16_166 16 2304 240 0 1 602 : 48 48 48 48 0 0 0 48 0 0 0 0 0 0 0 0
rmtf16_167 16 2304 240 0 1 465 : 48 48 0 48 48 0 0 0 0 0 0 0 0 48 0 0
rmtf16_168 16 2304 240 0 1 318 : 48 0 48 0 0 0 48 48 0 48 0 0 0 0 0 0
rmtf16_169 16 2304 240 0 1 405 : 48 48 0 0 0 0 0 48 0 48 0 48 0 0 0 0
rmtf16_170 16 2304 240 0 1 402 : 48 48 48 48 0 0 0 0 0 0 48 0 0 0 0 0
rmtf16_171 16 2304 240 0 1 371 : 48 48 48 48 48 0 0 0 0 0 0 0 0 0 0 0
rmtf16_172 16 2304 240 0 1 465 : 48 48 0 0 48 0 48 0 0 0 0 0 0 48 0 0
rmtf16_173 16 2304 240 0 1 432 : 48 48 48 48 0 0 0 0 48 0 0 0 0 0 0 0
rmtf16_174 16 2304 240 0 1 399 : 48 48 0 0 0 48 48 0 48 0 0 0 0 0 0 0
rmtf16_175 16 2304 240 0 1 303 : 48 48 0 0 0 0 0 0 48 0 48 0 48 0 0 0
rmtf16_176 16 2304 240 0 1 471 : 48 48 48 0 0 0 48 0 0 0 0 0 48 0 0 0
rmtf16_177 16 2304 240 0 1 453 : 48 48 0 0 0 0 0 48 48 0 0 48 0 0 0 0
rmtf16_178 16 2304 240 0 1 607 : 48 0 0 48 48 48 0 48 0 0 0 0 0 0 0 0
rmtf16_179 16 2304 240 0 1 354 : 48 48 48 48 0 48 0 0 0 0 0 0 0 0 0 0
rmtf16_180 16 2304 240 0 1 256 : 48 48 0 0 48 0 0 0 0 0 0 48 0 0 0 48
rmtf16_181 16 2304 240 0 1 494 : 48 48 48 0 0 0 48 0 0 0 0 0 0 48 0 0
rmtf16_182 16 2304 240 0 1 522 : 48 0 48 48 0 0 0 0 48 0 48 0 0 0 0 0
rmtf16_183 16 2304 240 0 1 266 : 48 48 48 0 0 48 0 0 0 0 0 0 0 0 48 0
rmtf16_184 16 2304 240 0 1 396 : 48 0 48 48 48 0 0 0 48 0 0 0 0 0 0 0
rmtf16_185 16 2304 240 0 1 368 : 48 0 48 48 0 0 48 0 48 0 0 0 0 0 0 0
rmtf16_186 16 2304 240 0 1 489 : 48 48 48 48 48 0 0 0 0 0 0 0 0 0 0 0
rmtf16_187 16 2304 240 0 1 346 : 48 48 48 48 48 0 0 0 0 0 0 0 0 0 0 0
rmtf16_188 16 2304 240 0 1 465 : 48 48 0 0 48 0 0 0 0 48 0 48 0 0 0 0
rmtf16_189 16 2304 240 0 1 630 : 48 48 0 0 0 48 48 0 0 0 48 0 0 0 0 0
rmtf16_190 16 2304 240 0 1 491 : 48 48 0 0 48 0 48 0 0 0 48 0 0 0 0 0
rmtf16_191 16 2304 240 0 1 354 : 48 0 48 0 48 48 0 0 0 0 0 0 48 0 0 0
rmtf16_192 16 2304 240 0 1 412 : 48 48 0 48 48 48 0 0 0 0 0 0 0 0 0 0
rmtf16_193 16 2304 240 0 1 529 : 48 48 0 0 48 0 0 0 0 0 48 0 0 0 48 0
rmtf16_194 16 2304 240 0 1 357 : 48 48 48 48 0 0 0 0 0 0 0 0 48 0 0 0
rmtf16_195 16 2304 240 0 1 496 : 48 48 48 0 48 0 0 0 48 0 0 0 0 0 0 0
rmtf16_196 16 2304 240 0 1 438 : 48 0 48 0 0 0 48 48 0 0 0 0 0 0 48 0
rmtf16_197 16 2304 240 0 1 456 : 48 48 48 0 48 0 0 0 0 0 0 0 0 0 48 0
rmtf16_198 16 2304 240 0 1 543 : 48 0 48 48 0 48 0 0 0 0 48 0 0 0 0 0
rmtf16_199 16 2304 240 0 1 431 : 48 48 48 48 48 0 0 0 0 0 0 0 0 0 0 0
rmtf16_200 16 2304 240 0 1 448 : 48 48 48 0 48 48 0 0 0 0 0 0 0 0 0 0
rmtf16_201 16 2304 240 0 1 419 : 48 48 0 0 48 0 48 0 0 0 48 0 0 0 0 0
rmtf16_202 16 2304 240 0 1 572 : 48 48 48 0 0 0 48 48 0 0 0 0 0 0 0 0
rmtf16_203 16 2304 240 0 1 466 : 48 48 48 48 0 0 0 0 48 0 0 0 0 0 0 0
rmtf16_204 16 2304 240 0 1 404 : 48 48 0 0 0 0 0 48 48 48 0 0 0 0 0 0
rmtf16_205 16 2304 240 0 1 325 : 48 48 48 0 0 0 0 0 0 0 0 48 0 0 0 48
rmtf16_206 16 2304 240 0 1 478 : 48 0 0 48 48 48 0 0 0 0 48 0 0 0 0 0
rmtf16_207 16 2304 240 0 1 554 : 48 48 0 48 0 48 0 0 48 0 0 0 0 0 0 0
rmtf16_208 16 2304 240 0 1 504 : 48 48 48 48 48 0 0 0 0 0 0 0 0 0 0 0
rmtf16_209 16 2304 240 0 1 422 : 48 48 48 0 48 0 0 0 48 0 0 0 0 0 0 0
rmtf16_210 16 2304 240 0 1 384 : 48 48 0 48 48 0 0 0 0 0 0 0 0 0 48 0
rmtf16_211 16 2304 240 0 1 473 : 48 48 48 48 0 0 48 0 0 0 0 0 0 0 0 0
rmtf16_212 16 2304 240 0 1 464 : 48 48 0 0 48 0 0 48 0 0 48 0 0 0 0 0
rmtf16_213 16 2304 240 0 1 418 : 48 48 0 0 48 0 48 0 0 0 48 0 0 0 0 0
rmtf16_214 16 2304 240 0 1 422 : 48 48 48 0 48 48 0 0 0 0 0 0 0 0 0 0
rmtf16_215 16 2304 240 0 1 426 : 48 48 0 48 48 48 0 0 0 0 0 0 0 0 0 0
rmtf16_216 16 2304 240 0 1 410 : 48 48 48 0 48 48 0 0 0 0 0 0 0 0 0 0
rmtf16_217 16 2304 240 0 1 501 : 48 48 48 48 0 0 0 48 0 0 0 0 0 0 0 0
rmtf16_218 16 2304 240 0 1 372 : 48 48 0 0 0 0 0 0 0 0 48 48 0 0 0 48
rmtf16_219 16 2304 240 0 1 418 : 48 48 48 0 48 0 0 0 0 0 0 0 0 0 48 0
rmtf16_220 16 2304 240 0 1 333 : 48 48 0 0 0 0 48 0 48 0 48 0 0 0 0 0
rmtf16_221 16 2304 240 0 1 260 : 48 0 0 0 48 0 48 0 48 0 0 0 0 0 0 48
rmtf16_222 16 2304 240 0 1 396 : 48 48 48 0 0 0 48 0 0 48 0 0 0 0 0 0
rmtf16_223 16 2304 240 0 1 397 : 48 48 0 48 48 0 0 0 0 0 0 0 0 0 48 0
rmtf16_224 16 2304 240 0 1 382 : 48 48 0 48 0 0 0 48 0 0 0 0 0 48 0 0
rmtf16_225 16 2304 240 0 1 494 : 48 48 48 0 48 48 0 0 0 0 0 0 0 0 0 0
rmtf16_226 16 2304 240 0 1 532 : 48 48 0 0 0 0 0 0 0 48 0 48 0 0 48 0
rmtf16_227 16 2304 240 0 1 496 : 48 0 0 48 0 48 48 0 0 48 0 0 0 0 0 0
rmtf16_228 16 2304 240 0 1 341 : 48 48 0 48 0 48 0 0 0 0 48 0 0 0 0 0
rmtf16_229 16 2304 240 0 1 402 : 48 48 48 0 48 0 0 0 0 0 0 0 0 0 48 0
rmtf16_230 16 2304 240 0 1 444 : 48 48 0 48 0 48 0 0 0 0 0 0 0 48 0 0
rmtf16_231 16 2304 240 0 1 358 : 48 0 48 48 0 0 0 0 0 48 0 0 48 0 0 0
rmtf16_232 16 2304 240 0 1 444 : 48 48 48 48 0 0 0 0 0 0 0 48 0 0 0 0
rmtf16_233 16 2304 240 0 1 392 : 48 48 0 48 0 48 48 0 0 0 0 0 0 0 0 0
rmtf16_234 16 2304 240 0 1 620 : 48 48 48 48 0 0 0 0 0 0 48 0 0 0 0 0
rmtf16_235 16 2304 240 0 1 331 : 48 48 0 0 0 0 0 0 0 0 0 48 48 0 48 0
rmtf16_236 16 2304 240 0 1 410 : 48 48 48 48 0 0 48 0 0 0 0 0 0 0 0 0
rmtf16_237 16 2304 240 0 1 368 : 48 0 48 0 0 0 0 48 0 0 48 0 48 0 0 0
rmtf16_238 16 2304 240 0 1 368 : 48 48 0 0 0 48 0 0 0 0 48 0 0 48 0 0
rmtf16_239 16 2304 240 0 1 506 : 48 0 0 48 0 48 0 0 0 0 0 0 48 48 0 0
rmtf16_240 16 2304 240 0 1 462 : 48 0 48 48 0 48 0 0 0 48 0 0 0 0 0 0
rmtf16_241 16 2304 240 0 1 479 : 48 48 0 48 48 0 0 0 48 0 0 0 0 0 0 0
rmtf16_242 16 2304 240 0 1 361 : 48 0 48 0 0 48 0 0 0 0 0 0 0 48 0 48
rmtf16_243 16 2304 240 0 1 436 : 48 48 48 0 0 48 0 0 0 0 0 0 0 0 48 0
rmtf16_244 16 2304 240 0 1 395 : 48 48 48 0 0 0 0 0 48 0 0 0 0 0 48 0
rmtf16_245 16 2304 240 0 1 400 : 48 48 0 48 48 0 48 0 0 0 0 0 0 0 0 0
rmtf16_246 16 2304 240 0 1 379 : 48 48 48 48 0 48 0 0 0 0 0 0 0 0 0 0
rmtf16_247 16 2304 240 0 1 564 : 48 48 0 48 48 0 0 0 0 0 0 0 0 48 0 0
rmtf16_248 16 2304 240 0 1 477 : 48 0 48 0 0 0 48 48 48 0 0 0 0 0 0 0
rmtf16_249 16 2304 240 0 1 396 : 48 0 48 0 0 48 0 48 0 0 48 0 0 0 0 0
