C5 5 5 0 1 0 4 1 2 2 3 3 4
C7 7 7 0 1 0 6 1 2 2 3 3 4 4 5 5 6
C9 9 9 0 1 0 8 1 2 2 3 3 4 4 5 5 6 6 7 7 8
C11 11 11 0 1 0 10 1 2 2 3 3 4 4 5 5 6 6 7 7 8 8 9 9 10
C13 13 13 0 1 0 12 1 2 2 3 3 4 4 5 5 6 6 7 7 8 8 9 9 10 10 11 11 12
C15 15 15 0 1 0 14 1 2 2 3 3 4 4 5 5 6 6 7 7 8 8 9 9 10 10 11 11 12 12 13 13 14
Petersen 10 15 0 1 0 4 0 5 1 2 1 6 2 3 2 7 3 4 3 8 4 9 5 7 5 8 6 8 6 9 7 9
Grotzsch 11 20 0 1 0 4 0 6 0 9 1 2 1 5 1 7 2 3 2 6 2 8 3 4 3 7 3 9 4 5 4 8 5 10 6 10 7 10 8 10 9 10
Chvatal 12 24 0 1 0 4 0 6 0 9 1 2 1 5 1 7 2 3 2 6 2 8 3 4 3 7 3 9 4 5 4 8 5 10 5 11 6 10 6 11 7 8 7 11 8 10 9 10 9 11
Mycielski_C7 15 28 0 1 0 6 0 8 0 13 1 2 1 7 1 9 2 3 2 8 2 10 3 4 3 9 3 11 4 5 4 10 4 12 5 6 5 11 5 13 6 7 6 12 7 14 8 14 9 14 10 14 11 14 12 14 13 14
And3 8 12 0 1 0 4 0 7 1 2 1 5 2 3 2 6 3 4 3 7 4 5 5 6 6 7
And4 11 22 0 1 0 4 0 7 0 10 1 2 1 5 1 8 2 3 2 6 2 9 3 4 3 7 3 10 4 5 4 8 5 6 5 9 6 7 6 10 7 8 8 9 9 10
And5 14 35 0 1 0 4 0 7 0 10 0 13 1 2 1 5 1 8 1 11 2 3 2 6 2 9 2 12 3 4 3 7 3 10 3 13 4 5 4 8 4 11 5 6 5 9 5 12 6 7 6 10 6 13 7 8 7 11 8 9 8 12 9 10 9 13 10 11 11 12 12 13
Kneser52 10 15 0 7 0 8 0 9 1 5 1 6 1 9 2 4 2 6 2 8 3 4 3 5 3 7 4 9 5 8 6 7
Circ5_2 5 5 0 2 0 3 1 3 1 4 2 4
Circ6_1 6 6 0 1 0 5 1 2 2 3 3 4 4 5
Circ6_3 6 3 0 3 1 4 2 5
Circ6_1-3 6 9 0 1 0 3 0 5 1 2 1 4 2 3 2 5 3 4 4 5
Circ7_2 7 7 0 2 0 5 1 3 1 6 2 4 3 5 4 6
Circ7_3 7 7 0 3 0 4 1 4 1 5 2 5 2 6 3 6
Circ8_1 8 8 0 1 0 7 1 2 2 3 3 4 4 5 5 6 6 7
Circ8_2 8 8 0 2 0 6 1 3 1 7 2 4 3 5 4 6 5 7
Circ8_3 8 8 0 3 0 5 1 4 1 6 2 5 2 7 3 6 4 7
Circ8_4 8 4 0 4 1 5 2 6 3 7
Circ8_1-3 8 16 0 1 0 3 0 5 0 7 1 2 1 4 1 6 2 3 2 5 2 7 3 4 3 6 4 5 4 7 5 6 6 7
Circ8_3-4 8 12 0 3 0 4 0 5 1 4 1 5 1 6 2 5 2 6 2 7 3 6 3 7 4 7
Circ9_2 9 9 0 2 0 7 1 3 1 8 2 4 3 5 4 6 5 7 6 8
Circ9_4 9 9 0 4 0 5 1 5 1 6 2 6 2 7 3 7 3 8 4 8
Circ10_1 10 10 0 1 0 9 1 2 2 3 3 4 4 5 5 6 6 7 7 8 8 9
Circ10_2 10 10 0 2 0 8 1 3 1 9 2 4 3 5 4 6 5 7 6 8 7 9
Circ10_3 10 10 0 3 0 7 1 4 1 8 2 5 2 9 3 6 4 7 5 8 6 9
Circ10_4 10 10 0 4 0 6 1 5 1 7 2 6 2 8 3 7 3 9 4 8 5 9
Circ10_5 10 5 0 5 1 6 2 7 3 8 4 9
Circ10_1-3 10 20 0 1 0 3 0 7 0 9 1 2 1 4 1 8 2 3 2 5 2 9 3 4 3 6 4 5 4 7 5 6 5 8 6 7 6 9 7 8 8 9
Circ10_1-4 10 20 0 1 0 4 0 6 0 9 1 2 1 5 1 7 2 3 2 6 2 8 3 4 3 7 3 9 4 5 4 8 5 6 5 9 6 7 7 8 8 9
Circ10_1-5 10 15 0 1 0 5 0 9 1 2 1 6 2 3 2 7 3 4 3 8 4 5 4 9 5 6 6 7 7 8 8 9
Circ10_2-3 10 20 0 2 0 3 0 7 0 8 1 3 1 4 1 8 1 9 2 4 2 5 2 9 3 5 3 6 4 6 4 7 5 7 5 8 6 8 6 9 7 9
Circ10_2-5 10 15 0 2 0 5 0 8 1 3 1 6 1 9 2 4 2 7 3 5 3 8 4 6 4 9 5 7 6 8 7 9
Circ10_3-5 10 15 0 3 0 5 0 7 1 4 1 6 1 8 2 5 2 7 2 9 3 6 3 8 4 7 4 9 5 8 6 9
Circ10_4-5 10 15 0 4 0 5 0 6 1 5 1 6 1 7 2 6 2 7 2 8 3 7 3 8 3 9 4 8 4 9 5 9
Circ10_1-3-5 10 25 0 1 0 3 0 5 0 7 0 9 1 2 1 4 1 6 1 8 2 3 2 5 2 7 2 9 3 4 3 6 3 8 4 5 4 7 4 9 5 6 5 8 6 7 6 9 7 8 8 9
Circ11_2 11 11 0 2 0 9 1 3 1 10 2 4 3 5 4 6 5 7 6 8 7 9 8 10
Circ11_3 11 11 0 3 0 8 1 4 1 9 2 5 2 10 3 6 4 7 5 8 6 9 7 10
Circ11_4 11 11 0 4 0 7 1 5 1 8 2 6 2 9 3 7 3 10 4 8 5 9 6 10
Circ11_5 11 11 0 5 0 6 1 6 1 7 2 7 2 8 3 8 3 9 4 9 4 10 5 10
Circ11_1-3 11 22 0 1 0 3 0 8 0 10 1 2 1 4 1 9 2 3 2 5 2 10 3 4 3 6 4 5 4 7 5 6 5 8 6 7 6 9 7 8 7 10 8 9 9 10
Circ11_2-3 11 22 0 2 0 3 0 8 0 9 1 3 1 4 1 9 1 10 2 4 2 5 2 10 3 5 3 6 4 6 4 7 5 7 5 8 6 8 6 9 7 9 7 10 8 10
Circ11_2-5 11 22 0 2 0 5 0 6 0 9 1 3 1 6 1 7 1 10 2 4 2 7 2 8 3 5 3 8 3 9 4 6 4 9 4 10 5 7 5 10 6 8 7 9 8 10
Circ11_4-5 11 22 0 4 0 5 0 6 0 7 1 5 1 6 1 7 1 8 2 6 2 7 2 8 2 9 3 7 3 8 3 9 3 10 4 8 4 9 4 10 5 9 5 10 6 10
Circ12_1 12 12 0 1 0 11 1 2 2 3 3 4 4 5 5 6 6 7 7 8 8 9 9 10 10 11
Circ12_2 12 12 0 2 0 10 1 3 1 11 2 4 3 5 4 6 5 7 6 8 7 9 8 10 9 11
Circ12_3 12 12 0 3 0 9 1 4 1 10 2 5 2 11 3 6 4 7 5 8 6 9 7 10 8 11
Circ12_5 12 12 0 5 0 7 1 6 1 8 2 7 2 9 3 8 3 10 4 9 4 11 5 10 6 11
Circ12_6 12 6 0 6 1 7 2 8 3 9 4 10 5 11
Circ12_1-3 12 24 0 1 0 3 0 9 0 11 1 2 1 4 1 10 2 3 2 5 2 11 3 4 3 6 4 5 4 7 5 6 5 8 6 7 6 9 7 8 7 10 8 9 8 11 9 10 10 11
Circ12_1-5 12 24 0 1 0 5 0 7 0 11 1 2 1 6 1 8 2 3 2 7 2 9 3 4 3 8 3 10 4 5 4 9 4 11 5 6 5 10 6 7 6 11 7 8 8 9 9 10 10 11
Circ12_1-6 12 18 0 1 0 6 0 11 1 2 1 7 2 3 2 8 3 4 3 9 4 5 4 10 5 6 5 11 6 7 7 8 8 9 9 10 10 11
Circ12_2-3 12 24 0 2 0 3 0 9 0 10 1 3 1 4 1 10 1 11 2 4 2 5 2 11 3 5 3 6 4 6 4 7 5 7 5 8 6 8 6 9 7 9 7 10 8 10 8 11 9 11
Circ12_2-6 12 18 0 2 0 6 0 10 1 3 1 7 1 11 2 4 2 8 3 5 3 9 4 6 4 10 5 7 5 11 6 8 7 9 8 10 9 11
Circ12_3-5 12 24 0 3 0 5 0 7 0 9 1 4 1 6 1 8 1 10 2 5 2 7 2 9 2 11 3 6 3 8 3 10 4 7 4 9 4 11 5 8 5 10 6 9 6 11 7 10 8 11
Circ12_5-6 12 18 0 5 0 6 0 7 1 6 1 7 1 8 2 7 2 8 2 9 3 8 3 9 3 10 4 9 4 10 4 11 5 10 5 11 6 11
Circ12_1-3-5 12 36 0 1 0 3 0 5 0 7 0 9 0 11 1 2 1 4 1 6 1 8 1 10 2 3 2 5 2 7 2 9 2 11 3 4 3 6 3 8 3 10 4 5 4 7 4 9 4 11 5 6 5 8 5 10 6 7 6 9 6 11 7 8 7 10 8 9 8 11 9 10 10 11
Circ13_2 13 13 0 2 0 11 1 3 1 12 2 4 3 5 4 6 5 7 6 8 7 9 8 10 9 11 10 12
Circ13_3 13 13 0 3 0 10 1 4 1 11 2 5 2 12 3 6 4 7 5 8 6 9 7 10 8 11 9 12
Circ13_4 13 13 0 4 0 9 1 5 1 10 2 6 2 11 3 7 3 12 4 8 5 9 6 10 7 11 8 12
Circ13_5 13 13 0 5 0 8 1 6 1 9 2 7 2 10 3 8 3 11 4 9 4 12 5 10 6 11 7 12
Circ13_6 13 13 0 6 0 7 1 7 1 8 2 8 2 9 3 9 3 10 4 10 4 11 5 11 5 12 6 12
Circ13_1-3 13 26 0 1 0 3 0 10 0 12 1 2 1 4 1 11 2 3 2 5 2 12 3 4 3 6 4 5 4 7 5 6 5 8 6 7 6 9 7 8 7 10 8 9 8 11 9 10 9 12 10 11 11 12
Circ13_1-4 13 26 0 1 0 4 0 9 0 12 1 2 1 5 1 10 2 3 2 6 2 11 3 4 3 7 3 12 4 5 4 8 5 6 5 9 6 7 6 10 7 8 7 11 8 9 8 12 9 10 10 11 11 12
Circ13_1-5 13 26 0 1 0 5 0 8 0 12 1 2 1 6 1 9 2 3 2 7 2 10 3 4 3 8 3 11 4 5 4 9 4 12 5 6 5 10 6 7 6 11 7 8 7 12 8 9 9 10 10 11 11 12
Circ13_2-3 13 26 0 2 0 3 0 10 0 11 1 3 1 4 1 11 1 12 2 4 2 5 2 12 3 5 3 6 4 6 4 7 5 7 5 8 6 8 6 9 7 9 7 10 8 10 8 11 9 11 9 12 10 12
Circ13_2-5 13 26 0 2 0 5 0 8 0 11 1 3 1 6 1 9 1 12 2 4 2 7 2 10 3 5 3 8 3 11 4 6 4 9 4 12 5 7 5 10 6 8 6 11 7 9 7 12 8 10 9 11 10 12
Circ13_2-6 13 26 0 2 0 6 0 7 0 11 1 3 1 7 1 8 1 12 2 4 2 8 2 9 3 5 3 9 3 10 4 6 4 10 4 11 5 7 5 11 5 12 6 8 6 12 7 9 8 10 9 11 10 12
Circ13_3-4 13 26 0 3 0 4 0 9 0 10 1 4 1 5 1 10 1 11 2 5 2 6 2 11 2 12 3 6 3 7 3 12 4 7 4 8 5 8 5 9 6 9 6 10 7 10 7 11 8 11 8 12 9 12
Circ13_4-6 13 26 0 4 0 6 0 7 0 9 1 5 1 7 1 8 1 10 2 6 2 8 2 9 2 11 3 7 3 9 3 10 3 12 4 8 4 10 4 11 5 9 5 11 5 12 6 10 6 12 7 11 8 12
Circ13_5-6 13 26 0 5 0 6 0 7 0 8 1 6 1 7 1 8 1 9 2 7 2 8 2 9 2 10 3 8 3 9 3 10 3 11 4 9 4 10 4 11 4 12 5 10 5 11 5 12 6 11 6 12 7 12
Circ14_1 14 14 0 1 0 13 1 2 2 3 3 4 4 5 5 6 6 7 7 8 8 9 9 10 10 11 11 12 12 13
Circ14_2 14 14 0 2 0 12 1 3 1 13 2 4 3 5 4 6 5 7 6 8 7 9 8 10 9 11 10 12 11 13
Circ14_3 14 14 0 3 0 11 1 4 1 12 2 5 2 13 3 6 4 7 5 8 6 9 7 10 8 11 9 12 10 13
Circ14_4 14 14 0 4 0 10 1 5 1 11 2 6 2 12 3 7 3 13 4 8 5 9 6 10 7 11 8 12 9 13
Circ14_5 14 14 0 5 0 9 1 6 1 10 2 7 2 11 3 8 3 12 4 9 4 13 5 10 6 11 7 12 8 13
Circ14_6 14 14 0 6 0 8 1 7 1 9 2 8 2 10 3 9 3 11 4 10 4 12 5 11 5 13 6 12 7 13
Circ14_7 14 7 0 7 1 8 2 9 3 10 4 11 5 12 6 13
Circ14_1-3 14 28 0 1 0 3 0 11 0 13 1 2 1 4 1 12 2 3 2 5 2 13 3 4 3 6 4 5 4 7 5 6 5 8 6 7 6 9 7 8 7 10 8 9 8 11 9 10 9 12 10 11 10 13 11 12 12 13
Circ14_1-4 14 28 0 1 0 4 0 10 0 13 1 2 1 5 1 11 2 3 2 6 2 12 3 4 3 7 3 13 4 5 4 8 5 6 5 9 6 7 6 10 7 8 7 11 8 9 8 12 9 10 9 13 10 11 11 12 12 13
Circ14_1-5 14 28 0 1 0 5 0 9 0 13 1 2 1 6 1 10 2 3 2 7 2 11 3 4 3 8 3 12 4 5 4 9 4 13 5 6 5 10 6 7 6 11 7 8 7 12 8 9 8 13 9 10 10 11 11 12 12 13
Circ14_1-6 14 28 0 1 0 6 0 8 0 13 1 2 1 7 1 9 2 3 2 8 2 10 3 4 3 9 3 11 4 5 4 10 4 12 5 6 5 11 5 13 6 7 6 12 7 8 7 13 8 9 9 10 10 11 11 12 12 13
Circ14_1-7 14 21 0 1 0 7 0 13 1 2 1 8 2 3 2 9 3 4 3 10 4 5 4 11 5 6 5 12 6 7 6 13 7 8 8 9 9 10 10 11 11 12 12 13
Circ14_2-3 14 28 0 2 0 3 0 11 0 12 1 3 1 4 1 12 1 13 2 4 2 5 2 13 3 5 3 6 4 6 4 7 5 7 5 8 6 8 6 9 7 9 7 10 8 10 8 11 9 11 9 12 10 12 10 13 11 13
Circ14_2-5 14 28 0 2 0 5 0 9 0 12 1 3 1 6 1 10 1 13 2 4 2 7 2 11 3 5 3 8 3 12 4 6 4 9 4 13 5 7 5 10 6 8 6 11 7 9 7 12 8 10 8 13 9 11 10 12 11 13
Circ14_2-7 14 21 0 2 0 7 0 12 1 3 1 8 1 13 2 4 2 9 3 5 3 10 4 6 4 11 5 7 5 12 6 8 6 13 7 9 8 10 9 11 10 12 11 13
Circ14_3-4 14 28 0 3 0 4 0 10 0 11 1 4 1 5 1 11 1 12 2 5 2 6 2 12 2 13 3 6 3 7 3 13 4 7 4 8 5 8 5 9 6 9 6 10 7 10 7 11 8 11 8 12 9 12 9 13 10 13
Circ14_3-5 14 28 0 3 0 5 0 9 0 11 1 4 1 6 1 10 1 12 2 5 2 7 2 11 2 13 3 6 3 8 3 12 4 7 4 9 4 13 5 8 5 10 6 9 6 11 7 10 7 12 8 11 8 13 9 12 10 13
Circ14_3-7 14 21 0 3 0 7 0 11 1 4 1 8 1 12 2 5 2 9 2 13 3 6 3 10 4 7 4 11 5 8 5 12 6 9 6 13 7 10 8 11 9 12 10 13
Circ14_4-7 14 21 0 4 0 7 0 10 1 5 1 8 1 11 2 6 2 9 2 12 3 7 3 10 3 13 4 8 4 11 5 9 5 12 6 10 6 13 7 11 8 12 9 13
Circ14_5-6 14 28 0 5 0 6 0 8 0 9 1 6 1 7 1 9 1 10 2 7 2 8 2 10 2 11 3 8 3 9 3 11 3 12 4 9 4 10 4 12 4 13 5 10 5 11 5 13 6 11 6 12 7 12 7 13 8 13
Circ14_5-7 14 21 0 5 0 7 0 9 1 6 1 8 1 10 2 7 2 9 2 11 3 8 3 10 3 12 4 9 4 11 4 13 5 10 5 12 6 11 6 13 7 12 8 13
Circ14_6-7 14 21 0 6 0 7 0 8 1 7 1 8 1 9 2 8 2 9 2 10 3 9 3 10 3 11 4 10 4 11 4 12 5 11 5 12 5 13 6 12 6 13 7 13
Circ14_1-3-5 14 42 0 1 0 3 0 5 0 9 0 11 0 13 1 2 1 4 1 6 1 10 1 12 2 3 2 5 2 7 2 11 2 13 3 4 3 6 3 8 3 12 4 5 4 7 4 9 4 13 5 6 5 8 5 10 6 7 6 9 6 11 7 8 7 10 7 12 8 9 8 11 8 13 9 10 9 12 10 11 10 13 11 12 12 13
Circ14_1-3-7 14 35 0 1 0 3 0 7 0 11 0 13 1 2 1 4 1 8 1 12 2 3 2 5 2 9 2 13 3 4 3 6 3 10 4 5 4 7 4 11 5 6 5 8 5 12 6 7 6 9 6 13 7 8 7 10 8 9 8 11 9 10 9 12 10 11 10 13 11 12 12 13
Circ14_1-5-7 14 35 0 1 0 5 0 7 0 9 0 13 1 2 1 6 1 8 1 10 2 3 2 7 2 9 2 11 3 4 3 8 3 10 3 12 4 5 4 9 4 11 4 13 5 6 5 10 5 12 6 7 6 11 6 13 7 8 7 12 8 9 8 13 9 10 10 11 11 12 12 13
Circ14_2-3-7 14 35 0 2 0 3 0 7 0 11 0 12 1 3 1 4 1 8 1 12 1 13 2 4 2 5 2 9 2 13 3 5 3 6 3 10 4 6 4 7 4 11 5 7 5 8 5 12 6 8 6 9 6 13 7 9 7 10 8 10 8 11 9 11 9 12 10 12 10 13 11 13
Circ14_3-5-7 14 35 0 3 0 5 0 7 0 9 0 11 1 4 1 6 1 8 1 10 1 12 2 5 2 7 2 9 2 11 2 13 3 6 3 8 3 10 3 12 4 7 4 9 4 11 4 13 5 8 5 10 5 12 6 9 6 11 6 13 7 10 7 12 8 11 8 13 9 12 10 13
Circ14_5-6-7 14 35 0 5 0 6 0 7 0 8 0 9 1 6 1 7 1 8 1 9 1 10 2 7 2 8 2 9 2 10 2 11 3 8 3 9 3 10 3 11 3 12 4 9 4 10 4 11 4 12 4 13 5 10 5 11 5 12 5 13 6 11 6 12 6 13 7 12 7 13 8 13
Circ14_1-3-5-7 14 49 0 1 0 3 0 5 0 7 0 9 0 11 0 13 1 2 1 4 1 6 1 8 1 10 1 12 2 3 2 5 2 7 2 9 2 11 2 13 3 4 3 6 3 8 3 10 3 12 4 5 4 7 4 9 4 11 4 13 5 6 5 8 5 10 5 12 6 7 6 9 6 11 6 13 7 8 7 10 7 12 8 9 8 11 8 13 9 10 9 12 10 11 10 13 11 12 12 13
Circ15_2 15 15 0 2 0 13 1 3 1 14 2 4 3 5 4 6 5 7 6 8 7 9 8 10 9 11 10 12 11 13 12 14
Circ15_3 15 15 0 3 0 12 1 4 1 13 2 5 2 14 3 6 4 7 5 8 6 9 7 10 8 11 9 12 10 13 11 14
Circ15_4 15 15 0 4 0 11 1 5 1 12 2 6 2 13 3 7 3 14 4 8 5 9 6 10 7 11 8 12 9 13 10 14
Circ15_6 15 15 0 6 0 9 1 7 1 10 2 8 2 11 3 9 3 12 4 10 4 13 5 11 5 14 6 12 7 13 8 14
Circ15_7 15 15 0 7 0 8 1 8 1 9 2 9 2 10 3 10 3 11 4 11 4 12 5 12 5 13 6 13 6 14 7 14
Circ15_1-3 15 30 0 1 0 3 0 12 0 14 1 2 1 4 1 13 2 3 2 5 2 14 3 4 3 6 4 5 4 7 5 6 5 8 6 7 6 9 7 8 7 10 8 9 8 11 9 10 9 12 10 11 10 13 11 12 11 14 12 13 13 14
Circ15_1-4 15 30 0 1 0 4 0 11 0 14 1 2 1 5 1 12 2 3 2 6 2 13 3 4 3 7 3 14 4 5 4 8 5 6 5 9 6 7 6 10 7 8 7 11 8 9 8 12 9 10 9 13 10 11 10 14 11 12 12 13 13 14
Circ15_1-6 15 30 0 1 0 6 0 9 0 14 1 2 1 7 1 10 2 3 2 8 2 11 3 4 3 9 3 12 4 5 4 10 4 13 5 6 5 11 5 14 6 7 6 12 7 8 7 13 8 9 8 14 9 10 10 11 11 12 12 13 13 14
Circ15_2-3 15 30 0 2 0 3 0 12 0 13 1 3 1 4 1 13 1 14 2 4 2 5 2 14 3 5 3 6 4 6 4 7 5 7 5 8 6 8 6 9 7 9 7 10 8 10 8 11 9 11 9 12 10 12 10 13 11 13 11 14 12 14
Circ15_2-6 15 30 0 2 0 6 0 9 0 13 1 3 1 7 1 10 1 14 2 4 2 8 2 11 3 5 3 9 3 12 4 6 4 10 4 13 5 7 5 11 5 14 6 8 6 12 7 9 7 13 8 10 8 14 9 11 10 12 11 13 12 14
Circ15_2-7 15 30 0 2 0 7 0 8 0 13 1 3 1 8 1 9 1 14 2 4 2 9 2 10 3 5 3 10 3 11 4 6 4 11 4 12 5 7 5 12 5 13 6 8 6 13 6 14 7 9 7 14 8 10 9 11 10 12 11 13 12 14
Circ15_3-4 15 30 0 3 0 4 0 11 0 12 1 4 1 5 1 12 1 13 2 5 2 6 2 13 2 14 3 6 3 7 3 14 4 7 4 8 5 8 5 9 6 9 6 10 7 10 7 11 8 11 8 12 9 12 9 13 10 13 10 14 11 14
Circ15_3-7 15 30 0 3 0 7 0 8 0 12 1 4 1 8 1 9 1 13 2 5 2 9 2 10 2 14 3 6 3 10 3 11 4 7 4 11 4 12 5 8 5 12 5 13 6 9 6 13 6 14 7 10 7 14 8 11 9 12 10 13 11 14
Circ15_4-6 15 30 0 4 0 6 0 9 0 11 1 5 1 7 1 10 1 12 2 6 2 8 2 11 2 13 3 7 3 9 3 12 3 14 4 8 4 10 4 13 5 9 5 11 5 14 6 10 6 12 7 11 7 13 8 12 8 14 9 13 10 14
Circ15_6-7 15 30 0 6 0 7 0 8 0 9 1 7 1 8 1 9 1 10 2 8 2 9 2 10 2 11 3 9 3 10 3 11 3 12 4 10 4 11 4 12 4 13 5 11 5 12 5 13 5 14 6 12 6 13 6 14 7 13 7 14 8 14
Circ15_1-4-6 15 45 0 1 0 4 0 6 0 9 0 11 0 14 1 2 1 5 1 7 1 10 1 12 2 3 2 6 2 8 2 11 2 13 3 4 3 7 3 9 3 12 3 14 4 5 4 8 4 10 4 13 5 6 5 9 5 11 5 14 6 7 6 10 6 12 7 8 7 11 7 13 8 9 8 12 8 14 9 10 9 13 10 11 10 14 11 12 12 13 13 14
Circ15_2-3-7 15 45 0 2 0 3 0 7 0 8 0 12 0 13 1 3 1 4 1 8 1 9 1 13 1 14 2 4 2 5 2 9 2 10 2 14 3 5 3 6 3 10 3 11 4 6 4 7 4 11 4 12 5 7 5 8 5 12 5 13 6 8 6 9 6 13 6 14 7 9 7 10 7 14 8 10 8 11 9 11 9 12 10 12 10 13 11 13 11 14 12 14
Circ16_1 16 16 0 1 0 15 1 2 2 3 3 4 4 5 5 6 6 7 7 8 8 9 9 10 10 11 11 12 12 13 13 14 14 15
Circ16_2 16 16 0 2 0 14 1 3 1 15 2 4 3 5 4 6 5 7 6 8 7 9 8 10 9 11 10 12 11 13 12 14 13 15
Circ16_3 16 16 0 3 0 13 1 4 1 14 2 5 2 15 3 6 4 7 5 8 6 9 7 10 8 11 9 12 10 13 11 14 12 15
Circ16_4 16 16 0 4 0 12 1 5 1 13 2 6 2 14 3 7 3 15 4 8 5 9 6 10 7 11 8 12 9 13 10 14 11 15
Circ16_5 16 16 0 5 0 11 1 6 1 12 2 7 2 13 3 8 3 14 4 9 4 15 5 10 6 11 7 12 8 13 9 14 10 15
Circ16_6 16 16 0 6 0 10 1 7 1 11 2 8 2 12 3 9 3 13 4 10 4 14 5 11 5 15 6 12 7 13 8 14 9 15
Circ16_7 16 16 0 7 0 9 1 8 1 10 2 9 2 11 3 10 3 12 4 11 4 13 5 12 5 14 6 13 6 15 7 14 8 15
Circ16_8 16 8 0 8 1 9 2 10 3 11 4 12 5 13 6 14 7 15
Circ16_1-3 16 32 0 1 0 3 0 13 0 15 1 2 1 4 1 14 2 3 2 5 2 15 3 4 3 6 4 5 4 7 5 6 5 8 6 7 6 9 7 8 7 10 8 9 8 11 9 10 9 12 10 11 10 13 11 12 11 14 12 13 12 15 13 14 14 15
Circ16_1-4 16 32 0 1 0 4 0 12 0 15 1 2 1 5 1 13 2 3 2 6 2 14 3 4 3 7 3 15 4 5 4 8 5 6 5 9 6 7 6 10 7 8 7 11 8 9 8 12 9 10 9 13 10 11 10 14 11 12 11 15 12 13 13 14 14 15
Circ16_1-5 16 32 0 1 0 5 0 11 0 15 1 2 1 6 1 12 2 3 2 7 2 13 3 4 3 8 3 14 4 5 4 9 4 15 5 6 5 10 6 7 6 11 7 8 7 12 8 9 8 13 9 10 9 14 10 11 10 15 11 12 12 13 13 14 14 15
Circ16_1-6 16 32 0 1 0 6 0 10 0 15 1 2 1 7 1 11 2 3 2 8 2 12 3 4 3 9 3 13 4 5 4 10 4 14 5 6 5 11 5 15 6 7 6 12 7 8 7 13 8 9 8 14 9 10 9 15 10 11 11 12 12 13 13 14 14 15
Circ16_1-7 16 32 0 1 0 7 0 9 0 15 1 2 1 8 1 10 2 3 2 9 2 11 3 4 3 10 3 12 4 5 4 11 4 13 5 6 5 12 5 14 6 7 6 13 6 15 7 8 7 14 8 9 8 15 9 10 10 11 11 12 12 13 13 14 14 15
Circ16_1-8 16 24 0 1 0 8 0 15 1 2 1 9 2 3 2 10 3 4 3 11 4 5 4 12 5 6 5 13 6 7 6 14 7 8 7 15 8 9 9 10 10 11 11 12 12 13 13 14 14 15
Circ16_2-3 16 32 0 2 0 3 0 13 0 14 1 3 1 4 1 14 1 15 2 4 2 5 2 15 3 5 3 6 4 6 4 7 5 7 5 8 6 8 6 9 7 9 7 10 8 10 8 11 9 11 9 12 10 12 10 13 11 13 11 14 12 14 12 15 13 15
Circ16_2-5 16 32 0 2 0 5 0 11 0 14 1 3 1 6 1 12 1 15 2 4 2 7 2 13 3 5 3 8 3 14 4 6 4 9 4 15 5 7 5 10 6 8 6 11 7 9 7 12 8 10 8 13 9 11 9 14 10 12 10 15 11 13 12 14 13 15
Circ16_2-6 16 32 0 2 0 6 0 10 0 14 1 3 1 7 1 11 1 15 2 4 2 8 2 12 3 5 3 9 3 13 4 6 4 10 4 14 5 7 5 11 5 15 6 8 6 12 7 9 7 13 8 10 8 14 9 11 9 15 10 12 11 13 12 14 13 15
Circ16_2-8 16 24 0 2 0 8 0 14 1 3 1 9 1 15 2 4 2 10 3 5 3 11 4 6 4 12 5 7 5 13 6 8 6 14 7 9 7 15 8 10 9 11 10 12 11 13 12 14 13 15
Circ16_3-4 16 32 0 3 0 4 0 12 0 13 1 4 1 5 1 13 1 14 2 5 2 6 2 14 2 15 3 6 3 7 3 15 4 7 4 8 5 8 5 9 6 9 6 10 7 10 7 11 8 11 8 12 9 12 9 13 10 13 10 14 11 14 11 15 12 15
Circ16_3-5 16 32 0 3 0 5 0 11 0 13 1 4 1 6 1 12 1 14 2 5 2 7 2 13 2 15 3 6 3 8 3 14 4 7 4 9 4 15 5 8 5 10 6 9 6 11 7 10 7 12 8 11 8 13 9 12 9 14 10 13 10 15 11 14 12 15
Circ16_3-7 16 32 0 3 0 7 0 9 0 13 1 4 1 8 1 10 1 14 2 5 2 9 2 11 2 15 3 6 3 10 3 12 4 7 4 11 4 13 5 8 5 12 5 14 6 9 6 13 6 15 7 10 7 14 8 11 8 15 9 12 10 13 11 14 12 15
Circ16_3-8 16 24 0 3 0 8 0 13 1 4 1 9 1 14 2 5 2 10 2 15 3 6 3 11 4 7 4 12 5 8 5 13 6 9 6 14 7 10 7 15 8 11 9 12 10 13 11 14 12 15
Circ16_4-5 16 32 0 4 0 5 0 11 0 12 1 5 1 6 1 12 1 13 2 6 2 7 2 13 2 14 3 7 3 8 3 14 3 15 4 8 4 9 4 15 5 9 5 10 6 10 6 11 7 11 7 12 8 12 8 13 9 13 9 14 10 14 10 15 11 15
Circ16_4-7 16 32 0 4 0 7 0 9 0 12 1 5 1 8 1 10 1 13 2 6 2 9 2 11 2 14 3 7 3 10 3 12 3 15 4 8 4 11 4 13 5 9 5 12 5 14 6 10 6 13 6 15 7 11 7 14 8 12 8 15 9 13 10 14 11 15
Circ16_5-7 16 32 0 5 0 7 0 9 0 11 1 6 1 8 1 10 1 12 2 7 2 9 2 11 2 13 3 8 3 10 3 12 3 14 4 9 4 11 4 13 4 15 5 10 5 12 5 14 6 11 6 13 6 15 7 12 7 14 8 13 8 15 9 14 10 15
Circ16_5-8 16 24 0 5 0 8 0 11 1 6 1 9 1 12 2 7 2 10 2 13 3 8 3 11 3 14 4 9 4 12 4 15 5 10 5 13 6 11 6 14 7 12 7 15 8 13 9 14 10 15
Circ16_6-7 16 32 0 6 0 7 0 9 0 10 1 7 1 8 1 10 1 11 2 8 2 9 2 11 2 12 3 9 3 10 3 12 3 13 4 10 4 11 4 13 4 14 5 11 5 12 5 14 5 15 6 12 6 13 6 15 7 13 7 14 8 14 8 15 9 15
Circ16_6-8 16 24 0 6 0 8 0 10 1 7 1 9 1 11 2 8 2 10 2 12 3 9 3 11 3 13 4 10 4 12 4 14 5 11 5 13 5 15 6 12 6 14 7 13 7 15 8 14 9 15
Circ16_7-8 16 24 0 7 0 8 0 9 1 8 1 9 1 10 2 9 2 10 2 11 3 10 3 11 3 12 4 11 4 12 4 13 5 12 5 13 5 14 6 13 6 14 6 15 7 14 7 15 8 15
Circ16_1-3-5 16 48 0 1 0 3 0 5 0 11 0 13 0 15 1 2 1 4 1 6 1 12 1 14 2 3 2 5 2 7 2 13 2 15 3 4 3 6 3 8 3 14 4 5 4 7 4 9 4 15 5 6 5 8 5 10 6 7 6 9 6 11 7 8 7 10 7 12 8 9 8 11 8 13 9 10 9 12 9 14 10 11 10 13 10 15 11 12 11 14 12 13 12 15 13 14 14 15
Circ16_1-3-7 16 48 0 1 0 3 0 7 0 9 0 13 0 15 1 2 1 4 1 8 1 10 1 14 2 3 2 5 2 9 2 11 2 15 3 4 3 6 3 10 3 12 4 5 4 7 4 11 4 13 5 6 5 8 5 12 5 14 6 7 6 9 6 13 6 15 7 8 7 10 7 14 8 9 8 11 8 15 9 10 9 12 10 11 10 13 11 12 11 14 12 13 12 15 13 14 14 15
Circ16_1-3-8 16 40 0 1 0 3 0 8 0 13 0 15 1 2 1 4 1 9 1 14 2 3 2 5 2 10 2 15 3 4 3 6 3 11 4 5 4 7 4 12 5 6 5 8 5 13 6 7 6 9 6 14 7 8 7 10 7 15 8 9 8 11 9 10 9 12 10 11 10 13 11 12 11 14 12 13 12 15 13 14 14 15
Circ16_1-4-7 16 48 0 1 0 4 0 7 0 9 0 12 0 15 1 2 1 5 1 8 1 10 1 13 2 3 2 6 2 9 2 11 2 14 3 4 3 7 3 10 3 12 3 15 4 5 4 8 4 11 4 13 5 6 5 9 5 12 5 14 6 7 6 10 6 13 6 15 7 8 7 11 7 14 8 9 8 12 8 15 9 10 9 13 10 11 10 14 11 12 11 15 12 13 13 14 14 15
Circ16_1-5-7 16 48 0 1 0 5 0 7 0 9 0 11 0 15 1 2 1 6 1 8 1 10 1 12 2 3 2 7 2 9 2 11 2 13 3 4 3 8 3 10 3 12 3 14 4 5 4 9 4 11 4 13 4 15 5 6 5 10 5 12 5 14 6 7 6 11 6 13 6 15 7 8 7 12 7 14 8 9 8 13 8 15 9 10 9 14 10 11 10 15 11 12 12 13 13 14 14 15
Circ16_1-5-8 16 40 0 1 0 5 0 8 0 11 0 15 1 2 1 6 1 9 1 12 2 3 2 7 2 10 2 13 3 4 3 8 3 11 3 14 4 5 4 9 4 12 4 15 5 6 5 10 5 13 6 7 6 11 6 14 7 8 7 12 7 15 8 9 8 13 9 10 9 14 10 11 10 15 11 12 12 13 13 14 14 15
Circ16_1-6-8 16 40 0 1 0 6 0 8 0 10 0 15 1 2 1 7 1 9 1 11 2 3 2 8 2 10 2 12 3 4 3 9 3 11 3 13 4 5 4 10 4 12 4 14 5 6 5 11 5 13 5 15 6 7 6 12 6 14 7 8 7 13 7 15 8 9 8 14 9 10 9 15 10 11 11 12 12 13 13 14 14 15
Circ16_2-3-8 16 40 0 2 0 3 0 8 0 13 0 14 1 3 1 4 1 9 1 14 1 15 2 4 2 5 2 10 2 15 3 5 3 6 3 11 4 6 4 7 4 12 5 7 5 8 5 13 6 8 6 9 6 14 7 9 7 10 7 15 8 10 8 11 9 11 9 12 10 12 10 13 11 13 11 14 12 14 12 15 13 15
Circ16_2-5-8 16 40 0 2 0 5 0 8 0 11 0 14 1 3 1 6 1 9 1 12 1 15 2 4 2 7 2 10 2 13 3 5 3 8 3 11 3 14 4 6 4 9 4 12 4 15 5 7 5 10 5 13 6 8 6 11 6 14 7 9 7 12 7 15 8 10 8 13 9 11 9 14 10 12 10 15 11 13 12 14 13 15
Circ16_3-4-5 16 48 0 3 0 4 0 5 0 11 0 12 0 13 1 4 1 5 1 6 1 12 1 13 1 14 2 5 2 6 2 7 2 13 2 14 2 15 3 6 3 7 3 8 3 14 3 15 4 7 4 8 4 9 4 15 5 8 5 9 5 10 6 9 6 10 6 11 7 10 7 11 7 12 8 11 8 12 8 13 9 12 9 13 9 14 10 13 10 14 10 15 11 14 11 15 12 15
Circ16_3-5-7 16 48 0 3 0 5 0 7 0 9 0 11 0 13 1 4 1 6 1 8 1 10 1 12 1 14 2 5 2 7 2 9 2 11 2 13 2 15 3 6 3 8 3 10 3 12 3 14 4 7 4 9 4 11 4 13 4 15 5 8 5 10 5 12 5 14 6 9 6 11 6 13 6 15 7 10 7 12 7 14 8 11 8 13 8 15 9 12 9 14 10 13 10 15 11 14 12 15
Circ16_3-7-8 16 40 0 3 0 7 0 8 0 9 0 13 1 4 1 8 1 9 1 10 1 14 2 5 2 9 2 10 2 11 2 15 3 6 3 10 3 11 3 12 4 7 4 11 4 12 4 13 5 8 5 12 5 13 5 14 6 9 6 13 6 14 6 15 7 10 7 14 7 15 8 11 8 15 9 12 10 13 11 14 12 15
Circ16_5-7-8 16 40 0 5 0 7 0 8 0 9 0 11 1 6 1 8 1 9 1 10 1 12 2 7 2 9 2 10 2 11 2 13 3 8 3 10 3 11 3 12 3 14 4 9 4 11 4 12 4 13 4 15 5 10 5 12 5 13 5 14 6 11 6 13 6 14 6 15 7 12 7 14 7 15 8 13 8 15 9 14 10 15
Circ16_6-7-8 16 40 0 6 0 7 0 8 0 9 0 10 1 7 1 8 1 9 1 10 1 11 2 8 2 9 2 10 2 11 2 12 3 9 3 10 3 11 3 12 3 13 4 10 4 11 4 12 4 13 4 14 5 11 5 12 5 13 5 14 5 15 6 12 6 13 6 14 6 15 7 13 7 14 7 15 8 14 8 15 9 15
Circ16_1-3-5-7 16 64 0 1 0 3 0 5 0 7 0 9 0 11 0 13 0 15 1 2 1 4 1 6 1 8 1 10 1 12 1 14 2 3 2 5 2 7 2 9 2 11 2 13 2 15 3 4 3 6 3 8 3 10 3 12 3 14 4 5 4 7 4 9 4 11 4 13 4 15 5 6 5 8 5 10 5 12 5 14 6 7 6 9 6 11 6 13 6 15 7 8 7 10 7 12 7 14 8 9 8 11 8 13 8 15 9 10 9 12 9 14 10 11 10 13 10 15 11 12 11 14 12 13 12 15 13 14 14 15
D3_1 6 3 0 4 1 5 2 3
D3_2 6 3 0 5 1 3 2 4
D3_3 6 6 0 3 0 4 1 4 1 5 2 3 2 5
D3_4 6 6 0 3 0 5 1 3 1 4 2 4 2 5
D3_5 6 6 0 4 0 5 1 3 1 5 2 3 2 4
D3_6 6 9 0 3 0 4 0 5 1 3 1 4 1 5 2 3 2 4 2 5
D4_8 8 4 0 5 1 6 2 7 3 4
D4_9 8 4 0 6 1 7 2 4 3 5
D4_10 8 4 0 7 1 4 2 5 3 6
D4_11 8 8 0 1 0 3 1 2 2 3 4 5 4 7 5 6 6 7
D4_12 8 4 0 2 1 3 4 6 5 7
D4_14 8 8 0 4 0 5 1 5 1 6 2 6 2 7 3 4 3 7
D4_15 8 8 0 4 0 6 1 5 1 7 2 4 2 6 3 5 3 7
D4_16 8 8 0 4 0 7 1 4 1 5 2 5 2 6 3 6 3 7
D4_17 8 12 0 1 0 3 0 4 1 2 1 5 2 3 2 6 3 7 4 5 4 7 5 6 6 7
D4_18 8 8 0 2 0 4 1 3 1 5 2 6 3 7 4 6 5 7
D4_20 8 8 0 5 0 6 1 6 1 7 2 4 2 7 3 4 3 5
D4_21 8 8 0 5 0 7 1 4 1 6 2 5 2 7 3 4 3 6
D4_22 8 12 0 1 0 3 0 5 1 2 1 6 2 3 2 7 3 4 4 5 4 7 5 6 6 7
D4_23 8 8 0 2 0 5 1 3 1 6 2 7 3 4 4 6 5 7
D4_25 8 8 0 6 0 7 1 4 1 7 2 4 2 5 3 5 3 6
D4_26 8 12 0 1 0 3 0 6 1 2 1 7 2 3 2 4 3 5 4 5 4 7 5 6 6 7
D4_29 8 12 0 1 0 3 0 7 1 2 1 4 2 3 2 5 3 6 4 5 4 7 5 6 6 7
D4_30 8 8 0 2 0 7 1 3 1 4 2 5 3 6 4 6 5 7
D4_33 8 12 0 4 0 5 0 6 1 5 1 6 1 7 2 4 2 6 2 7 3 4 3 5 3 7
D4_34 8 12 0 4 0 5 0 7 1 4 1 5 1 6 2 5 2 6 2 7 3 4 3 6 3 7
D4_35 8 12 0 2 0 4 0 5 1 3 1 5 1 6 2 6 2 7 3 4 3 7 4 6 5 7
D4_36 8 12 0 4 0 6 0 7 1 4 1 5 1 7 2 4 2 5 2 6 3 5 3 6 3 7
D4_37 8 16 0 1 0 3 0 4 0 6 1 2 1 5 1 7 2 3 2 4 2 6 3 5 3 7 4 5 4 7 5 6 6 7
D4_39 8 12 0 2 0 4 0 7 1 3 1 4 1 5 2 5 2 6 3 6 3 7 4 6 5 7
D4_41 8 12 0 5 0 6 0 7 1 4 1 6 1 7 2 4 2 5 2 7 3 4 3 5 3 6
D4_42 8 12 0 2 0 5 0 6 1 3 1 6 1 7 2 4 2 7 3 4 3 5 4 6 5 7
D4_46 8 12 0 2 0 6 0 7 1 3 1 4 1 7 2 4 2 5 3 5 3 6 4 6 5 7
D5_50 10 5 0 6 1 7 2 8 3 9 4 5
D5_51 10 5 0 7 1 8 2 9 3 5 4 6
D5_52 10 5 0 8 1 9 2 5 3 6 4 7
D5_53 10 5 0 9 1 5 2 6 3 7 4 8
D5_54 10 10 0 1 0 4 1 2 2 3 3 4 5 6 5 9 6 7 7 8 8 9
D5_55 10 10 0 2 0 3 1 3 1 4 2 4 5 7 5 8 6 8 6 9 7 9
D5_58 10 10 0 5 0 6 1 6 1 7 2 7 2 8 3 8 3 9 4 5 4 9
D5_59 10 10 0 5 0 7 1 6 1 8 2 7 2 9 3 5 3 8 4 6 4 9
D5_60 10 10 0 5 0 8 1 6 1 9 2 5 2 7 3 6 3 8 4 7 4 9
D5_61 10 10 0 5 0 9 1 5 1 6 2 6 2 7 3 7 3 8 4 8 4 9
D5_62 10 15 0 1 0 4 0 5 1 2 1 6 2 3 2 7 3 4 3 8 4 9 5 6 5 9 6 7 7 8 8 9
D5_63 10 15 0 2 0 3 0 5 1 3 1 4 1 6 2 4 2 7 3 8 4 9 5 7 5 8 6 8 6 9 7 9
D5_66 10 10 0 6 0 7 1 7 1 8 2 8 2 9 3 5 3 9 4 5 4 6
D5_67 10 10 0 6 0 8 1 7 1 9 2 5 2 8 3 6 3 9 4 5 4 7
D5_68 10 10 0 6 0 9 1 5 1 7 2 6 2 8 3 7 3 9 4 5 4 8
D5_69 10 15 0 1 0 4 0 6 1 2 1 7 2 3 2 8 3 4 3 9 4 5 5 6 5 9 6 7 7 8 8 9
D5_70 10 15 0 2 0 3 0 6 1 3 1 4 1 7 2 4 2 8 3 9 4 5 5 7 5 8 6 8 6 9 7 9
D5_73 10 10 0 7 0 8 1 8 1 9 2 5 2 9 3 5 3 6 4 6 4 7
D5_74 10 10 0 7 0 9 1 5 1 8 2 6 2 9 3 5 3 7 4 6 4 8
D5_75 10 15 0 1 0 4 0 7 1 2 1 8 2 3 2 9 3 4 3 5 4 6 5 6 5 9 6 7 7 8 8 9
D5_76 10 15 0 2 0 3 0 7 1 3 1 4 1 8 2 4 2 9 3 5 4 6 5 7 5 8 6 8 6 9 7 9
D5_79 10 10 0 8 0 9 1 5 1 9 2 5 2 6 3 6 3 7 4 7 4 8
D5_80 10 15 0 1 0 4 0 8 1 2 1 9 2 3 2 5 3 4 3 6 4 7 5 6 5 9 6 7 7 8 8 9
D5_81 10 15 0 2 0 3 0 8 1 3 1 4 1 9 2 4 2 5 3 6 4 7 5 7 5 8 6 8 6 9 7 9
D5_84 10 15 0 1 0 4 0 9 1 2 1 5 2 3 2 6 3 4 3 7 4 8 5 6 5 9 6 7 7 8 8 9
D5_85 10 15 0 2 0 3 0 9 1 3 1 4 1 5 2 4 2 6 3 7 4 8 5 7 5 8 6 8 6 9 7 9
D5_90 10 15 0 5 0 6 0 7 1 6 1 7 1 8 2 7 2 8 2 9 3 5 3 8 3 9 4 5 4 6 4 9
D5_91 10 15 0 5 0 6 0 8 1 6 1 7 1 9 2 5 2 7 2 8 3 6 3 8 3 9 4 5 4 7 4 9
D5_92 10 15 0 5 0 6 0 9 1 5 1 6 1 7 2 6 2 7 2 8 3 7 3 8 3 9 4 5 4 8 4 9
D5_93 10 20 0 2 0 3 0 5 0 6 1 3 1 4 1 6 1 7 2 4 2 7 2 8 3 8 3 9 4 5 4 9 5 7 5 8 6 8 6 9 7 9
D5_95 10 15 0 5 0 7 0 8 1 6 1 8 1 9 2 5 2 7 2 9 3 5 3 6 3 8 4 6 4 7 4 9
D5_96 10 15 0 5 0 7 0 9 1 5 1 6 1 8 2 6 2 7 2 9 3 5 3 7 3 8 4 6 4 8 4 9
D5_97 10 20 0 1 0 4 0 5 0 7 1 2 1 6 1 8 2 3 2 7 2 9 3 4 3 5 3 8 4 6 4 9 5 6 5 9 6 7 7 8 8 9
D5_99 10 15 0 5 0 8 0 9 1 5 1 6 1 9 2 5 2 6 2 7 3 6 3 7 3 8 4 7 4 8 4 9
D5_100 10 20 0 1 0 4 0 5 0 8 1 2 1 6 1 9 2 3 2 5 2 7 3 4 3 6 3 8 4 7 4 9 5 6 5 9 6 7 7 8 8 9
D5_102 10 20 0 2 0 3 0 5 0 9 1 3 1 4 1 5 1 6 2 4 2 6 2 7 3 7 3 8 4 8 4 9 5 7 5 8 6 8 6 9 7 9
D5_106 10 15 0 6 0 7 0 8 1 7 1 8 1 9 2 5 2 8 2 9 3 5 3 6 3 9 4 5 4 6 4 7
D5_107 10 15 0 6 0 7 0 9 1 5 1 7 1 8 2 6 2 8 2 9 3 5 3 7 3 9 4 5 4 6 4 8
D5_108 10 20 0 2 0 3 0 6 0 7 1 3 1 4 1 7 1 8 2 4 2 8 2 9 3 5 3 9 4 5 4 6 5 7 5 8 6 8 6 9 7 9
D5_110 10 15 0 6 0 8 0 9 1 5 1 7 1 9 2 5 2 6 2 8 3 6 3 7 3 9 4 5 4 7 4 8
D5_111 10 20 0 1 0 4 0 6 0 8 1 2 1 7 1 9 2 3 2 5 2 8 3 4 3 6 3 9 4 5 4 7 5 6 5 9 6 7 7 8 8 9
D5_117 10 15 0 7 0 8 0 9 1 5 1 8 1 9 2 5 2 6 2 9 3 5 3 6 3 7 4 6 4 7 4 8
D5_120 10 20 0 1 0 4 0 7 0 9 1 2 1 5 1 8 2 3 2 6 2 9 3 4 3 5 3 7 4 6 4 8 5 6 5 9 6 7 7 8 8 9
D5_124 10 20 0 2 0 3 0 8 0 9 1 3 1 4 1 5 1 9 2 4 2 5 2 6 3 6 3 7 4 7 4 8 5 7 5 8 6 8 6 9 7 9
D6_131 12 6 0 7 1 8 2 9 3 10 4 11 5 6
D6_132 12 6 0 8 1 9 2 10 3 11 4 6 5 7
D6_133 12 6 0 9 1 10 2 11 3 6 4 7 5 8
D6_134 12 6 0 10 1 11 2 6 3 7 4 8 5 9
D6_135 12 6 0 11 1 6 2 7 3 8 4 9 5 10
D6_136 12 12 0 1 0 5 1 2 2 3 3 4 4 5 6 7 6 11 7 8 8 9 9 10 10 11
D6_137 12 6 0 3 1 4 2 5 6 9 7 10 8 11
D6_139 12 12 0 6 0 7 1 7 1 8 2 8 2 9 3 9 3 10 4 10 4 11 5 6 5 11
D6_140 12 12 0 6 0 8 1 7 1 9 2 8 2 10 3 9 3 11 4 6 4 10 5 7 5 11
D6_141 12 12 0 6 0 9 1 7 1 10 2 8 2 11 3 6 3 9 4 7 4 10 5 8 5 11
D6_142 12 12 0 6 0 10 1 7 1 11 2 6 2 8 3 7 3 9 4 8 4 10 5 9 5 11
D6_143 12 12 0 6 0 11 1 6 1 7 2 7 2 8 3 8 3 9 4 9 4 10 5 10 5 11
D6_144 12 18 0 1 0 5 0 6 1 2 1 7 2 3 2 8 3 4 3 9 4 5 4 10 5 11 6 7 6 11 7 8 8 9 9 10 10 11
D6_145 12 12 0 3 0 6 1 4 1 7 2 5 2 8 3 9 4 10 5 11 6 9 7 10 8 11
D6_147 12 12 0 7 0 8 1 8 1 9 2 9 2 10 3 10 3 11 4 6 4 11 5 6 5 7
D6_148 12 12 0 7 0 9 1 8 1 10 2 9 2 11 3 6 3 10 4 7 4 11 5 6 5 8
D6_149 12 12 0 7 0 10 1 8 1 11 2 6 2 9 3 7 3 10 4 8 4 11 5 6 5 9
D6_150 12 12 0 7 0 11 1 6 1 8 2 7 2 9 3 8 3 10 4 9 4 11 5 6 5 10
D6_151 12 18 0 1 0 5 0 7 1 2 1 8 2 3 2 9 3 4 3 10 4 5 4 11 5 6 6 7 6 11 7 8 8 9 9 10 10 11
D6_152 12 12 0 3 0 7 1 4 1 8 2 5 2 9 3 10 4 11 5 6 6 9 7 10 8 11
D6_154 12 12 0 8 0 9 1 9 1 10 2 10 2 11 3 6 3 11 4 6 4 7 5 7 5 8
D6_155 12 12 0 8 0 10 1 9 1 11 2 6 2 10 3 7 3 11 4 6 4 8 5 7 5 9
D6_156 12 12 0 8 0 11 1 6 1 9 2 7 2 10 3 8 3 11 4 6 4 9 5 7 5 10
D6_157 12 18 0 1 0 5 0 8 1 2 1 9 2 3 2 10 3 4 3 11 4 5 4 6 5 7 6 7 6 11 7 8 8 9 9 10 10 11
D6_158 12 12 0 3 0 8 1 4 1 9 2 5 2 10 3 11 4 6 5 7 6 9 7 10 8 11
D6_160 12 12 0 9 0 10 1 10 1 11 2 6 2 11 3 6 3 7 4 7 4 8 5 8 5 9
D6_161 12 12 0 9 0 11 1 6 1 10 2 7 2 11 3 6 3 8 4 7 4 9 5 8 5 10
D6_162 12 18 0 1 0 5 0 9 1 2 1 10 2 3 2 11 3 4 3 6 4 5 4 7 5 8 6 7 6 11 7 8 8 9 9 10 10 11
D6_165 12 12 0 10 0 11 1 6 1 11 2 6 2 7 3 7 3 8 4 8 4 9 5 9 5 10
D6_166 12 18 0 1 0 5 0 10 1 2 1 11 2 3 2 6 3 4 3 7 4 5 4 8 5 9 6 7 6 11 7 8 8 9 9 10 10 11
D6_167 12 12 0 3 0 10 1 4 1 11 2 5 2 6 3 7 4 8 5 9 6 9 7 10 8 11
D6_169 12 18 0 1 0 5 0 11 1 2 1 6 2 3 2 7 3 4 3 8 4 5 4 9 5 10 6 7 6 11 7 8 8 9 9 10 10 11
D6_170 12 12 0 3 0 11 1 4 1 6 2 5 2 7 3 8 4 9 5 10 6 9 7 10 8 11
D6_172 12 18 0 1 0 3 0 5 1 2 1 4 2 3 2 5 3 4 4 5 6 7 6 9 6 11 7 8 7 10 8 9 8 11 9 10 10 11
D6_175 12 18 0 6 0 7 0 8 1 7 1 8 1 9 2 8 2 9 2 10 3 9 3 10 3 11 4 6 4 10 4 11 5 6 5 7 5 11
D6_176 12 18 0 6 0 7 0 9 1 7 1 8 1 10 2 8 2 9 2 11 3 6 3 9 3 10 4 7 4 10 4 11 5 6 5 8 5 11
D6_177 12 18 0 6 0 7 0 10 1 7 1 8 1 11 2 6 2 8 2 9 3 7 3 9 3 10 4 8 4 10 4 11 5 6 5 9 5 11
D6_178 12 18 0 6 0 7 0 11 1 6 1 7 1 8 2 7 2 8 2 9 3 8 3 9 3 10 4 9 4 10 4 11 5 6 5 10 5 11
D6_179 12 18 0 3 0 6 0 7 1 4 1 7 1 8 2 5 2 8 2 9 3 9 3 10 4 10 4 11 5 6 5 11 6 9 7 10 8 11
D6_180 12 18 0 6 0 8 0 9 1 7 1 9 1 10 2 8 2 10 2 11 3 6 3 9 3 11 4 6 4 7 4 10 5 7 5 8 5 11
D6_181 12 18 0 6 0 8 0 10 1 7 1 9 1 11 2 6 2 8 2 10 3 7 3 9 3 11 4 6 4 8 4 10 5 7 5 9 5 11
D6_182 12 18 0 6 0 8 0 11 1 6 1 7 1 9 2 7 2 8 2 10 3 8 3 9 3 11 4 6 4 9 4 10 5 7 5 10 5 11
D6_183 12 24 0 1 0 5 0 6 0 8 1 2 1 7 1 9 2 3 2 8 2 10 3 4 3 9 3 11 4 5 4 6 4 10 5 7 5 11 6 7 6 11 7 8 8 9 9 10 10 11
D6_184 12 18 0 3 0 6 0 8 1 4 1 7 1 9 2 5 2 8 2 10 3 9 3 11 4 6 4 10 5 7 5 11 6 9 7 10 8 11
D6_186 12 18 0 6 0 9 0 10 1 7 1 10 1 11 2 6 2 8 2 11 3 6 3 7 3 9 4 7 4 8 4 10 5 8 5 9 5 11
D6_187 12 18 0 6 0 9 0 11 1 6 1 7 1 10 2 7 2 8 2 11 3 6 3 8 3 9 4 7 4 9 4 10 5 8 5 10 5 11
D6_188 12 24 0 1 0 5 0 6 0 9 1 2 1 7 1 10 2 3 2 8 2 11 3 4 3 6 3 9 4 5 4 7 4 10 5 8 5 11 6 7 6 11 7 8 8 9 9 10 10 11
D6_190 12 18 0 6 0 10 0 11 1 6 1 7 1 11 2 6 2 7 2 8 3 7 3 8 3 9 4 8 4 9 4 10 5 9 5 10 5 11
D6_191 12 24 0 1 0 5 0 6 0 10 1 2 1 7 1 11 2 3 2 6 2 8 3 4 3 7 3 9 4 5 4 8 4 10 5 9 5 11 6 7 6 11 7 8 8 9 9 10 10 11
D6_192 12 18 0 3 0 6 0 10 1 4 1 7 1 11 2 5 2 6 2 8 3 7 3 9 4 8 4 10 5 9 5 11 6 9 7 10 8 11
D6_194 12 18 0 3 0 6 0 11 1 4 1 6 1 7 2 5 2 7 2 8 3 8 3 9 4 9 4 10 5 10 5 11 6 9 7 10 8 11
D6_195 12 24 0 1 0 3 0 5 0 6 1 2 1 4 1 7 2 3 2 5 2 8 3 4 3 9 4 5 4 10 5 11 6 7 6 9 6 11 7 8 7 10 8 9 8 11 9 10 10 11
D6_198 12 18 0 7 0 8 0 9 1 8 1 9 1 10 2 9 2 10 2 11 3 6 3 10 3 11 4 6 4 7 4 11 5 6 5 7 5 8
D6_199 12 18 0 7 0 8 0 10 1 8 1 9 1 11 2 6 2 9 2 10 3 7 3 10 3 11 4 6 4 8 4 11 5 6 5 7 5 9
D6_200 12 18 0 7 0 8 0 11 1 6 1 8 1 9 2 7 2 9 2 10 3 8 3 10 3 11 4 6 4 9 4 11 5 6 5 7 5 10
D6_201 12 18 0 3 0 7 0 8 1 4 1 8 1 9 2 5 2 9 2 10 3 10 3 11 4 6 4 11 5 6 5 7 6 9 7 10 8 11
D6_202 12 18 0 7 0 9 0 10 1 8 1 10 1 11 2 6 2 9 2 11 3 6 3 7 3 10 4 7 4 8 4 11 5 6 5 8 5 9
D6_203 12 18 0 7 0 9 0 11 1 6 1 8 1 10 2 7 2 9 2 11 3 6 3 8 3 10 4 7 4 9 4 11 5 6 5 8 5 10
D6_204 12 24 0 1 0 5 0 7 0 9 1 2 1 8 1 10 2 3 2 9 2 11 3 4 3 6 3 10 4 5 4 7 4 11 5 6 5 8 6 7 6 11 7 8 8 9 9 10 10 11
D6_205 12 18 0 3 0 7 0 9 1 4 1 8 1 10 2 5 2 9 2 11 3 6 3 10 4 7 4 11 5 6 5 8 6 9 7 10 8 11
D6_207 12 18 0 7 0 10 0 11 1 6 1 8 1 11 2 6 2 7 2 9 3 7 3 8 3 10 4 8 4 9 4 11 5 6 5 9 5 10
D6_208 12 24 0 1 0 5 0 7 0 10 1 2 1 8 1 11 2 3 2 6 2 9 3 4 3 7 3 10 4 5 4 8 4 11 5 6 5 9 6 7 6 11 7 8 8 9 9 10 10 11
D6_211 12 18 0 3 0 7 0 11 1 4 1 6 1 8 2 5 2 7 2 9 3 8 3 10 4 9 4 11 5 6 5 10 6 9 7 10 8 11
D6_213 12 24 0 1 0 3 0 5 0 7 1 2 1 4 1 8 2 3 2 5 2 9 3 4 3 10 4 5 4 11 5 6 6 7 6 9 6 11 7 8 7 10 8 9 8 11 9 10 10 11
D6_216 12 18 0 8 0 9 0 10 1 9 1 10 1 11 2 6 2 10 2 11 3 6 3 7 3 11 4 6 4 7 4 8 5 7 5 8 5 9
D6_217 12 18 0 8 0 9 0 11 1 6 1 9 1 10 2 7 2 10 2 11 3 6 3 8 3 11 4 6 4 7 4 9 5 7 5 8 5 10
D6_218 12 18 0 3 0 8 0 9 1 4 1 9 1 10 2 5 2 10 2 11 3 6 3 11 4 6 4 7 5 7 5 8 6 9 7 10 8 11
D6_219 12 18 0 8 0 10 0 11 1 6 1 9 1 11 2 6 2 7 2 10 3 7 3 8 3 11 4 6 4 8 4 9 5 7 5 9 5 10
D6_220 12 24 0 1 0 5 0 8 0 10 1 2 1 9 1 11 2 3 2 6 2 10 3 4 3 7 3 11 4 5 4 6 4 8 5 7 5 9 6 7 6 11 7 8 8 9 9 10 10 11
D6_221 12 18 0 3 0 8 0 10 1 4 1 9 1 11 2 5 2 6 2 10 3 7 3 11 4 6 4 8 5 7 5 9 6 9 7 10 8 11
D6_223 12 24 0 1 0 5 0 8 0 11 1 2 1 6 1 9 2 3 2 7 2 10 3 4 3 8 3 11 4 5 4 6 4 9 5 7 5 10 6 7 6 11 7 8 8 9 9 10 10 11
D6_225 12 24 0 1 0 3 0 5 0 8 1 2 1 4 1 9 2 3 2 5 2 10 3 4 3 11 4 5 4 6 5 7 6 7 6 9 6 11 7 8 7 10 8 9 8 11 9 10 10 11
D6_228 12 18 0 9 0 10 0 11 1 6 1 10 1 11 2 6 2 7 2 11 3 6 3 7 3 8 4 7 4 8 4 9 5 8 5 9 5 10
D6_229 12 18 0 3 0 9 0 10 1 4 1 10 1 11 2 5 2 6 2 11 3 6 3 7 4 7 4 8 5 8 5 9 6 9 7 10 8 11
D6_230 12 24 0 1 0 5 0 9 0 11 1 2 1 6 1 10 2 3 2 7 2 11 3 4 3 6 3 8 4 5 4 7 4 9 5 8 5 10 6 7 6 11 7 8 8 9 9 10 10 11
D6_231 12 18 0 3 0 9 0 11 1 4 1 6 1 10 2 5 2 7 2 11 3 6 3 8 4 7 4 9 5 8 5 10 6 9 7 10 8 11
D6_233 12 24 0 1 0 3 0 5 0 9 1 2 1 4 1 10 2 3 2 5 2 11 3 4 3 6 4 5 4 7 5 8 6 7 6 9 6 11 7 8 7 10 8 9 8 11 9 10 10 11
D6_236 12 18 0 3 0 10 0 11 1 4 1 6 1 11 2 5 2 6 2 7 3 7 3 8 4 8 4 9 5 9 5 10 6 9 7 10 8 11
D6_237 12 24 0 1 0 3 0 5 0 10 1 2 1 4 1 11 2 3 2 5 2 6 3 4 3 7 4 5 4 8 5 9 6 7 6 9 6 11 7 8 7 10 8 9 8 11 9 10 10 11
D6_240 12 24 0 1 0 3 0 5 0 11 1 2 1 4 1 6 2 3 2 5 2 7 3 4 3 8 4 5 4 9 5 10 6 7 6 9 6 11 7 8 7 10 8 9 8 11 9 10 10 11
D7_245 14 7 0 8 1 9 2 10 3 11 4 12 5 13 6 7
D7_246 14 7 0 9 1 10 2 11 3 12 4 13 5 7 6 8
D7_247 14 7 0 10 1 11 2 12 3 13 4 7 5 8 6 9
D7_248 14 7 0 11 1 12 2 13 3 7 4 8 5 9 6 10
D7_249 14 7 0 12 1 13 2 7 3 8 4 9 5 10 6 11
D7_250 14 7 0 13 1 7 2 8 3 9 4 10 5 11 6 12
D7_251 14 14 0 1 0 6 1 2 2 3 3 4 4 5 5 6 7 8 7 13 8 9 9 10 10 11 11 12 12 13
D7_252 14 14 0 2 0 5 1 3 1 6 2 4 3 5 4 6 7 9 7 12 8 10 8 13 9 11 10 12 11 13
D7_253 14 14 0 3 0 4 1 4 1 5 2 5 2 6 3 6 7 10 7 11 8 11 8 12 9 12 9 13 10 13
D7_257 14 14 0 7 0 8 1 8 1 9 2 9 2 10 3 10 3 11 4 11 4 12 5 12 5 13 6 7 6 13
D7_258 14 14 0 7 0 9 1 8 1 10 2 9 2 11 3 10 3 12 4 11 4 13 5 7 5 12 6 8 6 13
D7_259 14 14 0 7 0 10 1 8 1 11 2 9 2 12 3 10 3 13 4 7 4 11 5 8 5 12 6 9 6 13
D7_260 14 14 0 7 0 11 1 8 1 12 2 9 2 13 3 7 3 10 4 8 4 11 5 9 5 12 6 10 6 13
D7_261 14 14 0 7 0 12 1 8 1 13 2 7 2 9 3 8 3 10 4 9 4 11 5 10 5 12 6 11 6 13
D7_262 14 14 0 7 0 13 1 7 1 8 2 8 2 9 3 9 3 10 4 10 4 11 5 11 5 12 6 12 6 13
D7_263 14 21 0 1 0 6 0 7 1 2 1 8 2 3 2 9 3 4 3 10 4 5 4 11 5 6 5 12 6 13 7 8 7 13 8 9 9 10 10 11 11 12 12 13
D7_264 14 21 0 2 0 5 0 7 1 3 1 6 1 8 2 4 2 9 3 5 3 10 4 6 4 11 5 12 6 13 7 9 7 12 8 10 8 13 9 11 10 12 11 13
D7_265 14 21 0 3 0 4 0 7 1 4 1 5 1 8 2 5 2 6 2 9 3 6 3 10 4 11 5 12 6 13 7 10 7 11 8 11 8 12 9 12 9 13 10 13
D7_269 14 14 0 8 0 9 1 9 1 10 2 10 2 11 3 11 3 12 4 12 4 13 5 7 5 13 6 7 6 8
D7_270 14 14 0 8 0 10 1 9 1 11 2 10 2 12 3 11 3 13 4 7 4 12 5 8 5 13 6 7 6 9
D7_271 14 14 0 8 0 11 1 9 1 12 2 10 2 13 3 7 3 11 4 8 4 12 5 9 5 13 6 7 6 10
D7_272 14 14 0 8 0 12 1 9 1 13 2 7 2 10 3 8 3 11 4 9 4 12 5 10 5 13 6 7 6 11
D7_273 14 14 0 8 0 13 1 7 1 9 2 8 2 10 3 9 3 11 4 10 4 12 5 11 5 13 6 7 6 12
D7_274 14 21 0 1 0 6 0 8 1 2 1 9 2 3 2 10 3 4 3 11 4 5 4 12 5 6 5 13 6 7 7 8 7 13 8 9 9 10 10 11 11 12 12 13
D7_275 14 21 0 2 0 5 0 8 1 3 1 6 1 9 2 4 2 10 3 5 3 11 4 6 4 12 5 13 6 7 7 9 7 12 8 10 8 13 9 11 10 12 11 13
D7_276 14 21 0 3 0 4 0 8 1 4 1 5 1 9 2 5 2 6 2 10 3 6 3 11 4 12 5 13 6 7 7 10 7 11 8 11 8 12 9 12 9 13 10 13
D7_280 14 14 0 9 0 10 1 10 1 11 2 11 2 12 3 12 3 13 4 7 4 13 5 7 5 8 6 8 6 9
D7_281 14 14 0 9 0 11 1 10 1 12 2 11 2 13 3 7 3 12 4 8 4 13 5 7 5 9 6 8 6 10
D7_282 14 14 0 9 0 12 1 10 1 13 2 7 2 11 3 8 3 12 4 9 4 13 5 7 5 10 6 8 6 11
D7_283 14 14 0 9 0 13 1 7 1 10 2 8 2 11 3 9 3 12 4 10 4 13 5 7 5 11 6 8 6 12
D7_284 14 21 0 1 0 6 0 9 1 2 1 10 2 3 2 11 3 4 3 12 4 5 4 13 5 6 5 7 6 8 7 8 7 13 8 9 9 10 10 11 11 12 12 13
D7_285 14 21 0 2 0 5 0 9 1 3 1 6 1 10 2 4 2 11 3 5 3 12 4 6 4 13 5 7 6 8 7 9 7 12 8 10 8 13 9 11 10 12 11 13
D7_286 14 21 0 3 0 4 0 9 1 4 1 5 1 10 2 5 2 6 2 11 3 6 3 12 4 13 5 7 6 8 7 10 7 11 8 11 8 12 9 12 9 13 10 13
D7_290 14 14 0 10 0 11 1 11 1 12 2 12 2 13 3 7 3 13 4 7 4 8 5 8 5 9 6 9 6 10
D7_291 14 14 0 10 0 12 1 11 1 13 2 7 2 12 3 8 3 13 4 7 4 9 5 8 5 10 6 9 6 11
D7_292 14 14 0 10 0 13 1 7 1 11 2 8 2 12 3 9 3 13 4 7 4 10 5 8 5 11 6 9 6 12
D7_293 14 21 0 1 0 6 0 10 1 2 1 11 2 3 2 12 3 4 3 13 4 5 4 7 5 6 5 8 6 9 7 8 7 13 8 9 9 10 10 11 11 12 12 13
D7_294 14 21 0 2 0 5 0 10 1 3 1 6 1 11 2 4 2 12 3 5 3 13 4 6 4 7 5 8 6 9 7 9 7 12 8 10 8 13 9 11 10 12 11 13
D7_295 14 21 0 3 0 4 0 10 1 4 1 5 1 11 2 5 2 6 2 12 3 6 3 13 4 7 5 8 6 9 7 10 7 11 8 11 8 12 9 12 9 13 10 13
D7_299 14 14 0 11 0 12 1 12 1 13 2 7 2 13 3 7 3 8 4 8 4 9 5 9 5 10 6 10 6 11
D7_300 14 14 0 11 0 13 1 7 1 12 2 8 2 13 3 7 3 9 4 8 4 10 5 9 5 11 6 10 6 12
D7_301 14 21 0 1 0 6 0 11 1 2 1 12 2 3 2 13 3 4 3 7 4 5 4 8 5 6 5 9 6 10 7 8 7 13 8 9 9 10 10 11 11 12 12 13
D7_302 14 21 0 2 0 5 0 11 1 3 1 6 1 12 2 4 2 13 3 5 3 7 4 6 4 8 5 9 6 10 7 9 7 12 8 10 8 13 9 11 10 12 11 13
D7_303 14 21 0 3 0 4 0 11 1 4 1 5 1 12 2 5 2 6 2 13 3 6 3 7 4 8 5 9 6 10 7 10 7 11 8 11 8 12 9 12 9 13 10 13
D7_307 14 14 0 12 0 13 1 7 1 13 2 7 2 8 3 8 3 9 4 9 4 10 5 10 5 11 6 11 6 12
D7_308 14 21 0 1 0 6 0 12 1 2 1 13 2 3 2 7 3 4 3 8 4 5 4 9 5 6 5 10 6 11 7 8 7 13 8 9 9 10 10 11 11 12 12 13
D7_309 14 21 0 2 0 5 0 12 1 3 1 6 1 13 2 4 2 7 3 5 3 8 4 6 4 9 5 10 6 11 7 9 7 12 8 10 8 13 9 11 10 12 11 13
D7_310 14 21 0 3 0 4 0 12 1 4 1 5 1 13 2 5 2 6 2 7 3 6 3 8 4 9 5 10 6 11 7 10 7 11 8 11 8 12 9 12 9 13 10 13
D7_314 14 21 0 1 0 6 0 13 1 2 1 7 2 3 2 8 3 4 3 9 4 5 4 10 5 6 5 11 6 12 7 8 7 13 8 9 9 10 10 11 11 12 12 13
D7_315 14 21 0 2 0 5 0 13 1 3 1 6 1 7 2 4 2 8 3 5 3 9 4 6 4 10 5 11 6 12 7 9 7 12 8 10 8 13 9 11 10 12 11 13
D7_316 14 21 0 3 0 4 0 13 1 4 1 5 1 7 2 5 2 6 2 8 3 6 3 9 4 10 5 11 6 12 7 10 7 11 8 11 8 12 9 12 9 13 10 13
D7_323 14 21 0 7 0 8 0 9 1 8 1 9 1 10 2 9 2 10 2 11 3 10 3 11 3 12 4 11 4 12 4 13 5 7 5 12 5 13 6 7 6 8 6 13
D7_324 14 21 0 7 0 8 0 10 1 8 1 9 1 11 2 9 2 10 2 12 3 10 3 11 3 13 4 7 4 11 4 12 5 8 5 12 5 13 6 7 6 9 6 13
D7_325 14 21 0 7 0 8 0 11 1 8 1 9 1 12 2 9 2 10 2 13 3 7 3 10 3 11 4 8 4 11 4 12 5 9 5 12 5 13 6 7 6 10 6 13
D7_326 14 21 0 7 0 8 0 12 1 8 1 9 1 13 2 7 2 9 2 10 3 8 3 10 3 11 4 9 4 11 4 12 5 10 5 12 5 13 6 7 6 11 6 13
D7_327 14 21 0 7 0 8 0 13 1 7 1 8 1 9 2 8 2 9 2 10 3 9 3 10 3 11 4 10 4 11 4 12 5 11 5 12 5 13 6 7 6 12 6 13
D7_328 14 28 0 2 0 5 0 7 0 8 1 3 1 6 1 8 1 9 2 4 2 9 2 10 3 5 3 10 3 11 4 6 4 11 4 12 5 12 5 13 6 7 6 13 7 9 7 12 8 10 8 13 9 11 10 12 11 13
D7_329 14 28 0 3 0 4 0 7 0 8 1 4 1 5 1 8 1 9 2 5 2 6 2 9 2 10 3 6 3 10 3 11 4 11 4 12 5 12 5 13 6 7 6 13 7 10 7 11 8 11 8 12 9 12 9 13 10 13
D7_332 14 21 0 7 0 9 0 10 1 8 1 10 1 11 2 9 2 11 2 12 3 10 3 12 3 13 4 7 4 11 4 13 5 7 5 8 5 12 6 8 6 9 6 13
D7_333 14 21 0 7 0 9 0 11 1 8 1 10 1 12 2 9 2 11 2 13 3 7 3 10 3 12 4 8 4 11 4 13 5 7 5 9 5 12 6 8 6 10 6 13
D7_334 14 21 0 7 0 9 0 12 1 8 1 10 1 13 2 7 2 9 2 11 3 8 3 10 3 12 4 9 4 11 4 13 5 7 5 10 5 12 6 8 6 11 6 13
D7_335 14 21 0 7 0 9 0 13 1 7 1 8 1 10 2 8 2 9 2 11 3 9 3 10 3 12 4 10 4 11 4 13 5 7 5 11 5 12 6 8 6 12 6 13
D7_336 14 28 0 1 0 6 0 7 0 9 1 2 1 8 1 10 2 3 2 9 2 11 3 4 3 10 3 12 4 5 4 11 4 13 5 6 5 7 5 12 6 8 6 13 7 8 7 13 8 9 9 10 10 11 11 12 12 13
D7_337 14 28 0 3 0 4 0 7 0 9 1 4 1 5 1 8 1 10 2 5 2 6 2 9 2 11 3 6 3 10 3 12 4 11 4 13 5 7 5 12 6 8 6 13 7 10 7 11 8 11 8 12 9 12 9 13 10 13
D7_340 14 21 0 7 0 10 0 11 1 8 1 11 1 12 2 9 2 12 2 13 3 7 3 10 3 13 4 7 4 8 4 11 5 8 5 9 5 12 6 9 6 10 6 13
D7_341 14 21 0 7 0 10 0 12 1 8 1 11 1 13 2 7 2 9 2 12 3 8 3 10 3 13 4 7 4 9 4 11 5 8 5 10 5 12 6 9 6 11 6 13
D7_342 14 21 0 7 0 10 0 13 1 7 1 8 1 11 2 8 2 9 2 12 3 9 3 10 3 13 4 7 4 10 4 11 5 8 5 11 5 12 6 9 6 12 6 13
D7_343 14 28 0 1 0 6 0 7 0 10 1 2 1 8 1 11 2 3 2 9 2 12 3 4 3 10 3 13 4 5 4 7 4 11 5 6 5 8 5 12 6 9 6 13 7 8 7 13 8 9 9 10 10 11 11 12 12 13
D7_344 14 28 0 2 0 5 0 7 0 10 1 3 1 6 1 8 1 11 2 4 2 9 2 12 3 5 3 10 3 13 4 6 4 7 4 11 5 8 5 12 6 9 6 13 7 9 7 12 8 10 8 13 9 11 10 12 11 13
D7_347 14 21 0 7 0 11 0 12 1 8 1 12 1 13 2 7 2 9 2 13 3 7 3 8 3 10 4 8 4 9 4 11 5 9 5 10 5 12 6 10 6 11 6 13
D7_348 14 21 0 7 0 11 0 13 1 7 1 8 1 12 2 8 2 9 2 13 3 7 3 9 3 10 4 8 4 10 4 11 5 9 5 11 5 12 6 10 6 12 6 13
D7_349 14 28 0 1 0 6 0 7 0 11 1 2 1 8 1 12 2 3 2 9 2 13 3 4 3 7 3 10 4 5 4 8 4 11 5 6 5 9 5 12 6 10 6 13 7 8 7 13 8 9 9 10 10 11 11 12 12 13
D7_350 14 28 0 2 0 5 0 7 0 11 1 3 1 6 1 8 1 12 2 4 2 9 2 13 3 5 3 7 3 10 4 6 4 8 4 11 5 9 5 12 6 10 6 13 7 9 7 12 8 10 8 13 9 11 10 12 11 13
D7_353 14 21 0 7 0 12 0 13 1 7 1 8 1 13 2 7 2 8 2 9 3 8 3 9 3 10 4 9 4 10 4 11 5 10 5 11 5 12 6 11 6 12 6 13
D7_354 14 28 0 1 0 6 0 7 0 12 1 2 1 8 1 13 2 3 2 7 2 9 3 4 3 8 3 10 4 5 4 9 4 11 5 6 5 10 5 12 6 11 6 13 7 8 7 13 8 9 9 10 10 11 11 12 12 13
D7_355 14 28 0 3 0 4 0 7 0 12 1 4 1 5 1 8 1 13 2 5 2 6 2 7 2 9 3 6 3 8 3 10 4 9 4 11 5 10 5 12 6 11 6 13 7 10 7 11 8 11 8 12 9 12 9 13 10 13
D7_358 14 28 0 2 0 5 0 7 0 13 1 3 1 6 1 7 1 8 2 4 2 8 2 9 3 5 3 9 3 10 4 6 4 10 4 11 5 11 5 12 6 12 6 13 7 9 7 12 8 10 8 13 9 11 10 12 11 13
D7_359 14 28 0 3 0 4 0 7 0 13 1 4 1 5 1 7 1 8 2 5 2 6 2 8 2 9 3 6 3 9 3 10 4 10 4 11 5 11 5 12 6 12 6 13 7 10 7 11 8 11 8 12 9 12 9 13 10 13
D7_365 14 21 0 8 0 9 0 10 1 9 1 10 1 11 2 10 2 11 2 12 3 11 3 12 3 13 4 7 4 12 4 13 5 7 5 8 5 13 6 7 6 8 6 9
D7_366 14 21 0 8 0 9 0 11 1 9 1 10 1 12 2 10 2 11 2 13 3 7 3 11 3 12 4 8 4 12 4 13 5 7 5 9 5 13 6 7 6 8 6 10
D7_367 14 21 0 8 0 9 0 12 1 9 1 10 1 13 2 7 2 10 2 11 3 8 3 11 3 12 4 9 4 12 4 13 5 7 5 10 5 13 6 7 6 8 6 11
D7_368 14 21 0 8 0 9 0 13 1 7 1 9 1 10 2 8 2 10 2 11 3 9 3 11 3 12 4 10 4 12 4 13 5 7 5 11 5 13 6 7 6 8 6 12
D7_369 14 28 0 2 0 5 0 8 0 9 1 3 1 6 1 9 1 10 2 4 2 10 2 11 3 5 3 11 3 12 4 6 4 12 4 13 5 7 5 13 6 7 6 8 7 9 7 12 8 10 8 13 9 11 10 12 11 13
D7_370 14 28 0 3 0 4 0 8 0 9 1 4 1 5 1 9 1 10 2 5 2 6 2 10 2 11 3 6 3 11 3 12 4 12 4 13 5 7 5 13 6 7 6 8 7 10 7 11 8 11 8 12 9 12 9 13 10 13
D7_373 14 21 0 8 0 10 0 11 1 9 1 11 1 12 2 10 2 12 2 13 3 7 3 11 3 13 4 7 4 8 4 12 5 8 5 9 5 13 6 7 6 9 6 10
D7_374 14 21 0 8 0 10 0 12 1 9 1 11 1 13 2 7 2 10 2 12 3 8 3 11 3 13 4 7 4 9 4 12 5 8 5 10 5 13 6 7 6 9 6 11
D7_375 14 21 0 8 0 10 0 13 1 7 1 9 1 11 2 8 2 10 2 12 3 9 3 11 3 13 4 7 4 10 4 12 5 8 5 11 5 13 6 7 6 9 6 12
D7_376 14 28 0 1 0 6 0 8 0 10 1 2 1 9 1 11 2 3 2 10 2 12 3 4 3 11 3 13 4 5 4 7 4 12 5 6 5 8 5 13 6 7 6 9 7 8 7 13 8 9 9 10 10 11 11 12 12 13
D7_377 14 28 0 3 0 4 0 8 0 10 1 4 1 5 1 9 1 11 2 5 2 6 2 10 2 12 3 6 3 11 3 13 4 7 4 12 5 8 5 13 6 7 6 9 7 10 7 11 8 11 8 12 9 12 9 13 10 13
D7_380 14 21 0 8 0 11 0 12 1 9 1 12 1 13 2 7 2 10 2 13 3 7 3 8 3 11 4 8 4 9 4 12 5 9 5 10 5 13 6 7 6 10 6 11
D7_381 14 21 0 8 0 11 0 13 1 7 1 9 1 12 2 8 2 10 2 13 3 7 3 9 3 11 4 8 4 10 4 12 5 9 5 11 5 13 6 7 6 10 6 12
D7_382 14 28 0 1 0 6 0 8 0 11 1 2 1 9 1 12 2 3 2 10 2 13 3 4 3 7 3 11 4 5 4 8 4 12 5 6 5 9 5 13 6 7 6 10 7 8 7 13 8 9 9 10 10 11 11 12 12 13
D7_383 14 28 0 2 0 5 0 8 0 11 1 3 1 6 1 9 1 12 2 4 2 10 2 13 3 5 3 7 3 11 4 6 4 8 4 12 5 9 5 13 6 7 6 10 7 9 7 12 8 10 8 13 9 11 10 12 11 13
D7_386 14 21 0 8 0 12 0 13 1 7 1 9 1 13 2 7 2 8 2 10 3 8 3 9 3 11 4 9 4 10 4 12 5 10 5 11 5 13 6 7 6 11 6 12
D7_387 14 28 0 1 0 6 0 8 0 12 1 2 1 9 1 13 2 3 2 7 2 10 3 4 3 8 3 11 4 5 4 9 4 12 5 6 5 10 5 13 6 7 6 11 7 8 7 13 8 9 9 10 10 11 11 12 12 13
D7_388 14 28 0 2 0 5 0 8 0 12 1 3 1 6 1 9 1 13 2 4 2 7 2 10 3 5 3 8 3 11 4 6 4 9 4 12 5 10 5 13 6 7 6 11 7 9 7 12 8 10 8 13 9 11 10 12 11 13
D7_392 14 28 0 3 0 4 0 8 0 13 1 4 1 5 1 7 1 9 2 5 2 6 2 8 2 10 3 6 3 9 3 11 4 10 4 12 5 11 5 13 6 7 6 12 7 10 7 11 8 11 8 12 9 12 9 13 10 13
D7_398 14 21 0 9 0 10 0 11 1 10 1 11 1 12 2 11 2 12 2 13 3 7 3 12 3 13 4 7 4 8 4 13 5 7 5 8 5 9 6 8 6 9 6 10
D7_399 14 21 0 9 0 10 0 12 1 10 1 11 1 13 2 7 2 11 2 12 3 8 3 12 3 13 4 7 4 9 4 13 5 7 5 8 5 10 6 8 6 9 6 11
D7_400 14 21 0 9 0 10 0 13 1 7 1 10 1 11 2 8 2 11 2 12 3 9 3 12 3 13 4 7 4 10 4 13 5 7 5 8 5 11 6 8 6 9 6 12
D7_401 14 28 0 2 0 5 0 9 0 10 1 3 1 6 1 10 1 11 2 4 2 11 2 12 3 5 3 12 3 13 4 6 4 7 4 13 5 7 5 8 6 8 6 9 7 9 7 12 8 10 8 13 9 11 10 12 11 13
D7_402 14 28 0 3 0 4 0 9 0 10 1 4 1 5 1 10 1 11 2 5 2 6 2 11 2 12 3 6 3 12 3 13 4 7 4 13 5 7 5 8 6 8 6 9 7 10 7 11 8 11 8 12 9 12 9 13 10 13
D7_405 14 21 0 9 0 11 0 12 1 10 1 12 1 13 2 7 2 11 2 13 3 7 3 8 3 12 4 8 4 9 4 13 5 7 5 9 5 10 6 8 6 10 6 11
D7_406 14 21 0 9 0 11 0 13 1 7 1 10 1 12 2 8 2 11 2 13 3 7 3 9 3 12 4 8 4 10 4 13 5 7 5 9 5 11 6 8 6 10 6 12
D7_407 14 28 0 1 0 6 0 9 0 11 1 2 1 10 1 12 2 3 2 11 2 13 3 4 3 7 3 12 4 5 4 8 4 13 5 6 5 7 5 9 6 8 6 10 7 8 7 13 8 9 9 10 10 11 11 12 12 13
D7_408 14 28 0 3 0 4 0 9 0 11 1 4 1 5 1 10 1 12 2 5 2 6 2 11 2 13 3 6 3 7 3 12 4 8 4 13 5 7 5 9 6 8 6 10 7 10 7 11 8 11 8 12 9 12 9 13 10 13
D7_411 14 21 0 9 0 12 0 13 1 7 1 10 1 13 2 7 2 8 2 11 3 8 3 9 3 12 4 9 4 10 4 13 5 7 5 10 5 11 6 8 6 11 6 12
D7_412 14 28 0 1 0 6 0 9 0 12 1 2 1 10 1 13 2 3 2 7 2 11 3 4 3 8 3 12 4 5 4 9 4 13 5 6 5 7 5 10 6 8 6 11 7 8 7 13 8 9 9 10 10 11 11 12 12 13
D7_416 14 28 0 1 0 6 0 9 0 13 1 2 1 7 1 10 2 3 2 8 2 11 3 4 3 9 3 12 4 5 4 10 4 13 5 6 5 7 5 11 6 8 6 12 7 8 7 13 8 9 9 10 10 11 11 12 12 13
D7_417 14 28 0 2 0 5 0 9 0 13 1 3 1 6 1 7 1 10 2 4 2 8 2 11 3 5 3 9 3 12 4 6 4 10 4 13 5 7 5 11 6 8 6 12 7 9 7 12 8 10 8 13 9 11 10 12 11 13
D7_423 14 21 0 10 0 11 0 12 1 11 1 12 1 13 2 7 2 12 2 13 3 7 3 8 3 13 4 7 4 8 4 9 5 8 5 9 5 10 6 9 6 10 6 11
D7_424 14 21 0 10 0 11 0 13 1 7 1 11 1 12 2 8 2 12 2 13 3 7 3 9 3 13 4 7 4 8 4 10 5 8 5 9 5 11 6 9 6 10 6 12
D7_425 14 28 0 2 0 5 0 10 0 11 1 3 1 6 1 11 1 12 2 4 2 12 2 13 3 5 3 7 3 13 4 6 4 7 4 8 5 8 5 9 6 9 6 10 7 9 7 12 8 10 8 13 9 11 10 12 11 13
D7_429 14 21 0 10 0 12 0 13 1 7 1 11 1 13 2 7 2 8 2 12 3 8 3 9 3 13 4 7 4 9 4 10 5 8 5 10 5 11 6 9 6 11 6 12
D7_430 14 28 0 1 0 6 0 10 0 12 1 2 1 11 1 13 2 3 2 7 2 12 3 4 3 8 3 13 4 5 4 7 4 9 5 6 5 8 5 10 6 9 6 11 7 8 7 13 8 9 9 10 10 11 11 12 12 13
D7_431 14 28 0 3 0 4 0 10 0 12 1 4 1 5 1 11 1 13 2 5 2 6 2 7 2 12 3 6 3 8 3 13 4 7 4 9 5 8 5 10 6 9 6 11 7 10 7 11 8 11 8 12 9 12 9 13 10 13
D7_434 14 28 0 1 0 6 0 10 0 13 1 2 1 7 1 11 2 3 2 8 2 12 3 4 3 9 3 13 4 5 4 7 4 10 5 6 5 8 5 11 6 9 6 12 7 8 7 13 8 9 9 10 10 11 11 12 12 13
D7_435 14 28 0 2 0 5 0 10 0 13 1 3 1 6 1 7 1 11 2 4 2 8 2 12 3 5 3 9 3 13 4 6 4 7 4 10 5 8 5 11 6 9 6 12 7 9 7 12 8 10 8 13 9 11 10 12 11 13
D7_441 14 21 0 11 0 12 0 13 1 7 1 12 1 13 2 7 2 8 2 13 3 7 3 8 3 9 4 8 4 9 4 10 5 9 5 10 5 11 6 10 6 11 6 12
D7_442 14 28 0 2 0 5 0 11 0 12 1 3 1 6 1 12 1 13 2 4 2 7 2 13 3 5 3 7 3 8 4 6 4 8 4 9 5 9 5 10 6 10 6 11 7 9 7 12 8 10 8 13 9 11 10 12 11 13
D7_443 14 28 0 3 0 4 0 11 0 12 1 4 1 5 1 12 1 13 2 5 2 6 2 7 2 13 3 6 3 7 3 8 4 8 4 9 5 9 5 10 6 10 6 11 7 10 7 11 8 11 8 12 9 12 9 13 10 13
D7_446 14 28 0 1 0 6 0 11 0 13 1 2 1 7 1 12 2 3 2 8 2 13 3 4 3 7 3 9 4 5 4 8 4 10 5 6 5 9 5 11 6 10 6 12 7 8 7 13 8 9 9 10 10 11 11 12 12 13
D7_447 14 28 0 3 0 4 0 11 0 13 1 4 1 5 1 7 1 12 2 5 2 6 2 8 2 13 3 6 3 7 3 9 4 8 4 10 5 9 5 11 6 10 6 12 7 10 7 11 8 11 8 12 9 12 9 13 10 13
D7_453 14 28 0 2 0 5 0 12 0 13 1 3 1 6 1 7 1 13 2 4 2 7 2 8 3 5 3 8 3 9 4 6 4 9 4 10 5 10 5 11 6 11 6 12 7 9 7 12 8 10 8 13 9 11 10 12 11 13
D7_454 14 28 0 3 0 4 0 12 0 13 1 4 1 5 1 7 1 13 2 5 2 6 2 7 2 8 3 6 3 8 3 9 4 9 4 10 5 10 5 11 6 11 6 12 7 10 7 11 8 11 8 12 9 12 9 13 10 13
D8_464 16 8 0 9 1 10 2 11 3 12 4 13 5 14 6 15 7 8
D8_465 16 8 0 10 1 11 2 12 3 13 4 14 5 15 6 8 7 9
D8_466 16 8 0 11 1 12 2 13 3 14 4 15 5 8 6 9 7 10
D8_467 16 8 0 12 1 13 2 14 3 15 4 8 5 9 6 10 7 11
D8_468 16 8 0 13 1 14 2 15 3 8 4 9 5 10 6 11 7 12
D8_469 16 8 0 14 1 15 2 8 3 9 4 10 5 11 6 12 7 13
D8_470 16 8 0 15 1 8 2 9 3 10 4 11 5 12 6 13 7 14
D8_471 16 16 0 1 0 7 1 2 2 3 3 4 4 5 5 6 6 7 8 9 8 15 9 10 10 11 11 12 12 13 13 14 14 15
D8_472 16 16 0 2 0 6 1 3 1 7 2 4 3 5 4 6 5 7 8 10 8 14 9 11 9 15 10 12 11 13 12 14 13 15
D8_473 16 16 0 3 0 5 1 4 1 6 2 5 2 7 3 6 4 7 8 11 8 13 9 12 9 14 10 13 10 15 11 14 12 15
D8_474 16 8 0 4 1 5 2 6 3 7 8 12 9 13 10 14 11 15
D8_478 16 16 0 8 0 9 1 9 1 10 2 10 2 11 3 11 3 12 4 12 4 13 5 13 5 14 6 14 6 15 7 8 7 15
D8_479 16 16 0 8 0 10 1 9 1 11 2 10 2 12 3 11 3 13 4 12 4 14 5 13 5 15 6 8 6 14 7 9 7 15
D8_480 16 16 0 8 0 11 1 9 1 12 2 10 2 13 3 11 3 14 4 12 4 15 5 8 5 13 6 9 6 14 7 10 7 15
D8_481 16 16 0 8 0 12 1 9 1 13 2 10 2 14 3 11 3 15 4 8 4 12 5 9 5 13 6 10 6 14 7 11 7 15
D8_482 16 16 0 8 0 13 1 9 1 14 2 10 2 15 3 8 3 11 4 9 4 12 5 10 5 13 6 11 6 14 7 12 7 15
D8_483 16 16 0 8 0 14 1 9 1 15 2 8 2 10 3 9 3 11 4 10 4 12 5 11 5 13 6 12 6 14 7 13 7 15
D8_484 16 16 0 8 0 15 1 8 1 9 2 9 2 10 3 10 3 11 4 11 4 12 5 12 5 13 6 13 6 14 7 14 7 15
D8_485 16 24 0 1 0 7 0 8 1 2 1 9 2 3 2 10 3 4 3 11 4 5 4 12 5 6 5 13 6 7 6 14 7 15 8 9 8 15 9 10 10 11 11 12 12 13 13 14 14 15
D8_486 16 24 0 2 0 6 0 8 1 3 1 7 1 9 2 4 2 10 3 5 3 11 4 6 4 12 5 7 5 13 6 14 7 15 8 10 8 14 9 11 9 15 10 12 11 13 12 14 13 15
D8_487 16 24 0 3 0 5 0 8 1 4 1 6 1 9 2 5 2 7 2 10 3 6 3 11 4 7 4 12 5 13 6 14 7 15 8 11 8 13 9 12 9 14 10 13 10 15 11 14 12 15
D8_488 16 16 0 4 0 8 1 5 1 9 2 6 2 10 3 7 3 11 4 12 5 13 6 14 7 15 8 12 9 13 10 14 11 15
D8_492 16 16 0 9 0 10 1 10 1 11 2 11 2 12 3 12 3 13 4 13 4 14 5 14 5 15 6 8 6 15 7 8 7 9
D8_493 16 16 0 9 0 11 1 10 1 12 2 11 2 13 3 12 3 14 4 13 4 15 5 8 5 14 6 9 6 15 7 8 7 10
D8_494 16 16 0 9 0 12 1 10 1 13 2 11 2 14 3 12 3 15 4 8 4 13 5 9 5 14 6 10 6 15 7 8 7 11
D8_495 16 16 0 9 0 13 1 10 1 14 2 11 2 15 3 8 3 12 4 9 4 13 5 10 5 14 6 11 6 15 7 8 7 12
D8_496 16 16 0 9 0 14 1 10 1 15 2 8 2 11 3 9 3 12 4 10 4 13 5 11 5 14 6 12 6 15 7 8 7 13
D8_497 16 16 0 9 0 15 1 8 1 10 2 9 2 11 3 10 3 12 4 11 4 13 5 12 5 14 6 13 6 15 7 8 7 14
D8_498 16 24 0 1 0 7 0 9 1 2 1 10 2 3 2 11 3 4 3 12 4 5 4 13 5 6 5 14 6 7 6 15 7 8 8 9 8 15 9 10 10 11 11 12 12 13 13 14 14 15
D8_499 16 24 0 2 0 6 0 9 1 3 1 7 1 10 2 4 2 11 3 5 3 12 4 6 4 13 5 7 5 14 6 15 7 8 8 10 8 14 9 11 9 15 10 12 11 13 12 14 13 15
D8_500 16 24 0 3 0 5 0 9 1 4 1 6 1 10 2 5 2 7 2 11 3 6 3 12 4 7 4 13 5 14 6 15 7 8 8 11 8 13 9 12 9 14 10 13 10 15 11 14 12 15
D8_501 16 16 0 4 0 9 1 5 1 10 2 6 2 11 3 7 3 12 4 13 5 14 6 15 7 8 8 12 9 13 10 14 11 15
D8_505 16 16 0 10 0 11 1 11 1 12 2 12 2 13 3 13 3 14 4 14 4 15 5 8 5 15 6 8 6 9 7 9 7 10
D8_506 16 16 0 10 0 12 1 11 1 13 2 12 2 14 3 13 3 15 4 8 4 14 5 9 5 15 6 8 6 10 7 9 7 11
D8_507 16 16 0 10 0 13 1 11 1 14 2 12 2 15 3 8 3 13 4 9 4 14 5 10 5 15 6 8 6 11 7 9 7 12
D8_508 16 16 0 10 0 14 1 11 1 15 2 8 2 12 3 9 3 13 4 10 4 14 5 11 5 15 6 8 6 12 7 9 7 13
D8_509 16 16 0 10 0 15 1 8 1 11 2 9 2 12 3 10 3 13 4 11 4 14 5 12 5 15 6 8 6 13 7 9 7 14
D8_510 16 24 0 1 0 7 0 10 1 2 1 11 2 3 2 12 3 4 3 13 4 5 4 14 5 6 5 15 6 7 6 8 7 9 8 9 8 15 9 10 10 11 11 12 12 13 13 14 14 15
D8_511 16 24 0 2 0 6 0 10 1 3 1 7 1 11 2 4 2 12 3 5 3 13 4 6 4 14 5 7 5 15 6 8 7 9 8 10 8 14 9 11 9 15 10 12 11 13 12 14 13 15
D8_512 16 24 0 3 0 5 0 10 1 4 1 6 1 11 2 5 2 7 2 12 3 6 3 13 4 7 4 14 5 15 6 8 7 9 8 11 8 13 9 12 9 14 10 13 10 15 11 14 12 15
D8_513 16 16 0 4 0 10 1 5 1 11 2 6 2 12 3 7 3 13 4 14 5 15 6 8 7 9 8 12 9 13 10 14 11 15
D8_517 16 16 0 11 0 12 1 12 1 13 2 13 2 14 3 14 3 15 4 8 4 15 5 8 5 9 6 9 6 10 7 10 7 11
D8_518 16 16 0 11 0 13 1 12 1 14 2 13 2 15 3 8 3 14 4 9 4 15 5 8 5 10 6 9 6 11 7 10 7 12
D8_519 16 16 0 11 0 14 1 12 1 15 2 8 2 13 3 9 3 14 4 10 4 15 5 8 5 11 6 9 6 12 7 10 7 13
D8_520 16 16 0 11 0 15 1 8 1 12 2 9 2 13 3 10 3 14 4 11 4 15 5 8 5 12 6 9 6 13 7 10 7 14
D8_521 16 24 0 1 0 7 0 11 1 2 1 12 2 3 2 13 3 4 3 14 4 5 4 15 5 6 5 8 6 7 6 9 7 10 8 9 8 15 9 10 10 11 11 12 12 13 13 14 14 15
D8_522 16 24 0 2 0 6 0 11 1 3 1 7 1 12 2 4 2 13 3 5 3 14 4 6 4 15 5 7 5 8 6 9 7 10 8 10 8 14 9 11 9 15 10 12 11 13 12 14 13 15
D8_523 16 24 0 3 0 5 0 11 1 4 1 6 1 12 2 5 2 7 2 13 3 6 3 14 4 7 4 15 5 8 6 9 7 10 8 11 8 13 9 12 9 14 10 13 10 15 11 14 12 15
D8_524 16 16 0 4 0 11 1 5 1 12 2 6 2 13 3 7 3 14 4 15 5 8 6 9 7 10 8 12 9 13 10 14 11 15
D8_528 16 16 0 12 0 13 1 13 1 14 2 14 2 15 3 8 3 15 4 8 4 9 5 9 5 10 6 10 6 11 7 11 7 12
D8_529 16 16 0 12 0 14 1 13 1 15 2 8 2 14 3 9 3 15 4 8 4 10 5 9 5 11 6 10 6 12 7 11 7 13
D8_530 16 16 0 12 0 15 1 8 1 13 2 9 2 14 3 10 3 15 4 8 4 11 5 9 5 12 6 10 6 13 7 11 7 14
D8_531 16 24 0 1 0 7 0 12 1 2 1 13 2 3 2 14 3 4 3 15 4 5 4 8 5 6 5 9 6 7 6 10 7 11 8 9 8 15 9 10 10 11 11 12 12 13 13 14 14 15
D8_532 16 24 0 2 0 6 0 12 1 3 1 7 1 13 2 4 2 14 3 5 3 15 4 6 4 8 5 7 5 9 6 10 7 11 8 10 8 14 9 11 9 15 10 12 11 13 12 14 13 15
D8_533 16 24 0 3 0 5 0 12 1 4 1 6 1 13 2 5 2 7 2 14 3 6 3 15 4 7 4 8 5 9 6 10 7 11 8 11 8 13 9 12 9 14 10 13 10 15 11 14 12 15
D8_538 16 16 0 13 0 14 1 14 1 15 2 8 2 15 3 8 3 9 4 9 4 10 5 10 5 11 6 11 6 12 7 12 7 13
D8_539 16 16 0 13 0 15 1 8 1 14 2 9 2 15 3 8 3 10 4 9 4 11 5 10 5 12 6 11 6 13 7 12 7 14
D8_540 16 24 0 1 0 7 0 13 1 2 1 14 2 3 2 15 3 4 3 8 4 5 4 9 5 6 5 10 6 7 6 11 7 12 8 9 8 15 9 10 10 11 11 12 12 13 13 14 14 15
D8_541 16 24 0 2 0 6 0 13 1 3 1 7 1 14 2 4 2 15 3 5 3 8 4 6 4 9 5 7 5 10 6 11 7 12 8 10 8 14 9 11 9 15 10 12 11 13 12 14 13 15
D8_542 16 24 0 3 0 5 0 13 1 4 1 6 1 14 2 5 2 7 2 15 3 6 3 8 4 7 4 9 5 10 6 11 7 12 8 11 8 13 9 12 9 14 10 13 10 15 11 14 12 15
D8_543 16 16 0 4 0 13 1 5 1 14 2 6 2 15 3 7 3 8 4 9 5 10 6 11 7 12 8 12 9 13 10 14 11 15
D8_547 16 16 0 14 0 15 1 8 1 15 2 8 2 9 3 9 3 10 4 10 4 11 5 11 5 12 6 12 6 13 7 13 7 14
D8_548 16 24 0 1 0 7 0 14 1 2 1 15 2 3 2 8 3 4 3 9 4 5 4 10 5 6 5 11 6 7 6 12 7 13 8 9 8 15 9 10 10 11 11 12 12 13 13 14 14 15
D8_549 16 24 0 2 0 6 0 14 1 3 1 7 1 15 2 4 2 8 3 5 3 9 4 6 4 10 5 7 5 11 6 12 7 13 8 10 8 14 9 11 9 15 10 12 11 13 12 14 13 15
D8_550 16 24 0 3 0 5 0 14 1 4 1 6 1 15 2 5 2 7 2 8 3 6 3 9 4 7 4 10 5 11 6 12 7 13 8 11 8 13 9 12 9 14 10 13 10 15 11 14 12 15
D8_551 16 16 0 4 0 14 1 5 1 15 2 6 2 8 3 7 3 9 4 10 5 11 6 12 7 13 8 12 9 13 10 14 11 15
D8_555 16 24 0 1 0 7 0 15 1 2 1 8 2 3 2 9 3 4 3 10 4 5 4 11 5 6 5 12 6 7 6 13 7 14 8 9 8 15 9 10 10 11 11 12 12 13 13 14 14 15
D8_556 16 24 0 2 0 6 0 15 1 3 1 7 1 8 2 4 2 9 3 5 3 10 4 6 4 11 5 7 5 12 6 13 7 14 8 10 8 14 9 11 9 15 10 12 11 13 12 14 13 15
D8_557 16 24 0 3 0 5 0 15 1 4 1 6 1 8 2 5 2 7 2 9 3 6 3 10 4 7 4 11 5 12 6 13 7 14 8 11 8 13 9 12 9 14 10 13 10 15 11 14 12 15
D8_558 16 16 0 4 0 15 1 5 1 8 2 6 2 9 3 7 3 10 4 11 5 12 6 13 7 14 8 12 9 13 10 14 11 15
D8_562 16 32 0 1 0 3 0 5 0 7 1 2 1 4 1 6 2 3 2 5 2 7 3 4 3 6 4 5 4 7 5 6 6 7 8 9 8 11 8 13 8 15 9 10 9 12 9 14 10 11 10 13 10 15 11 12 11 14 12 13 12 15 13 14 14 15
D8_563 16 24 0 1 0 4 0 7 1 2 1 5 2 3 2 6 3 4 3 7 4 5 5 6 6 7 8 9 8 12 8 15 9 10 9 13 10 11 10 14 11 12 11 15 12 13 13 14 14 15
D8_567 16 24 0 3 0 4 0 5 1 4 1 5 1 6 2 5 2 6 2 7 3 6 3 7 4 7 8 11 8 12 8 13 9 12 9 13 9 14 10 13 10 14 10 15 11 14 11 15 12 15
D8_573 16 24 0 8 0 9 0 10 1 9 1 10 1 11 2 10 2 11 2 12 3 11 3 12 3 13 4 12 4 13 4 14 5 13 5 14 5 15 6 8 6 14 6 15 7 8 7 9 7 15
D8_574 16 24 0 8 0 9 0 11 1 9 1 10 1 12 2 10 2 11 2 13 3 11 3 12 3 14 4 12 4 13 4 15 5 8 5 13 5 14 6 9 6 14 6 15 7 8 7 10 7 15
D8_575 16 24 0 8 0 9 0 12 1 9 1 10 1 13 2 10 2 11 2 14 3 11 3 12 3 15 4 8 4 12 4 13 5 9 5 13 5 14 6 10 6 14 6 15 7 8 7 11 7 15
D8_576 16 24 0 8 0 9 0 13 1 9 1 10 1 14 2 10 2 11 2 15 3 8 3 11 3 12 4 9 4 12 4 13 5 10 5 13 5 14 6 11 6 14 6 15 7 8 7 12 7 15
D8_577 16 24 0 8 0 9 0 14 1 9 1 10 1 15 2 8 2 10 2 11 3 9 3 11 3 12 4 10 4 12 4 13 5 11 5 13 5 14 6 12 6 14 6 15 7 8 7 13 7 15
D8_578 16 24 0 8 0 9 0 15 1 8 1 9 1 10 2 9 2 10 2 11 3 10 3 11 3 12 4 11 4 12 4 13 5 12 5 13 5 14 6 13 6 14 6 15 7 8 7 14 7 15
D8_579 16 32 0 2 0 6 0 8 0 9 1 3 1 7 1 9 1 10 2 4 2 10 2 11 3 5 3 11 3 12 4 6 4 12 4 13 5 7 5 13 5 14 6 14 6 15 7 8 7 15 8 10 8 14 9 11 9 15 10 12 11 13 12 14 13 15
D8_580 16 32 0 3 0 5 0 8 0 9 1 4 1 6 1 9 1 10 2 5 2 7 2 10 2 11 3 6 3 11 3 12 4 7 4 12 4 13 5 13 5 14 6 14 6 15 7 8 7 15 8 11 8 13 9 12 9 14 10 13 10 15 11 14 12 15
D8_581 16 24 0 4 0 8 0 9 1 5 1 9 1 10 2 6 2 10 2 11 3 7 3 11 3 12 4 12 4 13 5 13 5 14 6 14 6 15 7 8 7 15 8 12 9 13 10 14 11 15
D8_584 16 24 0 8 0 10 0 11 1 9 1 11 1 12 2 10 2 12 2 13 3 11 3 13 3 14 4 12 4 14 4 15 5 8 5 13 5 15 6 8 6 9 6 14 7 9 7 10 7 15
D8_585 16 24 0 8 0 10 0 12 1 9 1 11 1 13 2 10 2 12 2 14 3 11 3 13 3 15 4 8 4 12 4 14 5 9 5 13 5 15 6 8 6 10 6 14 7 9 7 11 7 15
D8_586 16 24 0 8 0 10 0 13 1 9 1 11 1 14 2 10 2 12 2 15 3 8 3 11 3 13 4 9 4 12 4 14 5 10 5 13 5 15 6 8 6 11 6 14 7 9 7 12 7 15
D8_587 16 24 0 8 0 10 0 14 1 9 1 11 1 15 2 8 2 10 2 12 3 9 3 11 3 13 4 10 4 12 4 14 5 11 5 13 5 15 6 8 6 12 6 14 7 9 7 13 7 15
D8_588 16 24 0 8 0 10 0 15 1 8 1 9 1 11 2 9 2 10 2 12 3 10 3 11 3 13 4 11 4 12 4 14 5 12 5 13 5 15 6 8 6 13 6 14 7 9 7 14 7 15
D8_589 16 32 0 1 0 7 0 8 0 10 1 2 1 9 1 11 2 3 2 10 2 12 3 4 3 11 3 13 4 5 4 12 4 14 5 6 5 13 5 15 6 7 6 8 6 14 7 9 7 15 8 9 8 15 9 10 10 11 11 12 12 13 13 14 14 15
D8_590 16 32 0 3 0 5 0 8 0 10 1 4 1 6 1 9 1 11 2 5 2 7 2 10 2 12 3 6 3 11 3 13 4 7 4 12 4 14 5 13 5 15 6 8 6 14 7 9 7 15 8 11 8 13 9 12 9 14 10 13 10 15 11 14 12 15
D8_591 16 24 0 4 0 8 0 10 1 5 1 9 1 11 2 6 2 10 2 12 3 7 3 11 3 13 4 12 4 14 5 13 5 15 6 8 6 14 7 9 7 15 8 12 9 13 10 14 11 15
D8_594 16 24 0 8 0 11 0 12 1 9 1 12 1 13 2 10 2 13 2 14 3 11 3 14 3 15 4 8 4 12 4 15 5 8 5 9 5 13 6 9 6 10 6 14 7 10 7 11 7 15
D8_595 16 24 0 8 0 11 0 13 1 9 1 12 1 14 2 10 2 13 2 15 3 8 3 11 3 14 4 9 4 12 4 15 5 8 5 10 5 13 6 9 6 11 6 14 7 10 7 12 7 15
D8_596 16 24 0 8 0 11 0 14 1 9 1 12 1 15 2 8 2 10 2 13 3 9 3 11 3 14 4 10 4 12 4 15 5 8 5 11 5 13 6 9 6 12 6 14 7 10 7 13 7 15
D8_597 16 24 0 8 0 11 0 15 1 8 1 9 1 12 2 9 2 10 2 13 3 10 3 11 3 14 4 11 4 12 4 15 5 8 5 12 5 13 6 9 6 13 6 14 7 10 7 14 7 15
D8_598 16 32 0 1 0 7 0 8 0 11 1 2 1 9 1 12 2 3 2 10 2 13 3 4 3 11 3 14 4 5 4 12 4 15 5 6 5 8 5 13 6 7 6 9 6 14 7 10 7 15 8 9 8 15 9 10 10 11 11 12 12 13 13 14 14 15
D8_599 16 32 0 2 0 6 0 8 0 11 1 3 1 7 1 9 1 12 2 4 2 10 2 13 3 5 3 11 3 14 4 6 4 12 4 15 5 7 5 8 5 13 6 9 6 14 7 10 7 15 8 10 8 14 9 11 9 15 10 12 11 13 12 14 13 15
D8_600 16 24 0 4 0 8 0 11 1 5 1 9 1 12 2 6 2 10 2 13 3 7 3 11 3 14 4 12 4 15 5 8 5 13 6 9 6 14 7 10 7 15 8 12 9 13 10 14 11 15
D8_603 16 24 0 8 0 12 0 13 1 9 1 13 1 14 2 10 2 14 2 15 3 8 3 11 3 15 4 8 4 9 4 12 5 9 5 10 5 13 6 10 6 11 6 14 7 11 7 12 7 15
D8_604 16 24 0 8 0 12 0 14 1 9 1 13 1 15 2 8 2 10 2 14 3 9 3 11 3 15 4 8 4 10 4 12 5 9 5 11 5 13 6 10 6 12 6 14 7 11 7 13 7 15
D8_605 16 24 0 8 0 12 0 15 1 8 1 9 1 13 2 9 2 10 2 14 3 10 3 11 3 15 4 8 4 11 4 12 5 9 5 12 5 13 6 10 6 13 6 14 7 11 7 14 7 15
D8_606 16 32 0 1 0 7 0 8 0 12 1 2 1 9 1 13 2 3 2 10 2 14 3 4 3 11 3 15 4 5 4 8 4 12 5 6 5 9 5 13 6 7 6 10 6 14 7 11 7 15 8 9 8 15 9 10 10 11 11 12 12 13 13 14 14 15
D8_607 16 32 0 2 0 6 0 8 0 12 1 3 1 7 1 9 1 13 2 4 2 10 2 14 3 5 3 11 3 15 4 6 4 8 4 12 5 7 5 9 5 13 6 10 6 14 7 11 7 15 8 10 8 14 9 11 9 15 10 12 11 13 12 14 13 15
D8_608 16 32 0 3 0 5 0 8 0 12 1 4 1 6 1 9 1 13 2 5 2 7 2 10 2 14 3 6 3 11 3 15 4 7 4 8 4 12 5 9 5 13 6 10 6 14 7 11 7 15 8 11 8 13 9 12 9 14 10 13 10 15 11 14 12 15
D8_612 16 24 0 8 0 13 0 14 1 9 1 14 1 15 2 8 2 10 2 15 3 8 3 9 3 11 4 9 4 10 4 12 5 10 5 11 5 13 6 11 6 12 6 14 7 12 7 13 7 15
D8_613 16 24 0 8 0 13 0 15 1 8 1 9 1 14 2 9 2 10 2 15 3 8 3 10 3 11 4 9 4 11 4 12 5 10 5 12 5 13 6 11 6 13 6 14 7 12 7 14 7 15
D8_614 16 32 0 1 0 7 0 8 0 13 1 2 1 9 1 14 2 3 2 10 2 15 3 4 3 8 3 11 4 5 4 9 4 12 5 6 5 10 5 13 6 7 6 11 6 14 7 12 7 15 8 9 8 15 9 10 10 11 11 12 12 13 13 14 14 15
D8_615 16 32 0 2 0 6 0 8 0 13 1 3 1 7 1 9 1 14 2 4 2 10 2 15 3 5 3 8 3 11 4 6 4 9 4 12 5 7 5 10 5 13 6 11 6 14 7 12 7 15 8 10 8 14 9 11 9 15 10 12 11 13 12 14 13 15
D8_616 16 24 0 4 0 8 0 13 1 5 1 9 1 14 2 6 2 10 2 15 3 7 3 8 3 11 4 9 4 12 5 10 5 13 6 11 6 14 7 12 7 15 8 12 9 13 10 14 11 15
D8_619 16 24 0 8 0 14 0 15 1 8 1 9 1 15 2 8 2 9 2 10 3 9 3 10 3 11 4 10 4 11 4 12 5 11 5 12 5 13 6 12 6 13 6 14 7 13 7 14 7 15
D8_620 16 32 0 1 0 7 0 8 0 14 1 2 1 9 1 15 2 3 2 8 2 10 3 4 3 9 3 11 4 5 4 10 4 12 5 6 5 11 5 13 6 7 6 12 6 14 7 13 7 15 8 9 8 15 9 10 10 11 11 12 12 13 13 14 14 15
D8_621 16 32 0 3 0 5 0 8 0 14 1 4 1 6 1 9 1 15 2 5 2 7 2 8 2 10 3 6 3 9 3 11 4 7 4 10 4 12 5 11 5 13 6 12 6 14 7 13 7 15 8 11 8 13 9 12 9 14 10 13 10 15 11 14 12 15
D8_622 16 24 0 4 0 8 0 14 1 5 1 9 1 15 2 6 2 8 2 10 3 7 3 9 3 11 4 10 4 12 5 11 5 13 6 12 6 14 7 13 7 15 8 12 9 13 10 14 11 15
D8_625 16 32 0 2 0 6 0 8 0 15 1 3 1 7 1 8 1 9 2 4 2 9 2 10 3 5 3 10 3 11 4 6 4 11 4 12 5 7 5 12 5 13 6 13 6 14 7 14 7 15 8 10 8 14 9 11 9 15 10 12 11 13 12 14 13 15
D8_626 16 32 0 3 0 5 0 8 0 15 1 4 1 6 1 8 1 9 2 5 2 7 2 9 2 10 3 6 3 10 3 11 4 7 4 11 4 12 5 12 5 13 6 13 6 14 7 14 7 15 8 11 8 13 9 12 9 14 10 13 10 15 11 14 12 15
D8_627 16 24 0 4 0 8 0 15 1 5 1 8 1 9 2 6 2 9 2 10 3 7 3 10 3 11 4 11 4 12 5 12 5 13 6 13 6 14 7 14 7 15 8 12 9 13 10 14 11 15
D8_630 16 40 0 1 0 3 0 5 0 7 0 8 1 2 1 4 1 6 1 9 2 3 2 5 2 7 2 10 3 4 3 6 3 11 4 5 4 7 4 12 5 6 5 13 6 7 6 14 7 15 8 9 8 11 8 13 8 15 9 10 9 12 9 14 10 11 10 13 10 15 11 12 11 14 12 13 12 15 13 14 14 15
D8_631 16 32 0 1 0 4 0 7 0 8 1 2 1 5 1 9 2 3 2 6 2 10 3 4 3 7 3 11 4 5 4 12 5 6 5 13 6 7 6 14 7 15 8 9 8 12 8 15 9 10 9 13 10 11 10 14 11 12 11 15 12 13 13 14 14 15
D8_635 16 32 0 3 0 4 0 5 0 8 1 4 1 5 1 6 1 9 2 5 2 6 2 7 2 10 3 6 3 7 3 11 4 7 4 12 5 13 6 14 7 15 8 11 8 12 8 13 9 12 9 13 9 14 10 13 10 14 10 15 11 14 11 15 12 15
D8_641 16 24 0 9 0 10 0 11 1 10 1 11 1 12 2 11 2 12 2 13 3 12 3 13 3 14 4 13 4 14 4 15 5 8 5 14 5 15 6 8 6 9 6 15 7 8 7 9 7 10
D8_642 16 24 0 9 0 10 0 12 1 10 1 11 1 13 2 11 2 12 2 14 3 12 3 13 3 15 4 8 4 13 4 14 5 9 5 14 5 15 6 8 6 10 6 15 7 8 7 9 7 11
D8_643 16 24 0 9 0 10 0 13 1 10 1 11 1 14 2 11 2 12 2 15 3 8 3 12 3 13 4 9 4 13 4 14 5 10 5 14 5 15 6 8 6 11 6 15 7 8 7 9 7 12
D8_644 16 24 0 9 0 10 0 14 1 10 1 11 1 15 2 8 2 11 2 12 3 9 3 12 3 13 4 10 4 13 4 14 5 11 5 14 5 15 6 8 6 12 6 15 7 8 7 9 7 13
D8_645 16 24 0 9 0 10 0 15 1 8 1 10 1 11 2 9 2 11 2 12 3 10 3 12 3 13 4 11 4 13 4 14 5 12 5 14 5 15 6 8 6 13 6 15 7 8 7 9 7 14
D8_646 16 32 0 2 0 6 0 9 0 10 1 3 1 7 1 10 1 11 2 4 2 11 2 12 3 5 3 12 3 13 4 6 4 13 4 14 5 7 5 14 5 15 6 8 6 15 7 8 7 9 8 10 8 14 9 11 9 15 10 12 11 13 12 14 13 15
D8_647 16 32 0 3 0 5 0 9 0 10 1 4 1 6 1 10 1 11 2 5 2 7 2 11 2 12 3 6 3 12 3 13 4 7 4 13 4 14 5 14 5 15 6 8 6 15 7 8 7 9 8 11 8 13 9 12 9 14 10 13 10 15 11 14 12 15
D8_648 16 24 0 4 0 9 0 10 1 5 1 10 1 11 2 6 2 11 2 12 3 7 3 12 3 13 4 13 4 14 5 14 5 15 6 8 6 15 7 8 7 9 8 12 9 13 10 14 11 15
D8_651 16 24 0 9 0 11 0 12 1 10 1 12 1 13 2 11 2 13 2 14 3 12 3 14 3 15 4 8 4 13 4 15 5 8 5 9 5 14 6 9 6 10 6 15 7 8 7 10 7 11
D8_652 16 24 0 9 0 11 0 13 1 10 1 12 1 14 2 11 2 13 2 15 3 8 3 12 3 14 4 9 4 13 4 15 5 8 5 10 5 14 6 9 6 11 6 15 7 8 7 10 7 12
D8_653 16 24 0 9 0 11 0 14 1 10 1 12 1 15 2 8 2 11 2 13 3 9 3 12 3 14 4 10 4 13 4 15 5 8 5 11 5 14 6 9 6 12 6 15 7 8 7 10 7 13
D8_654 16 24 0 9 0 11 0 15 1 8 1 10 1 12 2 9 2 11 2 13 3 10 3 12 3 14 4 11 4 13 4 15 5 8 5 12 5 14 6 9 6 13 6 15 7 8 7 10 7 14
D8_655 16 32 0 1 0 7 0 9 0 11 1 2 1 10 1 12 2 3 2 11 2 13 3 4 3 12 3 14 4 5 4 13 4 15 5 6 5 8 5 14 6 7 6 9 6 15 7 8 7 10 8 9 8 15 9 10 10 11 11 12 12 13 13 14 14 15
D8_656 16 32 0 3 0 5 0 9 0 11 1 4 1 6 1 10 1 12 2 5 2 7 2 11 2 13 3 6 3 12 3 14 4 7 4 13 4 15 5 8 5 14 6 9 6 15 7 8 7 10 8 11 8 13 9 12 9 14 10 13 10 15 11 14 12 15
D8_657 16 24 0 4 0 9 0 11 1 5 1 10 1 12 2 6 2 11 2 13 3 7 3 12 3 14 4 13 4 15 5 8 5 14 6 9 6 15 7 8 7 10 8 12 9 13 10 14 11 15
D8_660 16 24 0 9 0 12 0 13 1 10 1 13 1 14 2 11 2 14 2 15 3 8 3 12 3 15 4 8 4 9 4 13 5 9 5 10 5 14 6 10 6 11 6 15 7 8 7 11 7 12
D8_661 16 24 0 9 0 12 0 14 1 10 1 13 1 15 2 8 2 11 2 14 3 9 3 12 3 15 4 8 4 10 4 13 5 9 5 11 5 14 6 10 6 12 6 15 7 8 7 11 7 13
D8_662 16 24 0 9 0 12 0 15 1 8 1 10 1 13 2 9 2 11 2 14 3 10 3 12 3 15 4 8 4 11 4 13 5 9 5 12 5 14 6 10 6 13 6 15 7 8 7 11 7 14
D8_663 16 32 0 1 0 7 0 9 0 12 1 2 1 10 1 13 2 3 2 11 2 14 3 4 3 12 3 15 4 5 4 8 4 13 5 6 5 9 5 14 6 7 6 10 6 15 7 8 7 11 8 9 8 15 9 10 10 11 11 12 12 13 13 14 14 15
D8_664 16 32 0 2 0 6 0 9 0 12 1 3 1 7 1 10 1 13 2 4 2 11 2 14 3 5 3 12 3 15 4 6 4 8 4 13 5 7 5 9 5 14 6 10 6 15 7 8 7 11 8 10 8 14 9 11 9 15 10 12 11 13 12 14 13 15
D8_665 16 24 0 4 0 9 0 12 1 5 1 10 1 13 2 6 2 11 2 14 3 7 3 12 3 15 4 8 4 13 5 9 5 14 6 10 6 15 7 8 7 11 8 12 9 13 10 14 11 15
D8_668 16 24 0 9 0 13 0 14 1 10 1 14 1 15 2 8 2 11 2 15 3 8 3 9 3 12 4 9 4 10 4 13 5 10 5 11 5 14 6 11 6 12 6 15 7 8 7 12 7 13
D8_669 16 24 0 9 0 13 0 15 1 8 1 10 1 14 2 9 2 11 2 15 3 8 3 10 3 12 4 9 4 11 4 13 5 10 5 12 5 14 6 11 6 13 6 15 7 8 7 12 7 14
D8_670 16 32 0 1 0 7 0 9 0 13 1 2 1 10 1 14 2 3 2 11 2 15 3 4 3 8 3 12 4 5 4 9 4 13 5 6 5 10 5 14 6 7 6 11 6 15 7 8 7 12 8 9 8 15 9 10 10 11 11 12 12 13 13 14 14 15
D8_671 16 32 0 2 0 6 0 9 0 13 1 3 1 7 1 10 1 14 2 4 2 11 2 15 3 5 3 8 3 12 4 6 4 9 4 13 5 7 5 10 5 14 6 11 6 15 7 8 7 12 8 10 8 14 9 11 9 15 10 12 11 13 12 14 13 15
D8_672 16 32 0 3 0 5 0 9 0 13 1 4 1 6 1 10 1 14 2 5 2 7 2 11 2 15 3 6 3 8 3 12 4 7 4 9 4 13 5 10 5 14 6 11 6 15 7 8 7 12 8 11 8 13 9 12 9 14 10 13 10 15 11 14 12 15
D8_676 16 24 0 9 0 14 0 15 1 8 1 10 1 15 2 8 2 9 2 11 3 9 3 10 3 12 4 10 4 11 4 13 5 11 5 12 5 14 6 12 6 13 6 15 7 8 7 13 7 14
D8_677 16 32 0 1 0 7 0 9 0 14 1 2 1 10 1 15 2 3 2 8 2 11 3 4 3 9 3 12 4 5 4 10 4 13 5 6 5 11 5 14 6 7 6 12 6 15 7 8 7 13 8 9 8 15 9 10 10 11 11 12 12 13 13 14 14 15
D8_678 16 32 0 2 0 6 0 9 0 14 1 3 1 7 1 10 1 15 2 4 2 8 2 11 3 5 3 9 3 12 4 6 4 10 4 13 5 7 5 11 5 14 6 12 6 15 7 8 7 13 8 10 8 14 9 11 9 15 10 12 11 13 12 14 13 15
D8_679 16 24 0 4 0 9 0 14 1 5 1 10 1 15 2 6 2 8 2 11 3 7 3 9 3 12 4 10 4 13 5 11 5 14 6 12 6 15 7 8 7 13 8 12 9 13 10 14 11 15
D8_683 16 32 0 3 0 5 0 9 0 15 1 4 1 6 1 8 1 10 2 5 2 7 2 9 2 11 3 6 3 10 3 12 4 7 4 11 4 13 5 12 5 14 6 13 6 15 7 8 7 14 8 11 8 13 9 12 9 14 10 13 10 15 11 14 12 15
D8_684 16 24 0 4 0 9 0 15 1 5 1 8 1 10 2 6 2 9 2 11 3 7 3 10 3 12 4 11 4 13 5 12 5 14 6 13 6 15 7 8 7 14 8 12 9 13 10 14 11 15
D8_687 16 40 0 1 0 3 0 5 0 7 0 9 1 2 1 4 1 6 1 10 2 3 2 5 2 7 2 11 3 4 3 6 3 12 4 5 4 7 4 13 5 6 5 14 6 7 6 15 7 8 8 9 8 11 8 13 8 15 9 10 9 12 9 14 10 11 10 13 10 15 11 12 11 14 12 13 12 15 13 14 14 15
D8_688 16 32 0 1 0 4 0 7 0 9 1 2 1 5 1 10 2 3 2 6 2 11 3 4 3 7 3 12 4 5 4 13 5 6 5 14 6 7 6 15 7 8 8 9 8 12 8 15 9 10 9 13 10 11 10 14 11 12 11 15 12 13 13 14 14 15
D8_692 16 32 0 3 0 4 0 5 0 9 1 4 1 5 1 6 1 10 2 5 2 6 2 7 2 11 3 6 3 7 3 12 4 7 4 13 5 14 6 15 7 8 8 11 8 12 8 13 9 12 9 13 9 14 10 13 10 14 10 15 11 14 11 15 12 15
D8_698 16 24 0 10 0 11 0 12 1 11 1 12 1 13 2 12 2 13 2 14 3 13 3 14 3 15 4 8 4 14 4 15 5 8 5 9 5 15 6 8 6 9 6 10 7 9 7 10 7 11
D8_699 16 24 0 10 0 11 0 13 1 11 1 12 1 14 2 12 2 13 2 15 3 8 3 13 3 14 4 9 4 14 4 15 5 8 5 10 5 15 6 8 6 9 6 11 7 9 7 10 7 12
D8_700 16 24 0 10 0 11 0 14 1 11 1 12 1 15 2 8 2 12 2 13 3 9 3 13 3 14 4 10 4 14 4 15 5 8 5 11 5 15 6 8 6 9 6 12 7 9 7 10 7 13
D8_701 16 24 0 10 0 11 0 15 1 8 1 11 1 12 2 9 2 12 2 13 3 10 3 13 3 14 4 11 4 14 4 15 5 8 5 12 5 15 6 8 6 9 6 13 7 9 7 10 7 14
D8_702 16 32 0 2 0 6 0 10 0 11 1 3 1 7 1 11 1 12 2 4 2 12 2 13 3 5 3 13 3 14 4 6 4 14 4 15 5 7 5 8 5 15 6 8 6 9 7 9 7 10 8 10 8 14 9 11 9 15 10 12 11 13 12 14 13 15
D8_703 16 32 0 3 0 5 0 10 0 11 1 4 1 6 1 11 1 12 2 5 2 7 2 12 2 13 3 6 3 13 3 14 4 7 4 14 4 15 5 8 5 15 6 8 6 9 7 9 7 10 8 11 8 13 9 12 9 14 10 13 10 15 11 14 12 15
D8_704 16 24 0 4 0 10 0 11 1 5 1 11 1 12 2 6 2 12 2 13 3 7 3 13 3 14 4 14 4 15 5 8 5 15 6 8 6 9 7 9 7 10 8 12 9 13 10 14 11 15
D8_707 16 24 0 10 0 12 0 13 1 11 1 13 1 14 2 12 2 14 2 15 3 8 3 13 3 15 4 8 4 9 4 14 5 9 5 10 5 15 6 8 6 10 6 11 7 9 7 11 7 12
D8_708 16 24 0 10 0 12 0 14 1 11 1 13 1 15 2 8 2 12 2 14 3 9 3 13 3 15 4 8 4 10 4 14 5 9 5 11 5 15 6 8 6 10 6 12 7 9 7 11 7 13
D8_709 16 24 0 10 0 12 0 15 1 8 1 11 1 13 2 9 2 12 2 14 3 10 3 13 3 15 4 8 4 11 4 14 5 9 5 12 5 15 6 8 6 10 6 13 7 9 7 11 7 14
D8_710 16 32 0 1 0 7 0 10 0 12 1 2 1 11 1 13 2 3 2 12 2 14 3 4 3 13 3 15 4 5 4 8 4 14 5 6 5 9 5 15 6 7 6 8 6 10 7 9 7 11 8 9 8 15 9 10 10 11 11 12 12 13 13 14 14 15
D8_711 16 32 0 3 0 5 0 10 0 12 1 4 1 6 1 11 1 13 2 5 2 7 2 12 2 14 3 6 3 13 3 15 4 7 4 8 4 14 5 9 5 15 6 8 6 10 7 9 7 11 8 11 8 13 9 12 9 14 10 13 10 15 11 14 12 15
D8_712 16 24 0 4 0 10 0 12 1 5 1 11 1 13 2 6 2 12 2 14 3 7 3 13 3 15 4 8 4 14 5 9 5 15 6 8 6 10 7 9 7 11 8 12 9 13 10 14 11 15
D8_715 16 24 0 10 0 13 0 14 1 11 1 14 1 15 2 8 2 12 2 15 3 8 3 9 3 13 4 9 4 10 4 14 5 10 5 11 5 15 6 8 6 11 6 12 7 9 7 12 7 13
D8_716 16 24 0 10 0 13 0 15 1 8 1 11 1 14 2 9 2 12 2 15 3 8 3 10 3 13 4 9 4 11 4 14 5 10 5 12 5 15 6 8 6 11 6 13 7 9 7 12 7 14
D8_717 16 32 0 1 0 7 0 10 0 13 1 2 1 11 1 14 2 3 2 12 2 15 3 4 3 8 3 13 4 5 4 9 4 14 5 6 5 10 5 15 6 7 6 8 6 11 7 9 7 12 8 9 8 15 9 10 10 11 11 12 12 13 13 14 14 15
D8_718 16 32 0 2 0 6 0 10 0 13 1 3 1 7 1 11 1 14 2 4 2 12 2 15 3 5 3 8 3 13 4 6 4 9 4 14 5 7 5 10 5 15 6 8 6 11 7 9 7 12 8 10 8 14 9 11 9 15 10 12 11 13 12 14 13 15
D8_719 16 24 0 4 0 10 0 13 1 5 1 11 1 14 2 6 2 12 2 15 3 7 3 8 3 13 4 9 4 14 5 10 5 15 6 8 6 11 7 9 7 12 8 12 9 13 10 14 11 15
D8_722 16 24 0 10 0 14 0 15 1 8 1 11 1 15 2 8 2 9 2 12 3 9 3 10 3 13 4 10 4 11 4 14 5 11 5 12 5 15 6 8 6 12 6 13 7 9 7 13 7 14
D8_723 16 32 0 1 0 7 0 10 0 14 1 2 1 11 1 15 2 3 2 8 2 12 3 4 3 9 3 13 4 5 4 10 4 14 5 6 5 11 5 15 6 7 6 8 6 12 7 9 7 13 8 9 8 15 9 10 10 11 11 12 12 13 13 14 14 15
D8_725 16 32 0 3 0 5 0 10 0 14 1 4 1 6 1 11 1 15 2 5 2 7 2 8 2 12 3 6 3 9 3 13 4 7 4 10 4 14 5 11 5 15 6 8 6 12 7 9 7 13 8 11 8 13 9 12 9 14 10 13 10 15 11 14 12 15
D8_729 16 32 0 1 0 7 0 10 0 15 1 2 1 8 1 11 2 3 2 9 2 12 3 4 3 10 3 13 4 5 4 11 4 14 5 6 5 12 5 15 6 7 6 8 6 13 7 9 7 14 8 9 8 15 9 10 10 11 11 12 12 13 13 14 14 15
D8_730 16 32 0 2 0 6 0 10 0 15 1 3 1 7 1 8 1 11 2 4 2 9 2 12 3 5 3 10 3 13 4 6 4 11 4 14 5 7 5 12 5 15 6 8 6 13 7 9 7 14 8 10 8 14 9 11 9 15 10 12 11 13 12 14 13 15
D8_731 16 24 0 4 0 10 0 15 1 5 1 8 1 11 2 6 2 9 2 12 3 7 3 10 3 13 4 11 4 14 5 12 5 15 6 8 6 13 7 9 7 14 8 12 9 13 10 14 11 15
D8_734 16 40 0 1 0 3 0 5 0 7 0 10 1 2 1 4 1 6 1 11 2 3 2 5 2 7 2 12 3 4 3 6 3 13 4 5 4 7 4 14 5 6 5 15 6 7 6 8 7 9 8 9 8 11 8 13 8 15 9 10 9 12 9 14 10 11 10 13 10 15 11 12 11 14 12 13 12 15 13 14 14 15
D8_735 16 32 0 1 0 4 0 7 0 10 1 2 1 5 1 11 2 3 2 6 2 12 3 4 3 7 3 13 4 5 4 14 5 6 5 15 6 7 6 8 7 9 8 9 8 12 8 15 9 10 9 13 10 11 10 14 11 12 11 15 12 13 13 14 14 15
D8_739 16 32 0 3 0 4 0 5 0 10 1 4 1 5 1 6 1 11 2 5 2 6 2 7 2 12 3 6 3 7 3 13 4 7 4 14 5 15 6 8 7 9 8 11 8 12 8 13 9 12 9 13 9 14 10 13 10 14 10 15 11 14 11 15 12 15
D8_745 16 24 0 11 0 12 0 13 1 12 1 13 1 14 2 13 2 14 2 15 3 8 3 14 3 15 4 8 4 9 4 15 5 8 5 9 5 10 6 9 6 10 6 11 7 10 7 11 7 12
D8_746 16 24 0 11 0 12 0 14 1 12 1 13 1 15 2 8 2 13 2 14 3 9 3 14 3 15 4 8 4 10 4 15 5 8 5 9 5 11 6 9 6 10 6 12 7 10 7 11 7 13
D8_747 16 24 0 11 0 12 0 15 1 8 1 12 1 13 2 9 2 13 2 14 3 10 3 14 3 15 4 8 4 11 4 15 5 8 5 9 5 12 6 9 6 10 6 13 7 10 7 11 7 14
D8_748 16 32 0 2 0 6 0 11 0 12 1 3 1 7 1 12 1 13 2 4 2 13 2 14 3 5 3 14 3 15 4 6 4 8 4 15 5 7 5 8 5 9 6 9 6 10 7 10 7 11 8 10 8 14 9 11 9 15 10 12 11 13 12 14 13 15
D8_749 16 32 0 3 0 5 0 11 0 12 1 4 1 6 1 12 1 13 2 5 2 7 2 13 2 14 3 6 3 14 3 15 4 7 4 8 4 15 5 8 5 9 6 9 6 10 7 10 7 11 8 11 8 13 9 12 9 14 10 13 10 15 11 14 12 15
D8_750 16 24 0 4 0 11 0 12 1 5 1 12 1 13 2 6 2 13 2 14 3 7 3 14 3 15 4 8 4 15 5 8 5 9 6 9 6 10 7 10 7 11 8 12 9 13 10 14 11 15
D8_753 16 24 0 11 0 13 0 14 1 12 1 14 1 15 2 8 2 13 2 15 3 8 3 9 3 14 4 9 4 10 4 15 5 8 5 10 5 11 6 9 6 11 6 12 7 10 7 12 7 13
D8_754 16 24 0 11 0 13 0 15 1 8 1 12 1 14 2 9 2 13 2 15 3 8 3 10 3 14 4 9 4 11 4 15 5 8 5 10 5 12 6 9 6 11 6 13 7 10 7 12 7 14
D8_755 16 32 0 1 0 7 0 11 0 13 1 2 1 12 1 14 2 3 2 13 2 15 3 4 3 8 3 14 4 5 4 9 4 15 5 6 5 8 5 10 6 7 6 9 6 11 7 10 7 12 8 9 8 15 9 10 10 11 11 12 12 13 13 14 14 15
D8_757 16 24 0 4 0 11 0 13 1 5 1 12 1 14 2 6 2 13 2 15 3 7 3 8 3 14 4 9 4 15 5 8 5 10 6 9 6 11 7 10 7 12 8 12 9 13 10 14 11 15
D8_760 16 24 0 11 0 14 0 15 1 8 1 12 1 15 2 8 2 9 2 13 3 9 3 10 3 14 4 10 4 11 4 15 5 8 5 11 5 12 6 9 6 12 6 13 7 10 7 13 7 14
D8_761 16 32 0 1 0 7 0 11 0 14 1 2 1 12 1 15 2 3 2 8 2 13 3 4 3 9 3 14 4 5 4 10 4 15 5 6 5 8 5 11 6 7 6 9 6 12 7 10 7 13 8 9 8 15 9 10 10 11 11 12 12 13 13 14 14 15
D8_762 16 32 0 2 0 6 0 11 0 14 1 3 1 7 1 12 1 15 2 4 2 8 2 13 3 5 3 9 3 14 4 6 4 10 4 15 5 7 5 8 5 11 6 9 6 12 7 10 7 13 8 10 8 14 9 11 9 15 10 12 11 13 12 14 13 15
D8_763 16 24 0 4 0 11 0 14 1 5 1 12 1 15 2 6 2 8 2 13 3 7 3 9 3 14 4 10 4 15 5 8 5 11 6 9 6 12 7 10 7 13 8 12 9 13 10 14 11 15
D8_766 16 32 0 1 0 7 0 11 0 15 1 2 1 8 1 12 2 3 2 9 2 13 3 4 3 10 3 14 4 5 4 11 4 15 5 6 5 8 5 12 6 7 6 9 6 13 7 10 7 14 8 9 8 15 9 10 10 11 11 12 12 13 13 14 14 15
D8_767 16 32 0 2 0 6 0 11 0 15 1 3 1 7 1 8 1 12 2 4 2 9 2 13 3 5 3 10 3 14 4 6 4 11 4 15 5 7 5 8 5 12 6 9 6 13 7 10 7 14 8 10 8 14 9 11 9 15 10 12 11 13 12 14 13 15
D8_768 16 32 0 3 0 5 0 11 0 15 1 4 1 6 1 8 1 12 2 5 2 7 2 9 2 13 3 6 3 10 3 14 4 7 4 11 4 15 5 8 5 12 6 9 6 13 7 10 7 14 8 11 8 13 9 12 9 14 10 13 10 15 11 14 12 15
D8_772 16 40 0 1 0 3 0 5 0 7 0 11 1 2 1 4 1 6 1 12 2 3 2 5 2 7 2 13 3 4 3 6 3 14 4 5 4 7 4 15 5 6 5 8 6 7 6 9 7 10 8 9 8 11 8 13 8 15 9 10 9 12 9 14 10 11 10 13 10 15 11 12 11 14 12 13 12 15 13 14 14 15
D8_773 16 32 0 1 0 4 0 7 0 11 1 2 1 5 1 12 2 3 2 6 2 13 3 4 3 7 3 14 4 5 4 15 5 6 5 8 6 7 6 9 7 10 8 9 8 12 8 15 9 10 9 13 10 11 10 14 11 12 11 15 12 13 13 14 14 15
D8_777 16 32 0 3 0 4 0 5 0 11 1 4 1 5 1 6 1 12 2 5 2 6 2 7 2 13 3 6 3 7 3 14 4 7 4 15 5 8 6 9 7 10 8 11 8 12 8 13 9 12 9 13 9 14 10 13 10 14 10 15 11 14 11 15 12 15
D8_783 16 24 0 12 0 13 0 14 1 13 1 14 1 15 2 8 2 14 2 15 3 8 3 9 3 15 4 8 4 9 4 10 5 9 5 10 5 11 6 10 6 11 6 12 7 11 7 12 7 13
D8_784 16 24 0 12 0 13 0 15 1 8 1 13 1 14 2 9 2 14 2 15 3 8 3 10 3 15 4 8 4 9 4 11 5 9 5 10 5 12 6 10 6 11 6 13 7 11 7 12 7 14
D8_785 16 32 0 2 0 6 0 12 0 13 1 3 1 7 1 13 1 14 2 4 2 14 2 15 3 5 3 8 3 15 4 6 4 8 4 9 5 7 5 9 5 10 6 10 6 11 7 11 7 12 8 10 8 14 9 11 9 15 10 12 11 13 12 14 13 15
D8_786 16 32 0 3 0 5 0 12 0 13 1 4 1 6 1 13 1 14 2 5 2 7 2 14 2 15 3 6 3 8 3 15 4 7 4 8 4 9 5 9 5 10 6 10 6 11 7 11 7 12 8 11 8 13 9 12 9 14 10 13 10 15 11 14 12 15
D8_787 16 24 0 4 0 12 0 13 1 5 1 13 1 14 2 6 2 14 2 15 3 7 3 8 3 15 4 8 4 9 5 9 5 10 6 10 6 11 7 11 7 12 8 12 9 13 10 14 11 15
D8_790 16 24 0 12 0 14 0 15 1 8 1 13 1 15 2 8 2 9 2 14 3 9 3 10 3 15 4 8 4 10 4 11 5 9 5 11 5 12 6 10 6 12 6 13 7 11 7 13 7 14
D8_791 16 32 0 1 0 7 0 12 0 14 1 2 1 13 1 15 2 3 2 8 2 14 3 4 3 9 3 15 4 5 4 8 4 10 5 6 5 9 5 11 6 7 6 10 6 12 7 11 7 13 8 9 8 15 9 10 10 11 11 12 12 13 13 14 14 15
D8_792 16 32 0 3 0 5 0 12 0 14 1 4 1 6 1 13 1 15 2 5 2 7 2 8 2 14 3 6 3 9 3 15 4 7 4 8 4 10 5 9 5 11 6 10 6 12 7 11 7 13 8 11 8 13 9 12 9 14 10 13 10 15 11 14 12 15
D8_793 16 24 0 4 0 12 0 14 1 5 1 13 1 15 2 6 2 8 2 14 3 7 3 9 3 15 4 8 4 10 5 9 5 11 6 10 6 12 7 11 7 13 8 12 9 13 10 14 11 15
D8_796 16 32 0 1 0 7 0 12 0 15 1 2 1 8 1 13 2 3 2 9 2 14 3 4 3 10 3 15 4 5 4 8 4 11 5 6 5 9 5 12 6 7 6 10 6 13 7 11 7 14 8 9 8 15 9 10 10 11 11 12 12 13 13 14 14 15
D8_797 16 32 0 2 0 6 0 12 0 15 1 3 1 7 1 8 1 13 2 4 2 9 2 14 3 5 3 10 3 15 4 6 4 8 4 11 5 7 5 9 5 12 6 10 6 13 7 11 7 14 8 10 8 14 9 11 9 15 10 12 11 13 12 14 13 15
D8_798 16 24 0 4 0 12 0 15 1 5 1 8 1 13 2 6 2 9 2 14 3 7 3 10 3 15 4 8 4 11 5 9 5 12 6 10 6 13 7 11 7 14 8 12 9 13 10 14 11 15
D8_801 16 40 0 1 0 3 0 5 0 7 0 12 1 2 1 4 1 6 1 13 2 3 2 5 2 7 2 14 3 4 3 6 3 15 4 5 4 7 4 8 5 6 5 9 6 7 6 10 7 11 8 9 8 11 8 13 8 15 9 10 9 12 9 14 10 11 10 13 10 15 11 12 11 14 12 13 12 15 13 14 14 15
D8_802 16 32 0 1 0 4 0 7 0 12 1 2 1 5 1 13 2 3 2 6 2 14 3 4 3 7 3 15 4 5 4 8 5 6 5 9 6 7 6 10 7 11 8 9 8 12 8 15 9 10 9 13 10 11 10 14 11 12 11 15 12 13 13 14 14 15
D8_806 16 32 0 3 0 4 0 5 0 12 1 4 1 5 1 6 1 13 2 5 2 6 2 7 2 14 3 6 3 7 3 15 4 7 4 8 5 9 6 10 7 11 8 11 8 12 8 13 9 12 9 13 9 14 10 13 10 14 10 15 11 14 11 15 12 15
D8_812 16 24 0 13 0 14 0 15 1 8 1 14 1 15 2 8 2 9 2 15 3 8 3 9 3 10 4 9 4 10 4 11 5 10 5 11 5 12 6 11 6 12 6 13 7 12 7 13 7 14
D8_813 16 32 0 2 0 6 0 13 0 14 1 3 1 7 1 14 1 15 2 4 2 8 2 15 3 5 3 8 3 9 4 6 4 9 4 10 5 7 5 10 5 11 6 11 6 12 7 12 7 13 8 10 8 14 9 11 9 15 10 12 11 13 12 14 13 15
D8_814 16 32 0 3 0 5 0 13 0 14 1 4 1 6 1 14 1 15 2 5 2 7 2 8 2 15 3 6 3 8 3 9 4 7 4 9 4 10 5 10 5 11 6 11 6 12 7 12 7 13 8 11 8 13 9 12 9 14 10 13 10 15 11 14 12 15
D8_815 16 24 0 4 0 13 0 14 1 5 1 14 1 15 2 6 2 8 2 15 3 7 3 8 3 9 4 9 4 10 5 10 5 11 6 11 6 12 7 12 7 13 8 12 9 13 10 14 11 15
D8_818 16 32 0 1 0 7 0 13 0 15 1 2 1 8 1 14 2 3 2 9 2 15 3 4 3 8 3 10 4 5 4 9 4 11 5 6 5 10 5 12 6 7 6 11 6 13 7 12 7 14 8 9 8 15 9 10 10 11 11 12 12 13 13 14 14 15
D8_819 16 32 0 3 0 5 0 13 0 15 1 4 1 6 1 8 1 14 2 5 2 7 2 9 2 15 3 6 3 8 3 10 4 7 4 9 4 11 5 10 5 12 6 11 6 13 7 12 7 14 8 11 8 13 9 12 9 14 10 13 10 15 11 14 12 15
D8_820 16 24 0 4 0 13 0 15 1 5 1 8 1 14 2 6 2 9 2 15 3 7 3 8 3 10 4 9 4 11 5 10 5 12 6 11 6 13 7 12 7 14 8 12 9 13 10 14 11 15
D8_823 16 40 0 1 0 3 0 5 0 7 0 13 1 2 1 4 1 6 1 14 2 3 2 5 2 7 2 15 3 4 3 6 3 8 4 5 4 7 4 9 5 6 5 10 6 7 6 11 7 12 8 9 8 11 8 13 8 15 9 10 9 12 9 14 10 11 10 13 10 15 11 12 11 14 12 13 12 15 13 14 14 15
D8_824 16 32 0 1 0 4 0 7 0 13 1 2 1 5 1 14 2 3 2 6 2 15 3 4 3 7 3 8 4 5 4 9 5 6 5 10 6 7 6 11 7 12 8 9 8 12 8 15 9 10 9 13 10 11 10 14 11 12 11 15 12 13 13 14 14 15
D8_828 16 32 0 3 0 4 0 5 0 13 1 4 1 5 1 6 1 14 2 5 2 6 2 7 2 15 3 6 3 7 3 8 4 7 4 9 5 10 6 11 7 12 8 11 8 12 8 13 9 12 9 13 9 14 10 13 10 14 10 15 11 14 11 15 12 15
D8_834 16 32 0 2 0 6 0 14 0 15 1 3 1 7 1 8 1 15 2 4 2 8 2 9 3 5 3 9 3 10 4 6 4 10 4 11 5 7 5 11 5 12 6 12 6 13 7 13 7 14 8 10 8 14 9 11 9 15 10 12 11 13 12 14 13 15
D8_835 16 32 0 3 0 5 0 14 0 15 1 4 1 6 1 8 1 15 2 5 2 7 2 8 2 9 3 6 3 9 3 10 4 7 4 10 4 11 5 11 5 12 6 12 6 13 7 13 7 14 8 11 8 13 9 12 9 14 10 13 10 15 11 14 12 15
D8_836 16 24 0 4 0 14 0 15 1 5 1 8 1 15 2 6 2 8 2 9 3 7 3 9 3 10 4 10 4 11 5 11 5 12 6 12 6 13 7 13 7 14 8 12 9 13 10 14 11 15
D8_839 16 40 0 1 0 3 0 5 0 7 0 14 1 2 1 4 1 6 1 15 2 3 2 5 2 7 2 8 3 4 3 6 3 9 4 5 4 7 4 10 5 6 5 11 6 7 6 12 7 13 8 9 8 11 8 13 8 15 9 10 9 12 9 14 10 11 10 13 10 15 11 12 11 14 12 13 12 15 13 14 14 15
D8_840 16 32 0 1 0 4 0 7 0 14 1 2 1 5 1 15 2 3 2 6 2 8 3 4 3 7 3 9 4 5 4 10 5 6 5 11 6 7 6 12 7 13 8 9 8 12 8 15 9 10 9 13 10 11 10 14 11 12 11 15 12 13 13 14 14 15
D8_844 16 32 0 3 0 4 0 5 0 14 1 4 1 5 1 6 1 15 2 5 2 6 2 7 2 8 3 6 3 7 3 9 4 7 4 10 5 11 6 12 7 13 8 11 8 12 8 13 9 12 9 13 9 14 10 13 10 14 10 15 11 14 11 15 12 15
D8_850 16 40 0 1 0 3 0 5 0 7 0 15 1 2 1 4 1 6 1 8 2 3 2 5 2 7 2 9 3 4 3 6 3 10 4 5 4 7 4 11 5 6 5 12 6 7 6 13 7 14 8 9 8 11 8 13 8 15 9 10 9 12 9 14 10 11 10 13 10 15 11 12 11 14 12 13 12 15 13 14 14 15
D8_851 16 32 0 1 0 4 0 7 0 15 1 2 1 5 1 8 2 3 2 6 2 9 3 4 3 7 3 10 4 5 4 11 5 6 5 12 6 7 6 13 7 14 8 9 8 12 8 15 9 10 9 13 10 11 10 14 11 12 11 15 12 13 13 14 14 15
D8_855 16 32 0 3 0 4 0 5 0 15 1 4 1 5 1 6 1 8 2 5 2 6 2 7 2 9 3 6 3 7 3 10 4 7 4 11 5 12 6 13 7 14 8 11 8 12 8 13 9 12 9 13 9 14 10 13 10 14 10 15 11 14 11 15 12 15
