m9_0 9 8 0 8 1 8 2 8 3 8 4 8 5 8 6 8 7 8
m9_1 9 14 0 7 0 8 1 7 1 8 2 7 2 8 3 7 3 8 4 7 4 8 5 7 5 8 6 7 6 8
m9_2 9 13 0 6 0 7 1 7 1 8 2 7 2 8 3 7 3 8 4 7 4 8 5 7 5 8 6 8
m9_3 9 13 0 6 0 8 1 6 1 8 2 7 2 8 3 7 3 8 4 7 4 8 5 7 5 8 6 7
m9_4 9 13 0 6 0 8 1 6 1 8 2 6 2 8 3 7 3 8 4 7 4 8 5 7 5 8 6 7
m9_5 9 18 0 6 0 7 0 8 1 6 1 7 1 8 2 6 2 7 2 8 3 6 3 7 3 8 4 6 4 7 4 8 5 6 5 7 5 8
m9_6 9 16 0 5 0 6 0 7 1 6 1 7 1 8 2 6 2 7 2 8 3 6 3 7 3 8 4 6 4 7 4 8 5 8
m9_7 9 14 0 5 0 6 0 7 1 5 1 6 1 7 2 7 2 8 3 7 3 8 4 7 4 8 5 8 6 8
m9_8 9 16 0 5 0 7 0 8 1 5 1 7 1 8 2 6 2 7 2 8 3 6 3 7 3 8 4 6 4 7 4 8 5 6
m9_9 9 15 0 5 0 8 1 5 1 8 2 6 2 7 2 8 3 6 3 7 3 8 4 6 4 7 4 8 5 6 5 7
m9_10 9 20 0 5 0 6 0 7 0 8 1 5 1 6 1 7 1 8 2 5 2 6 2 7 2 8 3 5 3 6 3 7 3 8 4 5 4 6 4 7 4 8
m9_11 9 15 0 4 0 5 0 6 1 5 1 6 1 8 2 6 2 7 2 8 3 6 3 7 3 8 4 7 4 8 5 7
m9_12 9 17 0 4 0 5 0 6 0 8 1 5 1 6 1 7 1 8 2 5 2 6 2 7 2 8 3 5 3 6 3 7 3 8 4 7
m9_13 9 16 0 4 0 5 0 6 0 8 1 4 1 5 1 6 1 8 2 6 2 7 2 8 3 6 3 7 3 8 4 7 5 7
m9_14 9 14 0 4 0 5 0 8 1 4 1 7 1 8 2 5 2 6 2 8 3 6 3 7 3 8 4 6 5 7
m9_15 9 17 0 4 0 6 0 7 0 8 1 4 1 6 1 7 1 8 2 5 2 6 2 7 2 8 3 5 3 6 3 7 3 8 4 5
