m10_0 10 9 0 9 1 9 2 9 3 9 4 9 5 9 6 9 7 9 8 9
m10_1 10 16 0 8 0 9 1 8 1 9 2 8 2 9 3 8 3 9 4 8 4 9 5 8 5 9 6 8 6 9 7 8 7 9
m10_2 10 15 0 7 0 8 1 8 1 9 2 8 2 9 3 8 3 9 4 8 4 9 5 8 5 9 6 8 6 9 7 9
m10_3 10 15 0 7 0 9 1 7 1 9 2 8 2 9 3 8 3 9 4 8 4 9 5 8 5 9 6 8 6 9 7 8
m10_4 10 15 0 7 0 9 1 7 1 9 2 7 2 9 3 8 3 9 4 8 4 9 5 8 5 9 6 8 6 9 7 8
m10_5 10 21 0 7 0 8 0 9 1 7 1 8 1 9 2 7 2 8 2 9 3 7 3 8 3 9 4 7 4 8 4 9 5 7 5 8 5 9 6 7 6 8 6 9
m10_6 10 19 0 6 0 7 0 8 1 7 1 8 1 9 2 7 2 8 2 9 3 7 3 8 3 9 4 7 4 8 4 9 5 7 5 8 5 9 6 9
m10_7 10 16 0 6 0 7 0 8 1 6 1 7 1 8 2 8 2 9 3 8 3 9 4 8 4 9 5 8 5 9 6 9 7 9
m10_8 10 19 0 6 0 8 0 9 1 6 1 8 1 9 2 7 2 8 2 9 3 7 3 8 3 9 4 7 4 8 4 9 5 7 5 8 5 9 6 7
m10_9 10 18 0 6 0 9 1 6 1 9 2 7 2 8 2 9 3 7 3 8 3 9 4 7 4 8 4 9 5 7 5 8 5 9 6 7 6 8
m10_10 10 17 0 6 0 7 0 9 1 6 1 7 1 9 2 6 2 7 2 9 3 8 3 9 4 8 4 9 5 8 5 9 6 8 7 8
m10_11 10 19 0 6 0 8 0 9 1 6 1 8 1 9 2 6 2 8 2 9 3 7 3 8 3 9 4 7 4 8 4 9 5 7 5 8 5 9 6 7
m10_12 10 24 0 6 0 7 0 8 0 9 1 6 1 7 1 8 1 9 2 6 2 7 2 8 2 9 3 6 3 7 3 8 3 9 4 6 4 7 4 8 4 9 5 6 5 7 5 8 5 9
m10_13 10 18 0 5 0 6 0 7 1 6 1 7 1 9 2 7 2 8 2 9 3 7 3 8 3 9 4 7 4 8 4 9 5 8 5 9 6 8
m10_14 10 18 0 5 0 6 0 8 1 6 1 8 1 9 2 6 2 8 2 9 3 7 3 8 3 9 4 7 4 8 4 9 5 7 5 9 6 7
m10_15 10 21 0 5 0 6 0 7 0 8 1 6 1 7 1 8 1 9 2 6 2 7 2 8 2 9 3 6 3 7 3 8 3 9 4 6 4 7 4 8 4 9 5 9
m10_16 10 21 0 5 0 6 0 7 1 6 1 7 1 8 1 9 2 6 2 7 2 8 2 9 3 6 3 7 3 8 3 9 4 6 4 7 4 8 4 9 5 8 5 9
m10_17 10 19 0 5 0 6 0 7 0 9 1 5 1 6 1 7 1 9 2 7 2 8 2 9 3 7 3 8 3 9 4 7 4 8 4 9 5 8 6 8
m10_18 10 17 0 5 0 6 0 9 1 5 1 8 1 9 2 6 2 7 2 9 3 7 3 8 3 9 4 7 4 8 4 9 5 7 6 8
m10_19 10 18 0 5 0 8 0 9 1 5 1 8 1 9 2 6 2 7 2 9 3 6 3 7 3 9 4 7 4 8 4 9 5 6 5 7 6 8
m10_20 10 21 0 5 0 7 0 8 0 9 1 5 1 7 1 8 1 9 2 6 2 7 2 8 2 9 3 6 3 7 3 8 3 9 4 6 4 7 4 8 4 9 5 6
m10_21 10 20 0 5 0 8 0 9 1 5 1 8 1 9 2 6 2 7 2 8 2 9 3 6 3 7 3 8 3 9 4 6 4 7 4 8 4 9 5 6 5 7
m10_22 10 19 0 5 0 6 0 7 0 8 1 5 1 6 1 7 1 8 2 5 2 6 2 7 2 8 3 8 3 9 4 8 4 9 5 9 6 9 7 9
m10_23 10 25 0 5 0 6 0 7 0 8 0 9 1 5 1 6 1 7 1 8 1 9 2 5 2 6 2 7 2 8 2 9 3 5 3 6 3 7 3 8 3 9 4 5 4 6 4 7 4 8 4 9
m10_24 10 17 0 4 0 6 0 8 1 5 1 6 1 7 2 6 2 7 2 8 3 7 3 8 3 9 4 7 4 9 5 8 5 9 6 9
m10_25 10 19 0 4 0 5 0 6 0 9 1 5 1 6 1 8 1 9 2 6 2 7 2 8 2 9 3 6 3 7 3 8 3 9 4 7 4 8 5 7
m10_26 10 19 0 4 0 5 0 6 1 5 1 6 1 8 1 9 2 6 2 7 2 8 2 9 3 6 3 7 3 8 3 9 4 7 4 8 4 9 5 7
m10_27 10 17 0 4 0 6 0 7 1 5 1 7 1 8 2 5 2 7 2 8 3 6 3 8 3 9 4 8 4 9 5 6 5 9 7 9
m10_28 10 20 0 4 0 5 0 6 0 7 1 4 1 5 1 6 1 7 2 6 2 7 2 8 2 9 3 6 3 7 3 8 3 9 4 8 4 9 5 8 5 9
m10_29 10 18 0 4 0 5 0 8 0 9 1 4 1 7 1 8 1 9 2 5 2 6 2 8 2 9 3 6 3 7 3 8 3 9 4 6 5 7
m10_30 10 15 0 3 0 6 0 9 1 4 1 6 1 8 2 5 2 6 2 7 3 7 3 8 4 7 4 9 5 8 5 9
