m12_0 12 11 0 11 1 11 2 11 3 11 4 11 5 11 6 11 7 11 8 11 9 11 10 11
m12_1 12 20 0 10 0 11 1 10 1 11 2 10 2 11 3 10 3 11 4 10 4 11 5 10 5 11 6 10 6 11 7 10 7 11 8 10 8 11 9 10 9 11
m12_2 12 19 0 9 0 10 1 10 1 11 2 10 2 11 3 10 3 11 4 10 4 11 5 10 5 11 6 10 6 11 7 10 7 11 8 10 8 11 9 11
m12_3 12 19 0 9 0 11 1 9 1 11 2 10 2 11 3 10 3 11 4 10 4 11 5 10 5 11 6 10 6 11 7 10 7 11 8 10 8 11 9 10
m12_4 12 19 0 9 0 11 1 9 1 11 2 9 2 11 3 10 3 11 4 10 4 11 5 10 5 11 6 10 6 11 7 10 7 11 8 10 8 11 9 10
m12_5 12 19 0 9 0 11 1 9 1 11 2 9 2 11 3 9 3 11 4 10 4 11 5 10 5 11 6 10 6 11 7 10 7 11 8 10 8 11 9 10
m12_6 12 27 0 9 0 10 0 11 1 9 1 10 1 11 2 9 2 10 2 11 3 9 3 10 3 11 4 9 4 10 4 11 5 9 5 10 5 11 6 9 6 10 6 11 7 9 7 10 7 11 8 9 8 10 8 11
m12_7 12 25 0 8 0 9 0 10 1 9 1 10 1 11 2 9 2 10 2 11 3 9 3 10 3 11 4 9 4 10 4 11 5 9 5 10 5 11 6 9 6 10 6 11 7 9 7 10 7 11 8 11
m12_8 12 20 0 8 0 9 0 10 1 8 1 9 1 10 2 10 2 11 3 10 3 11 4 10 4 11 5 10 5 11 6 10 6 11 7 10 7 11 8 11 9 11
m12_9 12 25 0 8 0 10 0 11 1 8 1 10 1 11 2 9 2 10 2 11 3 9 3 10 3 11 4 9 4 10 4 11 5 9 5 10 5 11 6 9 6 10 6 11 7 9 7 10 7 11 8 9
m12_10 12 24 0 8 0 11 1 8 1 11 2 9 2 10 2 11 3 9 3 10 3 11 4 9 4 10 4 11 5 9 5 10 5 11 6 9 6 10 6 11 7 9 7 10 7 11 8 9 8 10
m12_11 12 21 0 8 0 9 0 11 1 8 1 9 1 11 2 8 2 9 2 11 3 10 3 11 4 10 4 11 5 10 5 11 6 10 6 11 7 10 7 11 8 10 9 10
m12_12 12 25 0 8 0 10 0 11 1 8 1 10 1 11 2 8 2 10 2 11 3 9 3 10 3 11 4 9 4 10 4 11 5 9 5 10 5 11 6 9 6 10 6 11 7 9 7 10 7 11 8 9
m12_13 12 23 0 8 0 11 1 8 1 11 2 8 2 11 3 9 3 10 3 11 4 9 4 10 4 11 5 9 5 10 5 11 6 9 6 10 6 11 7 9 7 10 7 11 8 9 8 10
m12_14 12 22 0 8 0 9 0 11 1 8 1 9 1 11 2 8 2 9 2 11 3 8 3 9 3 11 4 10 4 11 5 10 5 11 6 10 6 11 7 10 7 11 8 10 9 10
m12_15 12 25 0 8 0 10 0 11 1 8 1 10 1 11 2 8 2 10 2 11 3 8 3 10 3 11 4 9 4 10 4 11 5 9 5 10 5 11 6 9 6 10 6 11 7 9 7 10 7 11 8 9
m12_16 12 32 0 8 0 9 0 10 0 11 1 8 1 9 1 10 1 11 2 8 2 9 2 10 2 11 3 8 3 9 3 10 3 11 4 8 4 9 4 10 4 11 5 8 5 9 5 10 5 11 6 8 6 9 6 10 6 11 7 8 7 9 7 10 7 11
m12_17 12 24 0 7 0 8 0 9 1 8 1 9 1 11 2 9 2 10 2 11 3 9 3 10 3 11 4 9 4 10 4 11 5 9 5 10 5 11 6 9 6 10 6 11 7 10 7 11 8 10
m12_18 12 24 0 7 0 8 0 11 1 8 1 10 1 11 2 8 2 10 2 11 3 9 3 10 3 11 4 9 4 10 4 11 5 9 5 10 5 11 6 9 6 10 6 11 7 9 7 10 8 9
m12_19 12 24 0 7 0 8 0 10 1 8 1 10 1 11 2 8 2 10 2 11 3 8 3 10 3 11 4 9 4 10 4 11 5 9 5 10 5 11 6 9 6 10 6 11 7 9 7 11 8 9
m12_20 12 29 0 7 0 8 0 9 0 10 1 8 1 9 1 10 1 11 2 8 2 9 2 10 2 11 3 8 3 9 3 10 3 11 4 8 4 9 4 10 4 11 5 8 5 9 5 10 5 11 6 8 6 9 6 10 6 11 7 11
m12_21 12 29 0 7 0 8 0 9 1 8 1 9 1 10 1 11 2 8 2 9 2 10 2 11 3 8 3 9 3 10 3 11 4 8 4 9 4 10 4 11 5 8 5 9 5 10 5 11 6 8 6 9 6 10 6 11 7 10 7 11
m12_22 12 25 0 7 0 8 0 9 0 11 1 7 1 8 1 9 1 11 2 9 2 10 2 11 3 9 3 10 3 11 4 9 4 10 4 11 5 9 5 10 5 11 6 9 6 10 6 11 7 10 8 10
m12_23 12 23 0 7 0 8 0 11 1 7 1 10 1 11 2 8 2 9 2 11 3 9 3 10 3 11 4 9 4 10 4 11 5 9 5 10 5 11 6 9 6 10 6 11 7 9 8 10
m12_24 12 24 0 7 0 8 0 11 1 7 1 8 1 11 2 8 2 9 2 11 3 9 3 10 3 11 4 9 4 10 4 11 5 9 5 10 5 11 6 9 6 10 6 11 7 9 7 10 8 10
m12_25 12 23 0 7 0 8 0 11 1 7 1 9 1 11 2 8 2 10 2 11 3 8 3 10 3 11 4 9 4 10 4 11 5 9 5 10 5 11 6 9 6 10 6 11 7 10 8 9
m12_26 12 24 0 7 0 10 0 11 1 7 1 10 1 11 2 8 2 9 2 11 3 8 3 9 3 11 4 9 4 10 4 11 5 9 5 10 5 11 6 9 6 10 6 11 7 8 7 9 8 10
m12_27 12 24 0 7 0 9 0 11 1 7 1 9 1 11 2 8 2 10 2 11 3 8 3 10 3 11 4 8 4 10 4 11 5 9 5 10 5 11 6 9 6 10 6 11 7 8 7 10 8 9
m12_28 12 29 0 7 0 9 0 10 0 11 1 7 1 9 1 10 1 11 2 8 2 9 2 10 2 11 3 8 3 9 3 10 3 11 4 8 4 9 4 10 4 11 5 8 5 9 5 10 5 11 6 8 6 9 6 10 6 11 7 8
m12_29 12 28 0 7 0 10 0 11 1 7 1 10 1 11 2 8 2 9 2 10 2 11 3 8 3 9 3 10 3 11 4 8 4 9 4 10 4 11 5 8 5 9 5 10 5 11 6 8 6 9 6 10 6 11 7 8 7 9
m12_30 12 27 0 7 0 11 1 7 1 11 2 8 2 9 2 10 2 11 3 8 3 9 3 10 3 11 4 8 4 9 4 10 4 11 5 8 5 9 5 10 5 11 6 8 6 9 6 10 6 11 7 8 7 9 7 10
m12_31 12 23 0 7 0 8 0 9 0 10 1 7 1 8 1 9 1 10 2 7 2 8 2 9 2 10 3 10 3 11 4 10 4 11 5 10 5 11 6 10 6 11 7 11 8 11 9 11
m12_32 12 26 0 7 0 8 0 10 0 11 1 7 1 8 1 10 1 11 2 7 2 8 2 10 2 11 3 9 3 10 3 11 4 9 4 10 4 11 5 9 5 10 5 11 6 9 6 10 6 11 7 9 8 9
m12_33 12 25 0 7 0 8 0 11 1 7 1 8 1 11 2 7 2 8 2 11 3 9 3 10 3 11 4 9 4 10 4 11 5 9 5 10 5 11 6 9 6 10 6 11 7 9 7 10 8 9 8 10
m12_34 12 23 0 7 0 8 0 11 1 7 1 8 1 11 2 7 2 10 2 11 3 8 3 9 3 11 4 9 4 10 4 11 5 9 5 10 5 11 6 9 6 10 6 11 7 9 8 10
m12_35 12 23 0 7 0 8 0 11 1 7 1 10 1 11 2 7 2 10 2 11 3 8 3 9 3 11 4 8 4 9 4 11 5 9 5 10 5 11 6 9 6 10 6 11 7 9 8 10
m12_36 12 24 0 7 0 10 0 11 1 7 1 10 1 11 2 7 2 10 2 11 3 8 3 9 3 11 4 8 4 9 4 11 5 8 5 9 5 11 6 9 6 10 6 11 7 8 7 9 8 10
m12_37 12 29 0 7 0 9 0 10 0 11 1 7 1 9 1 10 1 11 2 7 2 9 2 10 2 11 3 8 3 9 3 10 3 11 4 8 4 9 4 10 4 11 5 8 5 9 5 10 5 11 6 8 6 9 6 10 6 11 7 8
m12_38 12 27 0 7 0 10 0 11 1 7 1 10 1 11 2 7 2 10 2 11 3 8 3 9 3 10 3 11 4 8 4 9 4 10 4 11 5 8 5 9 5 10 5 11 6 8 6 9 6 10 6 11 7 8 7 9
m12_39 12 25 0 7 0 8 0 9 0 11 1 7 1 8 1 9 1 11 2 7 2 8 2 9 2 11 3 7 3 8 3 9 3 11 4 10 4 11 5 10 5 11 6 10 6 11 7 10 8 10 9 10
m12_40 12 35 0 7 0 8 0 9 0 10 0 11 1 7 1 8 1 9 1 10 1 11 2 7 2 8 2 9 2 10 2 11 3 7 3 8 3 9 3 10 3 11 4 7 4 8 4 9 4 10 4 11 5 7 5 8 5 9 5 10 5 11 6 7 6 8 6 9 6 10 6 11
m12_41 12 23 0 6 0 8 0 11 1 7 1 8 1 10 2 8 2 10 2 11 3 9 3 10 3 11 4 9 4 10 4 11 5 9 5 10 5 11 6 9 6 10 7 9 7 11 8 9
m12_42 12 23 0 6 0 8 0 11 1 7 1 8 1 10 2 8 2 10 2 11 3 8 3 10 3 11 4 9 4 10 4 11 5 9 5 10 5 11 6 9 6 10 7 9 7 11 8 9
m12_43 12 26 0 6 0 8 0 11 1 7 1 8 1 10 2 8 2 9 2 10 2 11 3 8 3 9 3 10 3 11 4 8 4 9 4 10 4 11 5 8 5 9 5 10 5 11 6 9 6 10 7 9 7 11
m12_44 12 27 0 6 0 7 0 8 0 9 1 7 1 8 1 9 1 11 2 8 2 9 2 10 2 11 3 8 3 9 3 10 3 11 4 8 4 9 4 10 4 11 5 8 5 9 5 10 5 11 6 10 6 11 7 10
m12_45 12 27 0 6 0 7 0 8 1 7 1 8 1 10 1 11 2 8 2 9 2 10 2 11 3 8 3 9 3 10 3 11 4 8 4 9 4 10 4 11 5 8 5 9 5 10 5 11 6 9 6 10 6 11 7 9
m12_46 12 23 0 6 0 7 0 9 1 7 1 8 1 9 1 10 2 9 2 10 2 11 3 9 3 10 3 11 4 9 4 10 4 11 5 9 5 10 5 11 6 8 6 10 7 11 8 11
m12_47 12 23 0 6 0 7 0 9 0 10 1 7 1 8 1 10 2 8 2 10 2 11 3 9 3 10 3 11 4 9 4 10 4 11 5 9 5 10 5 11 6 8 6 11 7 11 8 9
m12_48 12 23 0 6 0 8 0 9 1 7 1 8 1 11 2 7 2 8 2 11 3 9 3 10 3 11 4 9 4 10 4 11 5 9 5 10 5 11 6 10 6 11 7 9 7 10 8 10
m12_49 12 23 0 6 0 8 0 11 1 7 1 10 1 11 2 7 2 10 2 11 3 8 3 9 3 11 4 9 4 10 4 11 5 9 5 10 5 11 6 9 6 10 7 8 7 9 8 10
m12_50 12 23 0 6 0 8 0 11 1 7 1 9 1 11 2 7 2 9 2 11 3 8 3 10 3 11 4 8 4 10 4 11 5 9 5 10 5 11 6 9 6 10 7 8 7 10 8 9
m12_51 12 25 0 6 0 8 0 10 1 7 1 10 1 11 2 7 2 10 2 11 3 8 3 9 3 10 3 11 4 8 4 9 4 10 4 11 5 8 5 9 5 10 5 11 6 9 6 11 7 8 7 9
m12_52 12 25 0 6 0 7 0 8 0 11 1 7 1 8 1 10 1 11 2 7 2 8 2 10 2 11 3 9 3 10 3 11 4 9 4 10 4 11 5 9 5 10 5 11 6 9 6 10 7 9 8 9
m12_53 12 23 0 6 0 7 0 8 0 11 1 7 1 10 1 11 2 7 2 10 2 11 3 8 3 9 3 11 4 8 4 9 4 11 5 9 5 10 5 11 6 9 6 10 7 9 8 10
m12_54 12 23 0 6 0 7 0 10 0 11 1 7 1 8 1 11 2 7 2 8 2 11 3 9 3 10 3 11 4 9 4 10 4 11 5 9 5 10 5 11 6 8 6 9 7 9 8 10
m12_55 12 23 0 6 0 7 0 11 1 7 1 8 1 11 2 7 2 8 2 11 3 9 3 10 3 11 4 9 4 10 4 11 5 9 5 10 5 11 6 8 6 9 7 9 7 10 8 10
m12_56 12 24 0 6 0 7 0 10 1 7 1 8 1 10 1 11 2 7 2 8 2 10 2 11 3 9 3 10 3 11 4 9 4 10 4 11 5 9 5 10 5 11 6 8 6 11 7 9 8 9
m12_57 12 27 0 6 0 7 0 10 0 11 1 7 1 9 1 10 1 11 2 7 2 9 2 10 2 11 3 8 3 9 3 10 3 11 4 8 4 9 4 10 4 11 5 8 5 9 5 10 5 11 6 8 6 9 7 8
m12_58 12 27 0 6 0 7 0 11 1 7 1 9 1 10 1 11 2 7 2 9 2 10 2 11 3 8 3 9 3 10 3 11 4 8 4 9 4 10 4 11 5 8 5 9 5 10 5 11 6 8 6 9 6 10 7 8
m12_59 12 26 0 6 0 7 0 11 1 7 1 10 1 11 2 7 2 10 2 11 3 8 3 9 3 10 3 11 4 8 4 9 4 10 4 11 5 8 5 9 5 10 5 11 6 8 6 9 6 10 7 8 7 9
m12_60 12 31 0 6 0 7 0 8 0 9 0 10 1 7 1 8 1 9 1 10 1 11 2 7 2 8 2 9 2 10 2 11 3 7 3 8 3 9 3 10 3 11 4 7 4 8 4 9 4 10 4 11 5 7 5 8 5 9 5 10 5 11 6 11
m12_61 12 31 0 6 0 7 0 8 0 9 1 7 1 8 1 9 1 10 1 11 2 7 2 8 2 9 2 10 2 11 3 7 3 8 3 9 3 10 3 11 4 7 4 8 4 9 4 10 4 11 5 7 5 8 5 9 5 10 5 11 6 10 6 11
m12_62 12 25 0 6 0 7 0 8 0 10 1 6 1 7 1 8 1 10 2 8 2 10 2 11 3 8 3 10 3 11 4 9 4 10 4 11 5 9 5 10 5 11 6 9 6 11 7 9 7 11 8 9
m12_63 12 28 0 6 0 7 0 8 0 10 0 11 1 6 1 7 1 8 1 10 1 11 2 8 2 9 2 10 2 11 3 8 3 9 3 10 3 11 4 8 4 9 4 10 4 11 5 8 5 9 5 10 5 11 6 9 7 9
m12_64 12 28 0 6 0 7 0 8 0 10 1 6 1 7 1 8 1 10 2 8 2 9 2 10 2 11 3 8 3 9 3 10 3 11 4 8 4 9 4 10 4 11 5 8 5 9 5 10 5 11 6 9 6 11 7 9 7 11
m12_65 12 21 0 6 0 7 0 11 1 6 1 8 1 10 2 7 2 8 2 9 3 9 3 10 3 11 4 9 4 10 4 11 5 9 5 10 5 11 6 9 7 10 8 11
m12_66 12 23 0 6 0 7 0 11 1 6 1 10 1 11 2 7 2 8 2 11 3 8 3 9 3 11 4 9 4 10 4 11 5 9 5 10 5 11 6 8 6 9 7 9 7 10 8 10
m12_67 12 25 0 6 0 7 0 11 1 6 1 10 1 11 2 7 2 8 2 9 2 11 3 8 3 9 3 10 3 11 4 8 4 9 4 10 4 11 5 8 5 9 5 10 5 11 6 8 6 9 7 10
m12_68 12 26 0 6 0 7 0 10 0 11 1 6 1 9 1 10 1 11 2 7 2 8 2 10 2 11 3 8 3 9 3 10 3 11 4 8 4 9 4 10 4 11 5 8 5 9 5 10 5 11 6 8 7 9
m12_69 12 25 0 6 0 7 0 11 1 6 1 10 1 11 2 7 2 9 2 11 3 8 3 9 3 10 3 11 4 8 4 9 4 10 4 11 5 8 5 9 5 10 5 11 6 8 6 9 7 8 7 10
m12_70 12 25 0 6 0 7 0 8 0 10 1 6 1 7 1 8 1 10 2 7 2 8 2 9 2 10 3 9 3 10 3 11 4 9 4 10 4 11 5 9 5 10 5 11 6 9 6 11 7 11 8 11
m12_71 12 24 0 6 0 7 0 8 0 11 1 6 1 7 1 8 1 11 2 7 2 10 2 11 3 8 3 9 3 11 4 9 4 10 4 11 5 9 5 10 5 11 6 9 6 10 7 9 8 10
m12_72 12 27 0 6 0 7 0 10 0 11 1 6 1 7 1 10 1 11 2 7 2 8 2 10 2 11 3 8 3 9 3 10 3 11 4 8 4 9 4 10 4 11 5 8 5 9 5 10 5 11 6 8 6 9 7 9
m12_73 12 26 0 6 0 7 0 11 1 6 1 7 1 11 2 7 2 8 2 10 2 11 3 8 3 9 3 10 3 11 4 8 4 9 4 10 4 11 5 8 5 9 5 10 5 11 6 8 6 9 6 10 7 9
m12_74 12 26 0 6 0 7 0 11 1 6 1 7 1 11 2 7 2 10 2 11 3 8 3 9 3 10 3 11 4 8 4 9 4 10 4 11 5 8 5 9 5 10 5 11 6 8 6 9 6 10 7 8 7 9
m12_75 12 23 0 6 0 10 0 11 1 6 1 10 1 11 2 7 2 8 2 11 3 7 3 8 3 11 4 9 4 10 4 11 5 9 5 10 5 11 6 8 6 9 7 9 7 10 8 10
m12_76 12 23 0 6 0 10 0 11 1 6 1 10 1 11 2 7 2 9 2 11 3 7 3 9 3 11 4 8 4 9 4 11 5 8 5 10 5 11 6 8 6 9 7 8 7 10 9 10
m12_77 12 24 0 6 0 10 0 11 1 6 1 10 1 11 2 7 2 9 2 11 3 7 3 9 3 11 4 8 4 9 4 10 4 11 5 8 5 9 5 10 5 11 6 8 6 9 7 8 7 10
m12_78 12 23 0 6 0 10 0 11 1 6 1 10 1 11 2 7 2 9 2 11 3 7 3 9 3 11 4 8 4 9 4 10 5 8 5 9 5 10 6 8 6 9 7 8 7 10 8 11
m12_79 12 24 0 6 0 7 0 8 0 11 1 6 1 9 1 11 2 7 2 8 2 10 2 11 3 7 3 8 3 10 3 11 4 9 4 10 4 11 5 9 5 10 5 11 6 10 7 9 8 9
m12_80 12 21 0 6 0 7 0 8 1 6 1 9 1 10 2 7 2 10 2 11 3 7 3 10 3 11 4 8 4 9 4 11 5 8 5 9 5 11 6 11 7 9 8 10
m12_81 12 26 0 6 0 7 0 10 0 11 1 6 1 8 1 10 1 11 2 7 2 9 2 10 2 11 3 7 3 9 3 10 3 11 4 8 4 9 4 10 4 11 5 8 5 9 5 10 5 11 6 9 7 8
m12_82 12 25 0 6 0 7 0 11 1 6 1 8 1 11 2 7 2 9 2 10 2 11 3 7 3 9 3 10 3 11 4 8 4 9 4 10 4 11 5 8 5 9 5 10 5 11 6 9 6 10 7 8
m12_83 12 24 0 6 0 8 0 10 0 11 1 6 1 8 1 10 1 11 2 7 2 8 2 11 3 7 3 9 3 11 4 9 4 10 4 11 5 9 5 10 5 11 6 7 6 9 7 10 8 9
m12_84 12 26 0 6 0 10 0 11 1 6 1 10 1 11 2 7 2 8 2 9 2 11 3 7 3 8 3 9 3 11 4 8 4 9 4 10 4 11 5 8 5 9 5 10 5 11 6 7 6 8 6 9 7 10
m12_85 12 27 0 6 0 9 0 10 0 11 1 6 1 9 1 10 1 11 2 7 2 8 2 10 2 11 3 7 3 8 3 10 3 11 4 8 4 9 4 10 4 11 5 8 5 9 5 10 5 11 6 7 6 8 7 9
m12_86 12 31 0 6 0 8 0 9 0 10 0 11 1 6 1 8 1 9 1 10 1 11 2 7 2 8 2 9 2 10 2 11 3 7 3 8 3 9 3 10 3 11 4 7 4 8 4 9 4 10 4 11 5 7 5 8 5 9 5 10 5 11 6 7
m12_87 12 30 0 6 0 9 0 10 0 11 1 6 1 9 1 10 1 11 2 7 2 8 2 9 2 10 2 11 3 7 3 8 3 9 3 10 3 11 4 7 4 8 4 9 4 10 4 11 5 7 5 8 5 9 5 10 5 11 6 7 6 8
m12_88 12 29 0 6 0 10 0 11 1 6 1 10 1 11 2 7 2 8 2 9 2 10 2 11 3 7 3 8 3 9 3 10 3 11 4 7 4 8 4 9 4 10 4 11 5 7 5 8 5 9 5 10 5 11 6 7 6 8 6 9
m12_89 12 27 0 6 0 7 0 8 0 9 0 11 1 6 1 7 1 8 1 9 1 11 2 6 2 7 2 8 2 9 2 11 3 9 3 10 3 11 4 9 4 10 4 11 5 9 5 10 5 11 6 10 7 10 8 10
m12_90 12 24 0 6 0 7 0 8 0 11 1 6 1 7 1 9 1 11 2 6 2 7 2 9 2 11 3 8 3 10 3 11 4 8 4 10 4 11 5 9 5 10 5 11 6 10 7 10 8 9
m12_91 12 29 0 6 0 7 0 9 0 10 0 11 1 6 1 7 1 9 1 10 1 11 2 6 2 7 2 9 2 10 2 11 3 8 3 9 3 10 3 11 4 8 4 9 4 10 4 11 5 8 5 9 5 10 5 11 6 8 7 8
m12_92 12 28 0 6 0 7 0 10 0 11 1 6 1 7 1 10 1 11 2 6 2 7 2 10 2 11 3 8 3 9 3 10 3 11 4 8 4 9 4 10 4 11 5 8 5 9 5 10 5 11 6 8 6 9 7 8 7 9
m12_93 12 26 0 6 0 7 0 10 0 11 1 6 1 9 1 10 1 11 2 6 2 9 2 10 2 11 3 7 3 8 3 10 3 11 4 7 4 8 4 10 4 11 5 8 5 9 5 10 5 11 6 8 7 9
m12_94 12 31 0 6 0 8 0 9 0 10 0 11 1 6 1 8 1 9 1 10 1 11 2 6 2 8 2 9 2 10 2 11 3 7 3 8 3 9 3 10 3 11 4 7 4 8 4 9 4 10 4 11 5 7 5 8 5 9 5 10 5 11 6 7
m12_95 12 28 0 6 0 7 0 8 0 9 0 10 1 6 1 7 1 8 1 9 1 10 2 6 2 7 2 8 2 9 2 10 3 6 3 7 3 8 3 9 3 10 4 10 4 11 5 10 5 11 6 11 7 11 8 11 9 11
m12_96 12 36 0 6 0 7 0 8 0 9 0 10 0 11 1 6 1 7 1 8 1 9 1 10 1 11 2 6 2 7 2 8 2 9 2 10 2 11 3 6 3 7 3 8 3 9 3 10 3 11 4 6 4 7 4 8 4 9 4 10 4 11 5 6 5 7 5 8 5 9 5 10 5 11
m12_97 12 23 0 5 0 8 0 11 1 6 1 8 1 10 2 7 2 8 2 9 3 8 3 9 3 10 3 11 4 8 4 9 4 10 4 11 5 9 5 10 6 9 6 11 7 10 7 11
m12_98 12 25 0 5 0 7 0 8 0 11 1 6 1 7 1 8 1 10 2 7 2 8 2 10 2 11 3 8 3 9 3 10 3 11 4 8 4 9 4 10 4 11 5 9 5 10 6 9 6 11 7 9
m12_99 12 25 0 5 0 7 0 11 1 6 1 7 1 9 1 10 2 7 2 9 2 10 2 11 3 8 3 9 3 10 3 11 4 8 4 9 4 10 4 11 5 8 5 9 5 10 6 8 6 11 7 8
m12_100 12 25 0 5 0 7 0 10 1 6 1 7 1 9 2 7 2 9 2 10 2 11 3 8 3 9 3 10 3 11 4 8 4 9 4 10 4 11 5 8 5 9 5 11 6 8 6 10 6 11 7 8
m12_101 12 22 0 5 0 8 0 11 1 6 1 8 1 10 2 7 2 10 2 11 3 7 3 10 3 11 4 8 4 9 4 10 4 11 5 9 5 10 6 9 6 11 7 8 7 9
m12_102 12 25 0 5 0 7 0 8 0 10 1 6 1 7 1 8 1 9 2 7 2 8 2 9 2 10 3 7 3 8 3 9 3 10 4 9 4 10 4 11 5 9 5 11 6 10 6 11 7 11 8 11
m12_103 12 26 0 5 0 6 0 7 0 8 1 6 1 7 1 8 1 10 2 7 2 8 2 10 2 11 3 8 3 9 3 10 3 11 4 8 4 9 4 10 4 11 5 9 5 10 5 11 6 9 6 11 7 9
m12_104 12 24 0 5 0 6 0 7 0 9 1 6 1 7 1 8 1 9 2 7 2 8 2 9 2 11 3 9 3 10 3 11 4 9 4 10 4 11 5 8 5 11 6 10 6 11 7 10 8 10
m12_105 12 25 0 5 0 6 0 7 0 8 1 6 1 10 1 11 2 7 2 8 2 9 2 10 3 7 3 8 3 9 3 10 4 7 4 8 4 9 4 10 5 10 5 11 6 9 7 11 8 11 9 11
m12_106 12 28 0 5 0 6 0 7 0 8 0 11 1 6 1 7 1 8 1 10 1 11 2 7 2 8 2 9 2 10 2 11 3 7 3 8 3 9 3 10 3 11 4 7 4 8 4 9 4 10 4 11 5 9 5 10 6 9
m12_107 12 28 0 5 0 6 0 7 1 6 1 7 1 9 1 10 1 11 2 7 2 8 2 9 2 10 2 11 3 7 3 8 3 9 3 10 3 11 4 7 4 8 4 9 4 10 4 11 5 8 5 9 5 10 5 11 6 8
m12_108 12 25 0 5 0 6 0 8 1 6 1 7 1 8 1 9 2 8 2 9 2 10 2 11 3 8 3 9 3 10 3 11 4 8 4 9 4 10 4 11 5 7 5 9 5 11 6 10 6 11 7 10
m12_109 12 25 0 5 0 6 0 8 1 6 1 7 1 8 1 9 2 8 2 9 2 10 2 11 3 8 3 9 3 10 3 11 4 8 4 9 4 10 4 11 5 7 5 9 6 10 6 11 7 10 7 11
m12_110 12 24 0 5 0 8 0 9 1 6 1 7 1 8 1 10 2 6 2 7 2 8 2 10 3 8 3 9 3 10 4 9 4 10 4 11 5 10 5 11 6 9 6 11 7 9 7 11 8 11
m12_111 12 25 0 5 0 8 0 9 1 6 1 7 1 8 1 10 2 6 2 7 2 8 2 10 3 8 3 9 3 10 3 11 4 8 4 9 4 10 4 11 5 10 5 11 6 9 6 11 7 9 7 11
m12_112 12 24 0 5 0 7 0 9 0 11 1 6 1 7 1 8 1 9 2 6 2 7 2 8 2 9 3 9 3 10 3 11 4 9 4 10 4 11 5 8 5 10 6 10 6 11 7 10 8 11
m12_113 12 25 0 5 0 7 0 8 0 10 1 6 1 7 1 10 1 11 2 6 2 7 2 10 2 11 3 8 3 9 3 10 3 11 4 8 4 9 4 10 4 11 5 9 5 11 6 8 6 9 7 9
m12_114 12 25 0 5 0 7 0 8 1 6 1 7 1 10 1 11 2 6 2 7 2 10 2 11 3 8 3 9 3 10 3 11 4 8 4 9 4 10 4 11 5 9 5 10 5 11 6 8 6 9 7 9
m12_115 12 25 0 5 0 7 0 8 1 6 1 7 1 10 2 6 2 7 2 10 3 8 3 9 3 10 3 11 4 8 4 9 4 10 4 11 5 9 5 10 5 11 6 8 6 9 6 11 7 9 7 11
m12_116 12 24 0 5 0 7 0 8 0 9 1 6 1 8 1 9 1 10 2 6 2 8 2 9 2 10 3 7 3 9 3 11 4 9 4 10 4 11 5 10 5 11 6 7 6 11 7 10 8 11
m12_117 12 25 0 5 0 7 0 10 0 11 1 6 1 9 1 10 1 11 2 6 2 9 2 10 2 11 3 7 3 8 3 10 3 11 4 8 4 9 4 10 4 11 5 8 5 9 6 7 6 8 7 9
m12_118 12 25 0 5 0 7 0 11 1 6 1 9 1 10 1 11 2 6 2 9 2 10 2 11 3 7 3 8 3 10 3 11 4 8 4 9 4 10 4 11 5 8 5 9 5 10 6 7 6 8 7 9
m12_119 12 25 0 5 0 7 0 8 0 9 1 6 1 8 1 9 1 10 2 6 2 8 2 9 2 10 3 7 3 8 3 9 3 10 4 7 4 10 4 11 5 10 5 11 6 7 6 11 8 11 9 11
m12_120 12 27 0 5 0 6 0 7 0 10 0 11 1 6 1 7 1 9 1 10 1 11 2 6 2 7 2 9 2 10 2 11 3 8 3 9 3 10 3 11 4 8 4 9 4 10 4 11 5 8 5 9 6 8 7 8
m12_121 12 27 0 5 0 6 0 7 0 10 1 6 1 7 1 9 1 10 2 6 2 7 2 9 2 10 3 8 3 9 3 10 3 11 4 8 4 9 4 10 4 11 5 8 5 9 5 11 6 8 6 11 7 8 7 11
m12_122 12 25 0 5 0 6 0 7 0 10 1 6 1 7 1 10 1 11 2 6 2 9 2 10 2 11 3 7 3 8 3 10 3 11 4 8 4 9 4 10 4 11 5 8 5 9 5 11 6 8 7 9
m12_123 12 25 0 5 0 6 0 7 0 10 1 6 1 9 1 10 1 11 2 6 2 9 2 10 2 11 3 7 3 8 3 10 3 11 4 7 4 8 4 10 4 11 5 8 5 9 5 11 6 8 7 9
m12_124 12 28 0 5 0 6 0 8 0 9 0 11 1 6 1 8 1 9 1 10 1 11 2 6 2 8 2 9 2 10 2 11 3 7 3 8 3 9 3 10 3 11 4 7 4 8 4 9 4 10 4 11 5 7 5 10 6 7
m12_125 12 28 0 5 0 6 0 8 0 9 1 6 1 8 1 9 1 10 1 11 2 6 2 8 2 9 2 10 2 11 3 7 3 8 3 9 3 10 3 11 4 7 4 8 4 9 4 10 4 11 5 7 5 10 5 11 6 7
m12_126 12 24 0 5 0 6 0 8 0 9 1 5 1 6 1 8 1 9 2 7 2 9 2 10 3 7 3 9 3 10 4 8 4 10 4 11 5 10 5 11 6 10 6 11 7 8 7 11 9 11
m12_127 12 24 0 5 0 6 0 8 0 10 1 5 1 6 1 8 1 10 2 7 2 10 2 11 3 7 3 10 3 11 4 8 4 9 4 10 4 11 5 9 5 11 6 9 6 11 7 8 7 9
m12_128 12 29 0 5 0 6 0 7 0 9 0 11 1 5 1 6 1 7 1 9 1 11 2 7 2 8 2 9 2 10 2 11 3 7 3 8 3 9 3 10 3 11 4 7 4 8 4 9 4 10 4 11 5 8 5 10 6 8 6 10
m12_129 12 23 0 5 0 6 0 10 0 11 1 5 1 7 1 9 1 11 2 6 2 7 2 8 2 11 3 8 3 9 3 10 3 11 4 8 4 9 4 10 4 11 5 8 6 9 7 10
m12_130 12 22 0 5 0 6 0 10 1 5 1 7 1 9 2 6 2 7 2 8 2 11 3 8 3 9 3 10 3 11 4 8 4 9 4 10 4 11 5 8 5 11 6 9 7 10
m12_131 12 25 0 5 0 6 0 7 0 10 1 5 1 7 1 9 1 10 2 6 2 7 2 8 2 10 3 8 3 9 3 10 3 11 4 8 4 9 4 10 4 11 5 8 5 11 6 9 6 11 7 11
m12_132 12 24 0 5 0 6 0 8 0 10 1 5 1 8 1 9 1 10 2 6 2 7 2 8 2 10 3 7 3 10 3 11 4 9 4 10 4 11 5 7 5 11 6 9 6 11 7 9 8 11
m12_133 12 24 0 5 0 6 0 10 0 11 1 5 1 9 1 10 1 11 2 6 2 7 2 11 3 7 3 8 3 9 3 11 4 8 4 9 4 10 4 11 5 7 5 8 6 8 6 9 7 10
m12_134 12 25 0 5 0 6 0 10 0 11 1 5 1 9 1 10 1 11 2 6 2 7 2 10 2 11 3 7 3 8 3 10 3 11 4 8 4 9 4 10 4 11 5 7 5 8 6 8 6 9 7 9
m12_135 12 26 0 5 0 6 0 10 0 11 1 5 1 9 1 10 1 11 2 6 2 7 2 8 2 10 2 11 3 7 3 8 3 9 3 10 3 11 4 7 4 8 4 9 4 10 4 11 5 7 5 8 6 9
m12_136 12 27 0 5 0 6 0 9 0 10 0 11 1 5 1 8 1 9 1 10 1 11 2 6 2 7 2 9 2 10 2 11 3 7 3 8 3 9 3 10 3 11 4 7 4 8 4 9 4 10 4 11 5 7 6 8
m12_137 12 26 0 5 0 6 0 10 0 11 1 5 1 9 1 10 1 11 2 6 2 8 2 10 2 11 3 7 3 8 3 9 3 10 3 11 4 7 4 8 4 9 4 10 4 11 5 7 5 8 6 7 6 9
m12_138 12 27 0 5 0 6 0 7 0 9 0 11 1 5 1 6 1 7 1 9 1 11 2 6 2 7 2 8 2 9 2 11 3 8 3 9 3 10 3 11 4 8 4 9 4 10 4 11 5 8 5 10 6 10 7 10
m12_139 12 25 0 5 0 8 0 9 0 10 1 5 1 8 1 9 1 10 2 6 2 7 2 8 2 9 3 6 3 7 3 8 3 9 4 7 4 10 4 11 5 7 5 11 6 10 6 11 8 11 9 11
m12_140 12 28 0 5 0 8 0 9 0 10 0 11 1 5 1 8 1 9 1 10 1 11 2 6 2 7 2 9 2 10 2 11 3 6 3 7 3 9 3 10 3 11 4 7 4 8 4 9 4 10 4 11 5 6 5 7 6 8
m12_141 12 23 0 4 0 7 0 9 0 10 1 5 1 7 1 8 1 10 2 6 2 7 2 8 2 9 3 8 3 9 3 10 3 11 4 8 4 11 5 9 5 11 6 10 6 11 7 11
m12_142 12 23 0 4 0 7 0 10 1 5 1 7 1 9 2 6 2 7 2 8 3 8 3 9 3 10 3 11 4 8 4 9 4 11 5 8 5 10 5 11 6 9 6 10 6 11 7 11
m12_143 12 24 0 4 0 6 0 7 0 8 1 5 1 7 1 10 2 6 2 7 2 8 2 9 3 8 3 9 3 10 3 11 4 9 4 10 4 11 5 8 5 9 5 11 6 10 6 11 7 11
m12_144 12 24 0 4 0 6 0 7 0 9 1 5 1 6 1 7 1 8 2 6 2 8 2 9 2 11 3 7 3 8 3 9 3 10 4 8 4 10 4 11 5 9 5 10 5 11 6 10 7 11
m12_145 12 24 0 4 0 6 0 10 0 11 1 5 1 6 1 7 1 9 2 6 2 9 2 10 2 11 3 7 3 8 3 9 3 10 4 7 4 8 4 9 5 8 5 10 5 11 6 8 7 11
m12_146 12 26 0 4 0 5 0 8 0 11 1 4 1 5 1 8 1 11 2 6 2 7 2 8 2 9 3 6 3 7 3 8 3 9 4 9 4 10 5 9 5 10 6 10 6 11 7 10 7 11 8 10 9 11
