m8_0 8 7 0 7 1 7 2 7 3 7 4 7 5 7 6 7
m8_1 8 12 0 6 0 7 1 6 1 7 2 6 2 7 3 6 3 7 4 6 4 7 5 6 5 7
m8_2 8 11 0 5 0 6 1 6 1 7 2 6 2 7 3 6 3 7 4 6 4 7 5 7
m8_3 8 11 0 5 0 7 1 5 1 7 2 6 2 7 3 6 3 7 4 6 4 7 5 6
m8_4 8 15 0 5 0 6 0 7 1 5 1 6 1 7 2 5 2 6 2 7 3 5 3 6 3 7 4 5 4 6 4 7
m8_5 8 13 0 4 0 5 0 6 1 5 1 6 1 7 2 5 2 6 2 7 3 5 3 6 3 7 4 7
m8_6 8 12 0 4 0 5 0 6 1 4 1 5 1 6 2 6 2 7 3 6 3 7 4 7 5 7
m8_7 8 13 0 4 0 6 0 7 1 4 1 6 1 7 2 5 2 6 2 7 3 5 3 6 3 7 4 5
m8_8 8 16 0 4 0 5 0 6 0 7 1 4 1 5 1 6 1 7 2 4 2 5 2 6 2 7 3 4 3 5 3 6 3 7
m8_9 8 12 0 3 0 4 0 5 1 4 1 5 1 6 2 5 2 6 2 7 3 6 3 7 4 7
