m11_15 11 21 0 6 0 7 0 8 1 7 1 8 1 10 2 8 2 9 2 10 3 8 3 9 3 10 4 8 4 9 4 10 5 8 5 9 5 10 6 9 6 10 7 9
m11_16 11 21 0 6 0 7 0 10 1 7 1 9 1 10 2 7 2 9 2 10 3 8 3 9 3 10 4 8 4 9 4 10 5 8 5 9 5 10 6 8 6 9 7 8
m11_20 11 20 0 6 0 7 0 10 1 6 1 9 1 10 2 7 2 8 2 10 3 8 3 9 3 10 4 8 4 9 4 10 5 8 5 9 5 10 6 8 7 9
m11_21 11 21 0 6 0 7 0 10 1 6 1 7 1 10 2 7 2 8 2 10 3 8 3 9 3 10 4 8 4 9 4 10 5 8 5 9 5 10 6 8 6 9 7 9
m11_22 11 20 0 6 0 7 0 10 1 6 1 8 1 10 2 7 2 9 2 10 3 7 3 9 3 10 4 8 4 9 4 10 5 8 5 9 5 10 6 9 7 8
m11_23 11 21 0 6 0 9 0 10 1 6 1 9 1 10 2 7 2 8 2 10 3 7 3 8 3 10 4 8 4 9 4 10 5 8 5 9 5 10 6 7 6 8 7 9
m11_30 11 20 0 6 0 7 0 10 1 6 1 9 1 10 2 6 2 9 2 10 3 7 3 8 3 10 4 7 4 8 4 10 5 8 5 9 5 10 6 8 7 9
m11_33 11 20 0 5 0 7 0 10 1 6 1 7 1 9 2 7 2 9 2 10 3 8 3 9 3 10 4 8 4 9 4 10 5 8 5 9 6 8 6 10 7 8
m11_34 11 22 0 5 0 7 0 10 1 6 1 7 1 9 2 7 2 8 2 9 2 10 3 7 3 8 3 9 3 10 4 7 4 8 4 9 4 10 5 8 5 9 6 8 6 10
m11_35 11 23 0 5 0 6 0 7 0 8 1 6 1 7 1 8 1 10 2 7 2 8 2 9 2 10 3 7 3 8 3 9 3 10 4 7 4 8 4 9 4 10 5 9 5 10 6 9
m11_36 11 23 0 5 0 6 0 7 1 6 1 7 1 9 1 10 2 7 2 8 2 9 2 10 3 7 3 8 3 9 3 10 4 7 4 8 4 9 4 10 5 8 5 9 5 10 6 8
m11_37 11 20 0 5 0 6 0 8 1 6 1 7 1 8 1 9 2 8 2 9 2 10 3 8 3 9 3 10 4 8 4 9 4 10 5 7 5 9 6 10 7 10
m11_38 11 20 0 5 0 7 0 8 1 6 1 7 1 10 2 6 2 7 2 10 3 8 3 9 3 10 4 8 4 9 4 10 5 9 5 10 6 8 6 9 7 9
m11_39 11 20 0 5 0 7 0 10 1 6 1 9 1 10 2 6 2 9 2 10 3 7 3 8 3 10 4 8 4 9 4 10 5 8 5 9 6 7 6 8 7 9
m11_40 11 21 0 5 0 7 0 9 1 6 1 9 1 10 2 6 2 9 2 10 3 7 3 8 3 9 3 10 4 7 4 8 4 9 4 10 5 8 5 10 6 7 6 8
m11_41 11 22 0 5 0 6 0 7 0 10 1 6 1 7 1 9 1 10 2 6 2 7 2 9 2 10 3 8 3 9 3 10 4 8 4 9 4 10 5 8 5 9 6 8 7 8
m11_42 11 20 0 5 0 6 0 7 0 10 1 6 1 9 1 10 2 6 2 9 2 10 3 7 3 8 3 10 4 7 4 8 4 10 5 8 5 9 6 8 7 9
m11_43 11 23 0 5 0 6 0 8 0 9 1 6 1 8 1 9 1 10 2 6 2 8 2 9 2 10 3 7 3 8 3 9 3 10 4 7 4 8 4 9 4 10 5 7 5 10 6 7
m11_46 11 18 0 5 0 6 0 10 1 5 1 7 1 9 2 6 2 7 2 8 3 8 3 9 3 10 4 8 4 9 4 10 5 8 6 9 7 10
m11_47 11 20 0 5 0 6 0 10 1 5 1 9 1 10 2 6 2 7 2 10 3 7 3 8 3 10 4 8 4 9 4 10 5 7 5 8 6 8 6 9 7 9
m11_48 11 21 0 5 0 6 0 10 1 5 1 9 1 10 2 6 2 7 2 8 2 10 3 7 3 8 3 9 3 10 4 7 4 8 4 9 4 10 5 7 5 8 6 9
m11_49 11 22 0 5 0 6 0 9 0 10 1 5 1 8 1 9 1 10 2 6 2 7 2 9 2 10 3 7 3 8 3 9 3 10 4 7 4 8 4 9 4 10 5 7 6 8
m11_50 11 21 0 5 0 6 0 10 1 5 1 9 1 10 2 6 2 8 2 10 3 7 3 8 3 9 3 10 4 7 4 8 4 9 4 10 5 7 5 8 6 7 6 9
m11_51 11 22 0 5 0 6 0 7 0 9 1 5 1 6 1 7 1 9 2 6 2 7 2 8 2 9 3 8 3 9 3 10 4 8 4 9 4 10 5 8 5 10 6 10 7 10
m11_52 11 23 0 5 0 8 0 9 0 10 1 5 1 8 1 9 1 10 2 6 2 7 2 9 2 10 3 6 3 7 3 9 3 10 4 7 4 8 4 9 4 10 5 6 5 7 6 8
m11_56 11 21 0 4 0 6 0 9 0 10 1 5 1 6 1 8 1 10 2 6 2 8 2 9 2 10 3 7 3 8 3 9 3 10 4 7 4 8 5 7 5 9 6 7
m11_57 11 21 0 4 0 6 0 9 1 5 1 6 1 8 1 10 2 6 2 8 2 9 2 10 3 7 3 8 3 9 3 10 4 7 4 8 4 10 5 7 5 9 6 7
m11_58 11 22 0 4 0 5 0 6 0 7 1 5 1 6 1 7 1 8 2 6 2 7 2 8 2 9 3 7 3 8 3 9 3 10 4 8 4 9 4 10 5 9 5 10 6 10
m11_59 11 21 0 4 0 6 0 7 1 5 1 7 1 8 1 9 2 5 2 7 2 8 2 9 3 6 3 8 3 9 3 10 4 8 4 9 4 10 5 6 5 10 7 10
m11_60 11 19 0 3 0 6 0 9 1 4 1 6 1 8 2 5 2 6 2 7 3 7 3 8 3 10 4 7 4 9 4 10 5 8 5 9 5 10 6 10
