11 18 3 0 1 3 0 1 3 3 0 1 3
11 18 3 0 1 3 1 0 3 3 0 1 3
11 18 3 0 1 3 1 0 3 3 1 0 3
11 18 3 0 1 3 2 0 2 3 0 1 3
11 18 3 0 1 3 2 0 2 3 1 0 3
11 18 3 0 1 3 3 0 1 3 0 1 3
11 18 3 0 1 3 3 0 1 3 1 0 3
11 18 3 0 1 3 3 0 1 3 2 0 2
11 18 3 0 1 3 3 0 1 3 3 0 1
11 18 3 1 0 3 1 0 3 3 1 0 3
11 18 3 1 0 3 2 0 2 3 1 0 3
11 18 3 1 0 3 3 0 1 3 1 0 3
11 18 3 1 0 3 3 0 1 3 2 0 2
11 18 3 1 0 3 3 0 1 3 3 0 1
11 18 3 1 0 3 3 1 0 3 1 0 3
11 18 3 1 0 3 3 1 0 3 2 0 2
11 18 3 1 0 3 3 1 0 3 3 0 1
11 18 3 1 0 3 3 1 0 3 3 1 0
11 18 3 2 0 2 3 0 1 3 3 0 1
11 18 3 2 0 2 3 1 0 3 3 0 1
11 18 3 2 0 2 3 1 0 3 3 1 0
11 18 3 3 0 1 3 0 1 3 3 0 1
11 18 3 3 0 1 3 1 0 3 3 0 1
11 18 3 3 0 1 3 1 0 3 3 1 0
11 18 3 3 0 1 3 2 0 2 3 0 1
11 18 3 3 0 1 3 2 0 2 3 1 0
11 18 3 3 0 1 3 3 0 1 3 0 1
11 18 3 3 0 1 3 3 0 1 3 1 0
11 18 3 3 1 0 3 1 0 3 3 1 0
11 18 3 3 1 0 3 2 0 2 3 1 0
11 18 3 3 1 0 3 3 0 1 3 1 0
11 18 3 3 1 0 3 3 1 0 3 1 0
14 8 1 0 0 1 1 0 0 1 1 1 0 0 1 1
14 8 1 0 0 1 1 1 0 0 1 1 0 0 1 1
14 8 1 0 0 1 1 1 0 0 1 1 1 0 0 1
14 8 1 1 0 0 1 1 0 0 1 1 1 0 0 1
14 8 1 1 0 0 1 1 1 0 0 1 1 0 0 1
14 8 1 1 0 0 1 1 1 0 0 1 1 1 0 0
14 8 1 1 1 0 0 1 1 0 0 1 1 1 0 0
14 8 1 1 1 0 0 1 1 1 0 0 1 1 0 0
14 13 2 0 0 1 2 0 0 1 2 2 0 0 1 2
14 13 2 0 0 1 2 0 1 0 2 2 0 0 1 2
14 13 2 0 0 1 2 1 0 0 2 2 0 0 1 2
14 13 2 0 0 1 2 1 0 0 2 2 0 1 0 2
14 13 2 0 0 1 2 1 0 0 2 2 1 0 0 2
14 13 2 0 0 1 2 1 0 1 1 2 0 0 1 2
14 13 2 0 0 1 2 2 0 0 1 2 0 0 1 2
14 13 2 0 0 1 2 2 0 0 1 2 0 1 0 2
14 13 2 0 0 1 2 2 0 0 1 2 1 0 0 2
14 13 2 0 0 1 2 2 0 0 1 2 1 0 1 1
14 13 2 0 0 1 2 2 0 0 1 2 2 0 0 1
14 13 2 0 1 0 2 1 0 0 2 2 1 0 0 2
14 13 2 0 1 0 2 2 0 0 1 2 1 0 0 2
14 13 2 0 1 0 2 2 0 0 1 2 2 0 0 1
14 13 2 1 0 0 2 1 0 0 2 2 1 0 0 2
14 13 2 1 0 0 2 1 1 0 1 2 1 0 0 2
14 13 2 1 0 0 2 2 0 0 1 2 1 0 0 2
14 13 2 1 0 0 2 2 0 0 1 2 2 0 0 1
14 13 2 1 0 0 2 2 0 1 0 2 1 0 0 2
14 13 2 1 0 0 2 2 0 1 0 2 2 0 0 1
14 13 2 1 0 0 2 2 1 0 0 2 1 0 0 2
14 13 2 1 0 0 2 2 1 0 0 2 1 1 0 1
14 13 2 1 0 0 2 2 1 0 0 2 2 0 0 1
14 13 2 1 0 0 2 2 1 0 0 2 2 0 1 0
14 13 2 1 0 0 2 2 1 0 0 2 2 1 0 0
14 13 2 1 0 1 1 2 0 0 1 2 2 0 0 1
14 13 2 1 1 0 1 2 1 0 0 2 2 1 0 0
14 13 2 2 0 0 1 2 0 0 1 2 2 0 0 1
14 13 2 2 0 0 1 2 0 1 0 2 2 0 0 1
14 13 2 2 0 0 1 2 1 0 0 2 2 0 0 1
14 13 2 2 0 0 1 2 1 0 0 2 2 0 1 0
14 13 2 2 0 0 1 2 1 0 0 2 2 1 0 0
14 13 2 2 0 0 1 2 1 0 1 1 2 0 0 1
14 13 2 2 0 0 1 2 2 0 0 1 2 0 0 1
14 13 2 2 0 0 1 2 2 0 0 1 2 0 1 0
14 13 2 2 0 0 1 2 2 0 0 1 2 1 0 0
14 13 2 2 0 1 0 2 1 0 0 2 2 1 0 0
14 13 2 2 0 1 0 2 2 0 0 1 2 1 0 0
14 13 2 2 1 0 0 2 1 0 0 2 2 1 0 0
14 13 2 2 1 0 0 2 1 1 0 1 2 1 0 0
14 13 2 2 1 0 0 2 2 0 0 1 2 1 0 0
14 13 2 2 1 0 0 2 2 0 1 0 2 1 0 0
14 13 2 2 1 0 0 2 2 1 0 0 2 1 0 0
14 14 2 0 0 1 2 0 0 1 2 2 0 0 2 2
14 14 2 0 0 1 2 1 0 0 2 2 0 0 2 2
14 14 2 0 0 1 2 1 0 0 2 2 1 0 1 2
14 14 2 0 0 1 2 1 0 0 2 2 2 0 0 2
14 14 2 0 0 1 2 2 0 0 2 2 2 0 0 1
14 14 2 0 0 2 2 0 0 1 2 1 0 0 2 2
14 14 2 0 0 2 2 1 0 0 2 1 0 0 2 2
14 14 2 0 0 2 2 2 0 0 1 2 0 0 1 2
14 14 2 0 0 2 2 2 0 0 1 2 1 0 0 2
14 14 2 1 0 0 2 1 0 0 2 2 2 0 0 2
14 14 2 1 0 0 2 2 0 0 2 2 2 0 0 1
14 14 2 1 0 0 2 2 1 0 1 2 2 0 0 1
14 14 2 1 0 0 2 2 2 0 0 2 2 0 0 1
14 14 2 1 0 0 2 2 2 0 0 2 2 1 0 0
14 14 2 1 0 1 2 2 0 0 1 2 1 0 0 2
14 14 2 2 0 0 1 2 0 0 1 2 2 0 0 2
14 14 2 2 0 0 1 2 1 0 0 2 2 0 0 2
14 14 2 2 0 0 1 2 1 0 0 2 2 1 0 1
14 14 2 2 0 0 1 2 1 0 0 2 2 2 0 0
14 14 2 2 0 0 2 2 0 0 1 2 1 0 0 2
14 14 2 2 0 0 2 2 1 0 0 2 1 0 0 2
14 14 2 2 0 0 2 2 2 0 0 1 2 0 0 1
14 14 2 2 0 0 2 2 2 0 0 1 2 1 0 0
14 14 2 2 1 0 0 2 1 0 0 2 2 2 0 0
14 14 2 2 1 0 1 2 2 0 0 1 2 1 0 0
14 14 2 2 2 0 0 1 2 0 0 1 2 2 0 0
14 14 2 2 2 0 0 1 2 1 0 0 2 2 0 0
14 14 2 2 2 0 0 2 2 0 0 1 2 1 0 0
14 14 2 2 2 0 0 2 2 1 0 0 2 1 0 0
17 8 1 0 0 0 1 1 0 0 0 1 1 1 0 0 0 1 1
17 8 1 0 0 0 1 1 0 0 1 0 1 1 0 0 0 1 1
17 8 1 0 0 0 1 1 0 1 0 0 1 1 0 0 0 1 1
17 8 1 0 0 0 1 1 1 0 0 0 1 1 0 0 0 1 1
17 8 1 0 0 0 1 1 1 0 0 0 1 1 0 0 1 0 1
17 8 1 0 0 0 1 1 1 0 0 0 1 1 0 1 0 0 1
17 8 1 0 0 0 1 1 1 0 0 0 1 1 1 0 0 0 1
17 8 1 0 0 1 0 1 1 0 0 0 1 1 1 0 0 0 1
17 8 1 0 0 1 1 0 0 0 1 1 1 0 0 0 1 1 0
17 8 1 0 1 0 0 1 1 0 0 0 1 1 1 0 0 0 1
17 8 1 0 1 1 0 0 0 1 1 1 0 0 0 1 1 0 0
17 8 1 1 0 0 0 1 1 0 0 0 1 1 1 0 0 0 1
17 8 1 1 0 0 0 1 1 0 0 1 0 1 1 0 0 0 1
17 8 1 1 0 0 0 1 1 0 1 0 0 1 1 0 0 0 1
17 8 1 1 0 0 0 1 1 1 0 0 0 1 1 0 0 0 1
17 8 1 1 0 0 0 1 1 1 0 0 0 1 1 0 0 1 0
17 8 1 1 0 0 0 1 1 1 0 0 0 1 1 0 1 0 0
17 8 1 1 0 0 0 1 1 1 0 0 0 1 1 1 0 0 0
17 8 1 1 0 0 1 0 1 1 0 0 0 1 1 1 0 0 0
17 8 1 1 0 1 0 0 1 1 0 0 0 1 1 1 0 0 0
17 8 1 1 1 0 0 0 1 1 0 0 0 1 1 1 0 0 0
17 8 1 1 1 0 0 0 1 1 0 0 1 0 1 1 0 0 0
17 8 1 1 1 0 0 0 1 1 0 1 0 0 1 1 0 0 0
17 8 1 1 1 0 0 0 1 1 1 0 0 0 1 1 0 0 0
17 13 2 0 0 0 1 2 0 0 0 1 2 2 0 0 0 1 2
17 13 2 0 0 0 1 2 0 0 0 2 1 2 0 0 0 1 2
17 13 2 0 0 0 1 2 0 0 0 2 1 2 0 0 0 2 1
17 13 2 0 0 0 1 2 0 0 1 0 2 2 0 0 0 1 2
17 13 2 0 0 0 1 2 0 0 1 0 2 2 0 0 1 0 2
17 13 2 0 0 0 1 2 0 0 1 1 1 2 0 0 0 1 2
17 13 2 0 0 0 1 2 0 0 1 1 1 2 0 0 0 2 1
17 13 2 0 0 0 1 2 0 1 0 0 2 2 0 0 0 1 2
17 13 2 0 0 0 1 2 0 1 0 0 2 2 0 0 1 0 2
17 13 2 0 0 0 1 2 0 1 0 0 2 2 0 1 0 0 2
17 13 2 0 0 0 1 2 0 1 0 1 1 2 0 0 0 1 2
17 13 2 0 0 0 1 2 0 1 0 1 1 2 0 0 0 2 1
17 13 2 0 0 0 1 2 0 2 0 0 1 2 0 0 0 1 2
17 13 2 0 0 0 1 2 0 2 0 0 1 2 0 1 0 0 2
17 13 2 0 0 0 1 2 1 0 0 0 2 2 0 0 0 1 2
17 13 2 0 0 0 1 2 1 0 0 0 2 2 0 0 1 0 2
17 13 2 0 0 0 1 2 1 0 0 0 2 2 0 1 0 0 2
17 13 2 0 0 0 1 2 1 0 0 0 2 2 1 0 0 0 2
17 13 2 0 0 0 1 2 1 0 0 1 1 2 0 0 0 1 2
17 13 2 0 0 0 1 2 1 0 0 1 1 2 0 0 0 2 1
17 13 2 0 0 0 1 2 1 0 0 1 1 2 0 0 1 0 2
17 13 2 0 0 0 1 2 1 0 0 1 1 2 0 1 0 0 2
17 13 2 0 0 0 1 2 1 0 0 1 1 2 1 0 0 0 2
17 13 2 0 0 0 1 2 1 0 1 0 1 2 0 0 0 1 2
17 13 2 0 0 0 1 2 1 0 1 0 1 2 0 0 0 2 1
17 13 2 0 0 0 1 2 1 0 1 0 1 2 0 0 1 0 2
17 13 2 0 0 0 1 2 1 0 1 0 1 2 1 0 0 0 2
17 13 2 0 0 0 1 2 1 1 0 0 1 2 0 0 0 1 2
17 13 2 0 0 0 1 2 1 1 0 0 1 2 0 0 0 2 1
17 13 2 0 0 0 1 2 1 1 0 0 1 2 0 0 1 0 2
17 13 2 0 0 0 1 2 1 1 0 0 1 2 0 1 0 0 2
17 13 2 0 0 0 1 2 1 1 0 0 1 2 0 1 0 1 1
17 13 2 0 0 0 1 2 1 1 0 0 1 2 1 0 0 0 2
17 13 2 0 0 0 1 2 2 0 0 0 1 2 0 0 0 1 2
17 13 2 0 0 0 1 2 2 0 0 0 1 2 0 0 0 2 1
17 13 2 0 0 0 1 2 2 0 0 0 1 2 0 0 1 0 2
17 13 2 0 0 0 1 2 2 0 0 0 1 2 0 0 1 1 1
17 13 2 0 0 0 1 2 2 0 0 0 1 2 0 1 0 0 2
17 13 2 0 0 0 1 2 2 0 0 0 1 2 0 1 0 1 1
17 13 2 0 0 0 1 2 2 0 0 0 1 2 0 2 0 0 1
17 13 2 0 0 0 1 2 2 0 0 0 1 2 1 0 0 0 2
17 13 2 0 0 0 1 2 2 0 0 0 1 2 1 0 0 1 1
17 13 2 0 0 0 1 2 2 0 0 0 1 2 1 0 1 0 1
17 13 2 0 0 0 1 2 2 0 0 0 1 2 1 1 0 0 1
17 13 2 0 0 0 1 2 2 0 0 0 1 2 2 0 0 0 1
17 13 2 0 0 0 2 1 0 0 0 2 1 2 0 0 0 2 1
17 13 2 0 0 0 2 1 0 0 0 2 2 1 0 0 0 2 1
17 13 2 0 0 0 2 1 0 0 1 1 1 2 0 0 0 2 1
17 13 2 0 0 0 2 1 0 0 1 1 2 1 0 0 0 2 1
17 13 2 0 0 0 2 1 0 1 0 1 1 2 0 0 0 2 1
17 13 2 0 0 0 2 1 0 1 0 1 2 1 0 0 0 2 1
17 13 2 0 0 0 2 1 1 0 0 1 1 2 0 0 0 2 1
17 13 2 0 0 0 2 1 1 0 0 1 2 1 0 0 0 2 1
17 13 2 0 0 0 2 1 1 0 1 0 1 2 0 0 0 2 1
17 13 2 0 0 0 2 1 1 0 1 0 2 1 0 0 0 2 1
17 13 2 0 0 0 2 1 1 1 0 0 1 2 0 0 0 2 1
17 13 2 0 0 0 2 1 1 1 0 0 2 1 0 0 0 2 1
17 13 2 0 0 0 2 1 2 0 0 0 1 2 0 0 0 2 1
17 13 2 0 0 0 2 1 2 0 0 0 1 2 0 0 1 1 1
17 13 2 0 0 0 2 1 2 0 0 0 1 2 0 1 0 1 1
17 13 2 0 0 0 2 1 2 0 0 0 1 2 1 0 0 1 1
17 13 2 0 0 0 2 1 2 0 0 0 1 2 1 0 1 0 1
17 13 2 0 0 0 2 1 2 0 0 0 1 2 1 1 0 0 1
17 13 2 0 0 0 2 1 2 0 0 0 1 2 2 0 0 0 1
17 13 2 0 0 0 2 1 2 0 0 0 2 1 0 0 0 2 1
17 13 2 0 0 0 2 1 2 0 0 0 2 1 0 0 1 1 1
17 13 2 0 0 0 2 1 2 0 0 0 2 1 0 1 0 1 1
17 13 2 0 0 0 2 1 2 0 0 0 2 1 1 0 0 1 1
17 13 2 0 0 0 2 1 2 0 0 0 2 1 1 0 1 0 1
17 13 2 0 0 0 2 1 2 0 0 0 2 1 1 1 0 0 1
17 13 2 0 0 0 2 1 2 0 0 0 2 1 2 0 0 0 1
17 13 2 0 0 1 0 2 0 0 1 0 2 2 0 0 1 0 2
17 13 2 0 0 1 0 2 0 1 0 0 2 2 0 0 1 0 2
17 13 2 0 0 1 0 2 0 1 0 0 2 2 0 1 0 0 2
17 13 2 0 0 1 0 2 1 0 0 0 2 2 0 0 1 0 2
17 13 2 0 0 1 0 2 1 0 0 0 2 2 0 1 0 0 2
17 13 2 0 0 1 0 2 1 0 0 0 2 2 1 0 0 0 2
17 13 2 0 0 1 0 2 1 0 0 1 1 2 0 0 1 0 2
17 13 2 0 0 1 0 2 1 0 0 1 1 2 0 1 0 0 2
17 13 2 0 0 1 0 2 1 0 0 1 1 2 1 0 0 0 2
17 13 2 0 0 1 0 2 1 0 0 2 0 2 1 0 0 0 2
17 13 2 0 0 1 0 2 1 1 0 0 1 2 0 0 1 0 2
17 13 2 0 0 1 0 2 1 1 0 0 1 2 0 1 0 0 2
17 13 2 0 0 1 0 2 1 1 0 0 1 2 1 0 0 0 2
17 13 2 0 0 1 0 2 2 0 0 0 1 2 0 0 1 0 2
17 13 2 0 0 1 0 2 2 0 0 0 1 2 0 1 0 0 2
17 13 2 0 0 1 0 2 2 0 0 0 1 2 1 0 0 0 2
17 13 2 0 0 1 0 2 2 0 0 0 1 2 1 0 0 1 1
17 13 2 0 0 1 0 2 2 0 0 0 1 2 1 0 1 0 1
17 13 2 0 0 1 0 2 2 0 0 0 1 2 1 1 0 0 1
17 13 2 0 0 1 0 2 2 0 0 0 1 2 2 0 0 0 1
17 13 2 0 0 1 0 2 2 0 0 1 0 2 0 0 1 0 2
17 13 2 0 0 1 0 2 2 0 0 1 0 2 0 1 0 0 2
17 13 2 0 0 1 0 2 2 0 0 1 0 2 1 0 0 0 2
17 13 2 0 0 1 0 2 2 0 0 1 0 2 1 0 0 1 1
17 13 2 0 0 1 0 2 2 0 0 1 0 2 1 1 0 0 1
17 13 2 0 0 1 0 2 2 0 0 1 0 2 2 0 0 0 1
17 13 2 0 0 1 0 2 2 0 0 1 0 2 2 0 0 1 0
17 13 2 0 0 1 1 1 2 0 0 0 1 2 2 0 0 0 1
17 13 2 0 0 1 1 1 2 0 0 0 2 1 2 0 0 0 1
17 13 2 0 0 1 2 0 0 0 1 2 2 0 0 0 1 2 0
17 13 2 0 0 1 2 0 1 0 0 2 2 0 0 0 1 2 0
17 13 2 0 1 0 0 2 0 1 0 0 2 2 0 1 0 0 2
17 13 2 0 1 0 0 2 1 0 0 0 2 2 0 1 0 0 2
17 13 2 0 1 0 0 2 1 0 0 0 2 2 1 0 0 0 2
17 13 2 0 1 0 0 2 1 0 0 1 1 2 0 1 0 0 2
17 13 2 0 1 0 0 2 1 0 0 1 1 2 1 0 0 0 2
17 13 2 0 1 0 0 2 1 0 1 0 1 2 1 0 0 0 2
17 13 2 0 1 0 0 2 1 1 0 0 1 2 0 1 0 0 2
17 13 2 0 1 0 0 2 1 1 0 0 1 2 1 0 0 0 2
17 13 2 0 1 0 0 2 2 0 0 0 1 2 0 1 0 0 2
17 13 2 0 1 0 0 2 2 0 0 0 1 2 0 2 0 0 1
17 13 2 0 1 0 0 2 2 0 0 0 1 2 1 0 0 0 2
17 13 2 0 1 0 0 2 2 0 0 0 1 2 1 0 0 1 1
17 13 2 0 1 0 0 2 2 0 0 0 1 2 1 1 0 0 1
17 13 2 0 1 0 0 2 2 0 0 0 1 2 2 0 0 0 1
17 13 2 0 1 0 0 2 2 0 0 1 0 2 0 1 0 0 2
17 13 2 0 1 0 0 2 2 0 0 1 0 2 1 0 0 0 2
17 13 2 0 1 0 0 2 2 0 0 1 0 2 1 0 0 1 1
17 13 2 0 1 0 0 2 2 0 0 1 0 2 1 1 0 0 1
17 13 2 0 1 0 0 2 2 0 0 1 0 2 2 0 0 0 1
17 13 2 0 1 0 0 2 2 0 0 1 0 2 2 0 0 1 0
17 13 2 0 1 0 0 2 2 0 1 0 0 2 0 1 0 0 2
17 13 2 0 1 0 0 2 2 0 1 0 0 2 1 0 0 0 2
17 13 2 0 1 0 0 2 2 0 1 0 0 2 1 0 0 1 1
17 13 2 0 1 0 0 2 2 0 1 0 0 2 1 1 0 0 1
17 13 2 0 1 0 0 2 2 0 1 0 0 2 2 0 0 0 1
17 13 2 0 1 0 0 2 2 0 1 0 0 2 2 0 0 1 0
17 13 2 0 1 0 0 2 2 0 1 0 0 2 2 0 1 0 0
17 13 2 0 1 0 1 1 2 0 0 0 1 2 1 1 0 0 1
17 13 2 0 1 0 1 1 2 0 0 0 1 2 2 0 0 0 1
17 13 2 0 1 0 1 1 2 0 0 0 2 1 2 0 0 0 1
17 13 2 0 2 0 0 1 2 0 0 0 1 2 2 0 0 0 1
17 13 2 0 2 0 0 1 2 0 1 0 0 2 2 0 0 0 1
17 13 2 0 2 1 0 0 0 2 2 0 0 1 0 2 1 0 0
17 13 2 0 2 1 0 0 0 2 2 1 0 0 0 2 1 0 0
17 13 2 1 0 0 0 2 1 0 0 0 2 2 1 0 0 0 2
17 13 2 1 0 0 0 2 1 0 0 1 1 2 1 0 0 0 2
17 13 2 1 0 0 0 2 1 0 0 2 0 2 1 0 0 0 2
17 13 2 1 0 0 0 2 1 0 1 0 1 2 1 0 0 0 2
17 13 2 1 0 0 0 2 1 1 0 0 1 2 1 0 0 0 2
17 13 2 1 0 0 0 2 1 1 0 1 0 2 1 0 0 0 2
17 13 2 1 0 0 0 2 1 1 0 1 0 2 1 0 0 1 1
17 13 2 1 0 0 0 2 1 1 1 0 0 2 1 0 0 0 2
17 13 2 1 0 0 0 2 1 2 0 0 0 2 1 0 0 0 2
17 13 2 1 0 0 0 2 1 2 0 0 0 2 1 0 0 1 1
17 13 2 1 0 0 0 2 1 2 0 0 0 2 1 0 1 0 1
17 13 2 1 0 0 0 2 1 2 0 0 0 2 1 1 0 0 1
17 13 2 1 0 0 0 2 1 2 0 0 0 2 1 1 0 1 0
17 13 2 1 0 0 0 2 1 2 0 0 0 2 1 1 1 0 0
17 13 2 1 0 0 0 2 1 2 0 0 0 2 1 2 0 0 0
17 13 2 1 0 0 0 2 2 0 0 0 1 2 1 0 0 0 2
17 13 2 1 0 0 0 2 2 0 0 0 1 2 1 0 0 1 1
17 13 2 1 0 0 0 2 2 0 0 0 1 2 1 0 1 0 1
17 13 2 1 0 0 0 2 2 0 0 0 1 2 1 1 0 0 1
17 13 2 1 0 0 0 2 2 0 0 0 1 2 2 0 0 0 1
17 13 2 1 0 0 0 2 2 0 0 1 0 2 1 0 0 0 2
17 13 2 1 0 0 0 2 2 0 0 1 0 2 1 0 0 1 1
17 13 2 1 0 0 0 2 2 0 0 1 0 2 1 0 0 2 0
17 13 2 1 0 0 0 2 2 0 0 1 0 2 1 1 0 0 1
17 13 2 1 0 0 0 2 2 0 0 1 0 2 2 0 0 0 1
17 13 2 1 0 0 0 2 2 0 0 1 0 2 2 0 0 1 0
17 13 2 1 0 0 0 2 2 0 1 0 0 2 1 0 0 0 2
17 13 2 1 0 0 0 2 2 0 1 0 0 2 1 0 0 1 1
17 13 2 1 0 0 0 2 2 0 1 0 0 2 1 0 1 0 1
17 13 2 1 0 0 0 2 2 0 1 0 0 2 1 1 0 0 1
17 13 2 1 0 0 0 2 2 0 1 0 0 2 2 0 0 0 1
17 13 2 1 0 0 0 2 2 0 1 0 0 2 2 0 0 1 0
17 13 2 1 0 0 0 2 2 0 1 0 0 2 2 0 1 0 0
17 13 2 1 0 0 0 2 2 1 0 0 0 2 1 0 0 0 2
17 13 2 1 0 0 0 2 2 1 0 0 0 2 1 0 0 1 1
17 13 2 1 0 0 0 2 2 1 0 0 0 2 1 0 0 2 0
17 13 2 1 0 0 0 2 2 1 0 0 0 2 1 0 1 0 1
17 13 2 1 0 0 0 2 2 1 0 0 0 2 1 1 0 0 1
17 13 2 1 0 0 0 2 2 1 0 0 0 2 1 1 0 1 0
17 13 2 1 0 0 0 2 2 1 0 0 0 2 1 1 1 0 0
17 13 2 1 0 0 0 2 2 1 0 0 0 2 1 2 0 0 0
17 13 2 1 0 0 0 2 2 1 0 0 0 2 2 0 0 0 1
17 13 2 1 0 0 0 2 2 1 0 0 0 2 2 0 0 1 0
17 13 2 1 0 0 0 2 2 1 0 0 0 2 2 0 1 0 0
17 13 2 1 0 0 0 2 2 1 0 0 0 2 2 1 0 0 0
17 13 2 1 0 0 1 1 1 2 0 0 0 2 1 2 0 0 0
17 13 2 1 0 0 1 1 2 0 0 0 1 2 2 0 0 0 1
17 13 2 1 0 0 1 1 2 0 0 0 2 1 2 0 0 0 1
17 13 2 1 0 0 1 1 2 0 0 1 0 2 2 0 0 0 1
17 13 2 1 0 0 1 1 2 0 0 1 0 2 2 0 0 1 0
17 13 2 1 0 0 1 1 2 0 1 0 0 2 2 0 0 0 1
17 13 2 1 0 0 1 1 2 0 1 0 0 2 2 0 0 1 0
17 13 2 1 0 0 1 1 2 0 1 0 0 2 2 0 1 0 0
17 13 2 1 0 0 1 1 2 1 0 0 0 2 1 1 0 1 0
17 13 2 1 0 0 1 1 2 1 0 0 0 2 1 2 0 0 0
17 13 2 1 0 0 1 1 2 1 0 0 0 2 2 0 0 0 1
17 13 2 1 0 0 1 1 2 1 0 0 0 2 2 0 0 1 0
17 13 2 1 0 0 1 1 2 1 0 0 0 2 2 0 1 0 0
17 13 2 1 0 0 1 1 2 1 0 0 0 2 2 1 0 0 0
17 13 2 1 0 0 2 0 2 1 0 0 0 2 2 0 0 1 0
17 13 2 1 0 0 2 0 2 1 0 0 0 2 2 1 0 0 0
17 13 2 1 0 1 0 1 1 2 0 0 0 2 1 2 0 0 0
17 13 2 1 0 1 0 1 2 0 0 0 1 2 2 0 0 0 1
17 13 2 1 0 1 0 1 2 0 0 0 2 1 2 0 0 0 1
17 13 2 1 0 1 0 1 2 0 0 1 0 2 2 0 0 0 1
17 13 2 1 0 1 0 1 2 1 0 0 0 2 1 2 0 0 0
17 13 2 1 0 1 0 1 2 1 0 0 0 2 2 0 0 0 1
17 13 2 1 0 1 0 1 2 1 0 0 0 2 2 0 1 0 0
17 13 2 1 0 1 0 1 2 1 0 0 0 2 2 1 0 0 0
17 13 2 1 1 0 0 1 1 2 0 0 0 2 1 2 0 0 0
17 13 2 1 1 0 0 1 2 0 0 0 1 2 2 0 0 0 1
17 13 2 1 1 0 0 1 2 0 0 0 2 1 2 0 0 0 1
17 13 2 1 1 0 0 1 2 0 0 1 0 2 2 0 0 0 1
17 13 2 1 1 0 0 1 2 0 0 1 0 2 2 0 0 1 0
17 13 2 1 1 0 0 1 2 0 1 0 0 2 2 0 0 0 1
17 13 2 1 1 0 0 1 2 0 1 0 0 2 2 0 0 1 0
17 13 2 1 1 0 0 1 2 0 1 0 0 2 2 0 1 0 0
17 13 2 1 1 0 0 1 2 0 1 0 1 1 2 0 0 0 1
17 13 2 1 1 0 0 1 2 1 0 0 0 2 1 2 0 0 0
17 13 2 1 1 0 0 1 2 1 0 0 0 2 2 0 0 0 1
17 13 2 1 1 0 0 1 2 1 0 0 0 2 2 0 0 1 0
17 13 2 1 1 0 0 1 2 1 0 0 0 2 2 0 1 0 0
17 13 2 1 1 0 0 1 2 1 0 0 0 2 2 1 0 0 0
17 13 2 1 1 0 1 0 1 2 0 0 0 2 1 2 0 0 0
17 13 2 1 1 0 1 0 2 1 0 0 0 2 1 2 0 0 0
17 13 2 1 1 0 1 0 2 1 0 0 0 2 2 1 0 0 0
17 13 2 1 1 0 1 0 2 1 0 0 1 1 2 1 0 0 0
17 13 2 1 1 1 0 0 1 2 0 0 0 2 1 2 0 0 0
17 13 2 1 1 1 0 0 2 1 0 0 0 2 1 2 0 0 0
17 13 2 1 1 1 0 0 2 1 0 0 0 2 2 1 0 0 0
17 13 2 1 2 0 0 0 1 2 0 0 0 2 1 2 0 0 0
17 13 2 1 2 0 0 0 1 2 0 0 1 1 1 2 0 0 0
17 13 2 1 2 0 0 0 1 2 0 1 0 1 1 2 0 0 0
17 13 2 1 2 0 0 0 1 2 1 0 0 1 1 2 0 0 0
17 13 2 1 2 0 0 0 1 2 1 0 1 0 1 2 0 0 0
17 13 2 1 2 0 0 0 1 2 1 1 0 0 1 2 0 0 0
17 13 2 1 2 0 0 0 1 2 2 0 0 0 1 2 0 0 0
17 13 2 1 2 0 0 0 2 1 0 0 0 2 1 2 0 0 0
17 13 2 1 2 0 0 0 2 1 0 0 0 2 2 1 0 0 0
17 13 2 1 2 0 0 0 2 1 0 0 1 1 1 2 0 0 0
17 13 2 1 2 0 0 0 2 1 0 0 1 1 2 1 0 0 0
17 13 2 1 2 0 0 0 2 1 0 1 0 1 1 2 0 0 0
17 13 2 1 2 0 0 0 2 1 0 1 0 1 2 1 0 0 0
17 13 2 1 2 0 0 0 2 1 1 0 0 1 1 2 0 0 0
17 13 2 1 2 0 0 0 2 1 1 0 0 1 2 1 0 0 0
17 13 2 1 2 0 0 0 2 1 1 0 1 0 1 2 0 0 0
17 13 2 1 2 0 0 0 2 1 1 0 1 0 2 1 0 0 0
17 13 2 1 2 0 0 0 2 1 1 1 0 0 1 2 0 0 0
17 13 2 1 2 0 0 0 2 1 1 1 0 0 2 1 0 0 0
17 13 2 1 2 0 0 0 2 1 2 0 0 0 1 2 0 0 0
17 13 2 1 2 0 0 0 2 1 2 0 0 0 2 1 0 0 0
17 13 2 2 0 0 0 1 2 0 0 0 1 2 2 0 0 0 1
17 13 2 2 0 0 0 1 2 0 0 0 2 1 2 0 0 0 1
17 13 2 2 0 0 0 1 2 0 0 1 0 2 2 0 0 0 1
17 13 2 2 0 0 0 1 2 0 0 1 0 2 2 0 0 1 0
17 13 2 2 0 0 0 1 2 0 0 1 1 1 2 0 0 0 1
17 13 2 2 0 0 0 1 2 0 1 0 0 2 2 0 0 0 1
17 13 2 2 0 0 0 1 2 0 1 0 0 2 2 0 0 1 0
17 13 2 2 0 0 0 1 2 0 1 0 0 2 2 0 1 0 0
17 13 2 2 0 0 0 1 2 0 1 0 1 1 2 0 0 0 1
17 13 2 2 0 0 0 1 2 0 2 0 0 1 2 0 0 0 1
17 13 2 2 0 0 0 1 2 0 2 0 0 1 2 0 1 0 0
17 13 2 2 0 0 0 1 2 1 0 0 0 2 2 0 0 0 1
17 13 2 2 0 0 0 1 2 1 0 0 0 2 2 0 0 1 0
17 13 2 2 0 0 0 1 2 1 0 0 0 2 2 0 1 0 0
17 13 2 2 0 0 0 1 2 1 0 0 0 2 2 1 0 0 0
17 13 2 2 0 0 0 1 2 1 0 0 1 1 2 0 0 0 1
17 13 2 2 0 0 0 1 2 1 0 0 1 1 2 0 0 1 0
17 13 2 2 0 0 0 1 2 1 0 0 1 1 2 0 1 0 0
17 13 2 2 0 0 0 1 2 1 0 0 1 1 2 1 0 0 0
17 13 2 2 0 0 0 1 2 1 0 1 0 1 2 0 0 0 1
17 13 2 2 0 0 0 1 2 1 0 1 0 1 2 0 0 1 0
17 13 2 2 0 0 0 1 2 1 0 1 0 1 2 1 0 0 0
17 13 2 2 0 0 0 1 2 1 1 0 0 1 2 0 0 0 1
17 13 2 2 0 0 0 1 2 1 1 0 0 1 2 0 0 1 0
17 13 2 2 0 0 0 1 2 1 1 0 0 1 2 0 1 0 0
17 13 2 2 0 0 0 1 2 1 1 0 0 1 2 1 0 0 0
17 13 2 2 0 0 0 1 2 2 0 0 0 1 2 0 0 0 1
17 13 2 2 0 0 0 1 2 2 0 0 0 1 2 0 0 1 0
17 13 2 2 0 0 0 1 2 2 0 0 0 1 2 0 1 0 0
17 13 2 2 0 0 0 1 2 2 0 0 0 1 2 1 0 0 0
17 13 2 2 0 0 1 0 2 0 0 1 0 2 2 0 0 1 0
17 13 2 2 0 0 1 0 2 0 1 0 0 2 2 0 0 1 0
17 13 2 2 0 0 1 0 2 0 1 0 0 2 2 0 1 0 0
17 13 2 2 0 0 1 0 2 1 0 0 0 2 2 0 0 1 0
17 13 2 2 0 0 1 0 2 1 0 0 0 2 2 0 1 0 0
17 13 2 2 0 0 1 0 2 1 0 0 0 2 2 1 0 0 0
17 13 2 2 0 0 1 0 2 1 0 0 1 1 2 0 0 1 0
17 13 2 2 0 0 1 0 2 1 0 0 1 1 2 0 1 0 0
17 13 2 2 0 0 1 0 2 1 0 0 1 1 2 1 0 0 0
17 13 2 2 0 0 1 0 2 1 0 0 2 0 2 1 0 0 0
17 13 2 2 0 0 1 0 2 1 1 0 0 1 2 0 0 1 0
17 13 2 2 0 0 1 0 2 1 1 0 0 1 2 0 1 0 0
17 13 2 2 0 0 1 0 2 1 1 0 0 1 2 1 0 0 0
17 13 2 2 0 0 1 0 2 2 0 0 0 1 2 0 0 1 0
17 13 2 2 0 0 1 0 2 2 0 0 0 1 2 0 1 0 0
17 13 2 2 0 0 1 0 2 2 0 0 0 1 2 1 0 0 0
17 13 2 2 0 0 1 0 2 2 0 0 1 0 2 0 0 1 0
17 13 2 2 0 0 1 0 2 2 0 0 1 0 2 0 1 0 0
17 13 2 2 0 0 1 0 2 2 0 0 1 0 2 1 0 0 0
17 13 2 2 0 1 0 0 2 0 1 0 0 2 2 0 1 0 0
17 13 2 2 0 1 0 0 2 1 0 0 0 2 2 0 1 0 0
17 13 2 2 0 1 0 0 2 1 0 0 0 2 2 1 0 0 0
17 13 2 2 0 1 0 0 2 1 0 0 1 1 2 0 1 0 0
17 13 2 2 0 1 0 0 2 1 0 0 1 1 2 1 0 0 0
17 13 2 2 0 1 0 0 2 1 0 1 0 1 2 1 0 0 0
17 13 2 2 0 1 0 0 2 1 1 0 0 1 2 0 1 0 0
17 13 2 2 0 1 0 0 2 1 1 0 0 1 2 1 0 0 0
17 13 2 2 0 1 0 0 2 2 0 0 0 1 2 0 1 0 0
17 13 2 2 0 1 0 0 2 2 0 0 0 1 2 1 0 0 0
17 13 2 2 0 1 0 0 2 2 0 0 1 0 2 0 1 0 0
17 13 2 2 0 1 0 0 2 2 0 0 1 0 2 1 0 0 0
17 13 2 2 0 1 0 0 2 2 0 1 0 0 2 0 1 0 0
17 13 2 2 0 1 0 0 2 2 0 1 0 0 2 1 0 0 0
17 13 2 2 1 0 0 0 2 1 0 0 0 2 2 1 0 0 0
17 13 2 2 1 0 0 0 2 1 0 0 1 1 2 1 0 0 0
17 13 2 2 1 0 0 0 2 1 0 0 2 0 2 1 0 0 0
17 13 2 2 1 0 0 0 2 1 0 1 0 1 2 1 0 0 0
17 13 2 2 1 0 0 0 2 1 1 0 0 1 2 1 0 0 0
17 13 2 2 1 0 0 0 2 1 1 0 1 0 2 1 0 0 0
17 13 2 2 1 0 0 0 2 1 1 1 0 0 2 1 0 0 0
17 13 2 2 1 0 0 0 2 1 2 0 0 0 2 1 0 0 0
17 13 2 2 1 0 0 0 2 2 0 0 0 1 2 1 0 0 0
17 13 2 2 1 0 0 0 2 2 0 0 1 0 2 1 0 0 0
17 13 2 2 1 0 0 0 2 2 0 1 0 0 2 1 0 0 0
17 13 2 2 1 0 0 0 2 2 1 0 0 0 2 1 0 0 0
17 14 2 0 0 0 1 2 0 0 0 1 2 2 0 0 0 2 2
17 14 2 0 0 0 1 2 0 0 0 2 2 2 0 0 0 2 1
17 14 2 0 0 0 1 2 0 0 1 0 2 2 0 0 0 2 2
17 14 2 0 0 0 1 2 0 0 1 0 2 2 0 0 1 1 2
17 14 2 0 0 0 1 2 0 0 1 1 2 2 0 0 0 2 1
17 14 2 0 0 0 1 2 0 1 0 0 2 2 0 0 0 2 2
17 14 2 0 0 0 1 2 0 1 0 0 2 2 0 0 1 1 2
17 14 2 0 0 0 1 2 0 1 0 0 2 2 0 1 0 1 2
17 14 2 0 0 0 1 2 0 1 0 1 2 2 0 0 0 2 1
17 14 2 0 0 0 1 2 1 0 0 0 2 2 0 0 0 2 2
17 14 2 0 0 0 1 2 1 0 0 0 2 2 0 0 1 1 2
17 14 2 0 0 0 1 2 1 0 0 0 2 2 0 0 2 0 2
17 14 2 0 0 0 1 2 1 0 0 0 2 2 0 1 0 1 2
17 14 2 0 0 0 1 2 1 0 0 0 2 2 0 1 1 0 2
17 14 2 0 0 0 1 2 1 0 0 0 2 2 0 2 0 0 2
17 14 2 0 0 0 1 2 1 0 0 0 2 2 1 0 0 1 2
17 14 2 0 0 0 1 2 1 0 0 0 2 2 1 0 1 0 2
17 14 2 0 0 0 1 2 1 0 0 0 2 2 1 1 0 0 2
17 14 2 0 0 0 1 2 1 0 0 0 2 2 2 0 0 0 2
17 14 2 0 0 0 1 2 1 0 0 1 2 2 0 0 0 2 1
17 14 2 0 0 0 1 2 1 0 1 0 2 2 0 0 0 2 1
17 14 2 0 0 0 1 2 1 1 0 0 2 2 0 0 0 2 1
17 14 2 0 0 0 1 2 2 0 0 0 2 2 0 0 0 2 1
17 14 2 0 0 0 1 2 2 0 0 0 2 2 0 0 1 1 1
17 14 2 0 0 0 1 2 2 0 0 0 2 2 0 1 0 1 1
17 14 2 0 0 0 1 2 2 0 0 0 2 2 1 0 0 1 1
17 14 2 0 0 0 1 2 2 0 0 0 2 2 1 0 1 0 1
17 14 2 0 0 0 1 2 2 0 0 0 2 2 1 1 0 0 1
17 14 2 0 0 0 1 2 2 0 0 0 2 2 2 0 0 0 1
17 14 2 0 0 0 2 1 0 0 0 2 1 2 0 0 0 2 2
17 14 2 0 0 0 2 1 1 0 0 1 1 2 0 0 0 2 2
17 14 2 0 0 0 2 1 2 0 0 0 1 2 0 0 0 2 2
17 14 2 0 0 0 2 1 2 0 0 0 1 2 0 0 1 1 2
17 14 2 0 0 0 2 1 2 0 0 0 1 2 0 1 0 1 2
17 14 2 0 0 0 2 1 2 0 0 0 1 2 1 0 0 1 2
17 14 2 0 0 0 2 1 2 0 0 0 1 2 1 0 1 0 2
17 14 2 0 0 0 2 1 2 0 0 0 1 2 1 1 0 0 2
17 14 2 0 0 0 2 1 2 0 0 0 1 2 2 0 0 0 2
17 14 2 0 0 0 2 2 0 0 0 1 2 1 0 0 0 2 2
17 14 2 0 0 0 2 2 0 0 0 2 1 2 0 0 0 1 2
17 14 2 0 0 0 2 2 0 0 0 2 2 1 0 0 0 2 1
17 14 2 0 0 0 2 2 0 0 1 0 2 1 0 0 0 2 2
17 14 2 0 0 0 2 2 0 0 1 0 2 1 0 0 1 1 2
17 14 2 0 0 0 2 2 0 0 1 1 1 2 0 0 0 1 2
17 14 2 0 0 0 2 2 0 0 1 1 2 1 0 0 0 2 1
17 14 2 0 0 0 2 2 0 1 0 0 2 1 0 0 0 2 2
17 14 2 0 0 0 2 2 0 1 0 0 2 1 0 0 1 1 2
17 14 2 0 0 0 2 2 0 1 0 1 1 2 0 0 0 1 2
17 14 2 0 0 0 2 2 0 1 0 1 2 1 0 0 0 2 1
17 14 2 0 0 0 2 2 1 0 0 0 2 1 0 0 0 2 2
17 14 2 0 0 0 2 2 1 0 0 0 2 1 0 0 1 1 2
17 14 2 0 0 0 2 2 1 0 0 0 2 1 0 1 0 1 2
17 14 2 0 0 0 2 2 1 0 0 0 2 1 1 0 0 1 2
17 14 2 0 0 0 2 2 1 0 0 0 2 1 1 0 1 0 2
17 14 2 0 0 0 2 2 1 0 0 0 2 1 1 1 0 0 2
17 14 2 0 0 0 2 2 1 0 0 0 2 1 2 0 0 0 2
17 14 2 0 0 0 2 2 1 0 0 1 1 2 0 0 0 1 2
17 14 2 0 0 0 2 2 1 0 0 1 2 1 0 0 0 2 1
17 14 2 0 0 0 2 2 1 0 1 0 1 2 0 0 0 1 2
17 14 2 0 0 0 2 2 1 0 1 0 2 1 0 0 0 2 1
17 14 2 0 0 0 2 2 1 1 0 0 1 2 0 0 0 1 2
17 14 2 0 0 0 2 2 1 1 0 0 1 2 0 0 1 0 2
17 14 2 0 0 0 2 2 1 1 0 0 1 2 0 1 0 0 2
17 14 2 0 0 0 2 2 1 1 0 0 2 1 0 0 0 2 1
17 14 2 0 0 0 2 2 2 0 0 0 1 2 0 0 0 1 2
17 14 2 0 0 0 2 2 2 0 0 0 1 2 0 0 1 0 2
17 14 2 0 0 0 2 2 2 0 0 0 1 2 0 1 0 0 2
17 14 2 0 0 0 2 2 2 0 0 0 1 2 1 0 0 0 2
17 14 2 0 0 0 2 2 2 0 0 0 2 1 0 0 0 2 1
17 14 2 0 0 0 2 2 2 0 0 0 2 1 1 0 0 1 1
17 14 2 0 0 0 2 2 2 0 0 0 2 1 2 0 0 0 1
17 14 2 0 0 1 0 2 1 0 0 0 2 2 1 0 1 0 2
17 14 2 0 0 1 0 2 1 0 0 0 2 2 1 1 0 0 2
17 14 2 0 0 1 0 2 1 0 0 0 2 2 2 0 0 0 2
17 14 2 0 0 1 0 2 1 0 0 1 1 2 2 0 0 0 2
17 14 2 0 0 1 0 2 2 0 0 0 2 2 1 1 0 0 1
17 14 2 0 0 1 0 2 2 0 0 0 2 2 2 0 0 0 1
17 14 2 0 0 1 0 2 2 0 0 1 1 2 2 0 0 0 1
17 14 2 0 0 1 1 1 2 0 0 0 1 2 2 0 0 0 2
17 14 2 0 0 1 1 2 1 0 0 0 2 1 2 0 0 0 2
17 14 2 0 0 1 1 2 2 0 0 0 1 2 0 0 1 0 2
17 14 2 0 0 1 1 2 2 0 0 0 1 2 0 1 0 0 2
17 14 2 0 0 1 1 2 2 0 0 0 1 2 1 0 0 0 2
17 14 2 0 0 1 1 2 2 0 0 0 2 1 2 0 0 0 1
17 14 2 0 0 2 0 2 2 0 0 0 1 2 1 0 0 0 2
17 14 2 0 0 2 2 0 0 0 1 2 1 0 0 0 2 2 0
17 14 2 0 1 0 0 2 1 0 0 0 2 2 1 1 0 0 2
17 14 2 0 1 0 0 2 1 0 0 0 2 2 2 0 0 0 2
17 14 2 0 1 0 0 2 1 0 0 1 1 2 2 0 0 0 2
17 14 2 0 1 0 0 2 2 0 0 0 2 2 1 1 0 0 1
17 14 2 0 1 0 0 2 2 0 0 0 2 2 2 0 0 0 1
17 14 2 0 1 0 0 2 2 0 0 1 1 2 2 0 0 0 1
17 14 2 0 1 0 0 2 2 0 1 0 1 2 2 0 0 0 1
17 14 2 0 1 0 1 1 2 0 0 0 1 2 2 0 0 0 2
17 14 2 0 1 0 1 2 1 0 0 0 2 1 2 0 0 0 2
17 14 2 0 1 0 1 2 2 0 0 0 1 2 0 1 0 0 2
17 14 2 0 1 0 1 2 2 0 0 0 1 2 1 0 0 0 2
17 14 2 0 1 0 1 2 2 0 0 0 2 1 2 0 0 0 1
17 14 2 0 1 1 0 2 2 0 0 0 1 2 1 0 0 0 2
17 14 2 0 2 0 0 2 2 0 0 0 1 2 1 0 0 0 2
17 14 2 0 2 2 0 0 0 1 2 1 0 0 0 2 2 0 0
17 14 2 1 0 0 0 2 1 0 0 0 2 2 2 0 0 0 2
17 14 2 1 0 0 0 2 1 0 0 1 1 2 2 0 0 0 2
17 14 2 1 0 0 0 2 1 0 1 0 1 2 2 0 0 0 2
17 14 2 1 0 0 0 2 1 1 0 0 1 2 2 0 0 0 2
17 14 2 1 0 0 0 2 1 1 0 1 0 2 2 0 0 0 2
17 14 2 1 0 0 0 2 1 1 1 0 0 2 2 0 0 0 2
17 14 2 1 0 0 0 2 1 2 0 0 0 2 2 0 0 0 2
17 14 2 1 0 0 0 2 1 2 0 0 0 2 2 0 0 1 1
17 14 2 1 0 0 0 2 1 2 0 0 0 2 2 0 1 0 1
17 14 2 1 0 0 0 2 1 2 0 0 0 2 2 1 0 0 1
17 14 2 1 0 0 0 2 1 2 0 0 0 2 2 1 0 1 0
17 14 2 1 0 0 0 2 1 2 0 0 0 2 2 1 1 0 0
17 14 2 1 0 0 0 2 1 2 0 0 0 2 2 2 0 0 0
17 14 2 1 0 0 0 2 2 0 0 0 2 2 2 0 0 0 1
17 14 2 1 0 0 0 2 2 0 0 1 1 2 2 0 0 0 1
17 14 2 1 0 0 0 2 2 0 0 2 0 2 2 0 0 0 1
17 14 2 1 0 0 0 2 2 0 1 0 1 2 2 0 0 0 1
17 14 2 1 0 0 0 2 2 0 1 1 0 2 2 0 0 0 1
17 14 2 1 0 0 0 2 2 0 2 0 0 2 2 0 0 0 1
17 14 2 1 0 0 0 2 2 1 0 0 1 2 2 0 0 0 1
17 14 2 1 0 0 0 2 2 1 0 1 0 2 2 0 0 0 1
17 14 2 1 0 0 0 2 2 1 0 1 0 2 2 0 0 1 0
17 14 2 1 0 0 0 2 2 1 1 0 0 2 2 0 0 0 1
17 14 2 1 0 0 0 2 2 1 1 0 0 2 2 0 0 1 0
17 14 2 1 0 0 0 2 2 1 1 0 0 2 2 0 1 0 0
17 14 2 1 0 0 0 2 2 2 0 0 0 2 2 0 0 0 1
17 14 2 1 0 0 0 2 2 2 0 0 0 2 2 0 0 1 0
17 14 2 1 0 0 0 2 2 2 0 0 0 2 2 0 1 0 0
17 14 2 1 0 0 0 2 2 2 0 0 0 2 2 1 0 0 0
17 14 2 1 0 0 1 1 2 0 0 0 1 2 2 0 0 0 2
17 14 2 1 0 0 1 1 2 2 0 0 0 2 2 0 0 1 0
17 14 2 1 0 0 1 1 2 2 0 0 0 2 2 0 1 0 0
17 14 2 1 0 0 1 1 2 2 0 0 0 2 2 1 0 0 0
17 14 2 1 0 0 1 2 1 0 0 0 2 1 2 0 0 0 2
17 14 2 1 0 0 1 2 2 0 0 0 1 2 1 0 0 0 2
17 14 2 1 0 0 1 2 2 0 0 0 2 1 2 0 0 0 1
17 14 2 1 0 1 0 1 2 0 0 0 1 2 2 0 0 0 2
17 14 2 1 0 1 0 1 2 2 0 0 0 2 2 1 0 0 0
17 14 2 1 0 1 0 2 1 0 0 0 2 1 2 0 0 0 2
17 14 2 1 0 1 0 2 2 0 0 0 1 2 1 0 0 0 2
17 14 2 1 0 1 0 2 2 0 0 0 2 1 2 0 0 0 1
17 14 2 1 0 1 0 2 2 0 0 1 0 2 1 0 0 0 2
17 14 2 1 1 0 0 1 1 2 0 0 0 2 2 2 0 0 0
17 14 2 1 1 0 0 1 2 0 0 0 1 2 2 0 0 0 2
17 14 2 1 1 0 0 1 2 0 0 1 0 2 2 0 0 0 2
17 14 2 1 1 0 0 1 2 0 1 0 0 2 2 0 0 0 2
17 14 2 1 1 0 0 1 2 2 0 0 0 2 2 1 0 0 0
17 14 2 1 1 0 0 2 1 0 0 0 2 1 2 0 0 0 2
17 14 2 1 1 0 0 2 2 0 0 0 1 2 1 0 0 0 2
17 14 2 1 1 0 0 2 2 0 0 0 2 1 2 0 0 0 1
17 14 2 1 1 0 0 2 2 0 0 1 0 2 1 0 0 0 2
17 14 2 1 1 0 0 2 2 0 1 0 0 2 1 0 0 0 2
17 14 2 1 1 0 1 0 2 2 0 0 0 2 2 1 0 0 0
17 14 2 1 1 1 0 0 2 2 0 0 0 2 2 1 0 0 0
17 14 2 1 2 0 0 0 1 2 0 0 0 2 2 2 0 0 0
17 14 2 1 2 0 0 0 1 2 0 0 1 1 2 2 0 0 0
17 14 2 1 2 0 0 0 1 2 0 1 0 1 2 2 0 0 0
17 14 2 1 2 0 0 0 1 2 1 0 0 1 2 2 0 0 0
17 14 2 1 2 0 0 0 1 2 1 0 1 0 2 2 0 0 0
17 14 2 1 2 0 0 0 1 2 1 1 0 0 2 2 0 0 0
17 14 2 1 2 0 0 0 1 2 2 0 0 0 2 2 0 0 0
17 14 2 1 2 0 0 0 2 2 0 0 0 2 2 1 0 0 0
17 14 2 1 2 0 0 0 2 2 0 0 1 1 2 1 0 0 0
17 14 2 1 2 0 0 0 2 2 0 1 0 1 2 1 0 0 0
17 14 2 1 2 0 0 0 2 2 1 0 0 1 2 1 0 0 0
17 14 2 1 2 0 0 0 2 2 1 0 1 0 2 1 0 0 0
17 14 2 1 2 0 0 0 2 2 1 1 0 0 2 1 0 0 0
17 14 2 1 2 0 0 0 2 2 2 0 0 0 2 1 0 0 0
17 14 2 2 0 0 0 1 2 0 0 0 1 2 2 0 0 0 2
17 14 2 2 0 0 0 1 2 0 0 1 0 2 2 0 0 0 2
17 14 2 2 0 0 0 1 2 0 0 1 0 2 2 0 0 1 1
17 14 2 2 0 0 0 1 2 0 1 0 0 2 2 0 0 0 2
17 14 2 2 0 0 0 1 2 0 1 0 0 2 2 0 0 1 1
17 14 2 2 0 0 0 1 2 0 1 0 0 2 2 0 1 0 1
17 14 2 2 0 0 0 1 2 1 0 0 0 2 2 0 0 0 2
17 14 2 2 0 0 0 1 2 1 0 0 0 2 2 0 0 1 1
17 14 2 2 0 0 0 1 2 1 0 0 0 2 2 0 0 2 0
17 14 2 2 0 0 0 1 2 1 0 0 0 2 2 0 1 0 1
17 14 2 2 0 0 0 1 2 1 0 0 0 2 2 0 1 1 0
17 14 2 2 0 0 0 1 2 1 0 0 0 2 2 0 2 0 0
17 14 2 2 0 0 0 1 2 1 0 0 0 2 2 1 0 0 1
17 14 2 2 0 0 0 1 2 1 0 0 0 2 2 1 0 1 0
17 14 2 2 0 0 0 1 2 1 0 0 0 2 2 1 1 0 0
17 14 2 2 0 0 0 1 2 1 0 0 0 2 2 2 0 0 0
17 14 2 2 0 0 0 2 1 0 0 0 2 1 2 0 0 0 2
17 14 2 2 0 0 0 2 1 1 0 0 1 1 2 0 0 0 2
17 14 2 2 0 0 0 2 1 2 0 0 0 1 2 0 0 0 2
17 14 2 2 0 0 0 2 1 2 0 0 0 1 2 0 0 1 1
17 14 2 2 0 0 0 2 1 2 0 0 0 1 2 0 1 0 1
17 14 2 2 0 0 0 2 1 2 0 0 0 1 2 1 0 0 1
17 14 2 2 0 0 0 2 1 2 0 0 0 1 2 1 0 1 0
17 14 2 2 0 0 0 2 1 2 0 0 0 1 2 1 1 0 0
17 14 2 2 0 0 0 2 1 2 0 0 0 1 2 2 0 0 0
17 14 2 2 0 0 0 2 2 0 0 0 1 2 1 0 0 0 2
17 14 2 2 0 0 0 2 2 0 0 0 2 1 2 0 0 0 1
17 14 2 2 0 0 0 2 2 0 0 1 0 2 1 0 0 0 2
17 14 2 2 0 0 0 2 2 0 0 1 0 2 1 0 0 1 1
17 14 2 2 0 0 0 2 2 0 0 1 1 1 2 0 0 0 1
17 14 2 2 0 0 0 2 2 0 1 0 0 2 1 0 0 0 2
17 14 2 2 0 0 0 2 2 0 1 0 0 2 1 0 0 1 1
17 14 2 2 0 0 0 2 2 0 1 0 1 1 2 0 0 0 1
17 14 2 2 0 0 0 2 2 1 0 0 0 2 1 0 0 0 2
17 14 2 2 0 0 0 2 2 1 0 0 0 2 1 0 0 1 1
17 14 2 2 0 0 0 2 2 1 0 0 0 2 1 0 1 0 1
17 14 2 2 0 0 0 2 2 1 0 0 0 2 1 1 0 0 1
17 14 2 2 0 0 0 2 2 1 0 0 0 2 1 1 0 1 0
17 14 2 2 0 0 0 2 2 1 0 0 0 2 1 1 1 0 0
17 14 2 2 0 0 0 2 2 1 0 0 0 2 1 2 0 0 0
17 14 2 2 0 0 0 2 2 1 0 0 1 1 2 0 0 0 1
17 14 2 2 0 0 0 2 2 1 0 1 0 1 2 0 0 0 1
17 14 2 2 0 0 0 2 2 1 1 0 0 1 2 0 0 0 1
17 14 2 2 0 0 0 2 2 1 1 0 0 1 2 0 0 1 0
17 14 2 2 0 0 0 2 2 1 1 0 0 1 2 0 1 0 0
17 14 2 2 0 0 0 2 2 2 0 0 0 1 2 0 0 0 1
17 14 2 2 0 0 0 2 2 2 0 0 0 1 2 0 0 1 0
17 14 2 2 0 0 0 2 2 2 0 0 0 1 2 0 1 0 0
17 14 2 2 0 0 0 2 2 2 0 0 0 1 2 1 0 0 0
17 14 2 2 0 0 1 0 2 1 0 0 0 2 2 1 0 1 0
17 14 2 2 0 0 1 0 2 1 0 0 0 2 2 1 1 0 0
17 14 2 2 0 0 1 0 2 1 0 0 0 2 2 2 0 0 0
17 14 2 2 0 0 1 0 2 1 0 0 1 1 2 2 0 0 0
17 14 2 2 0 0 1 1 1 2 0 0 0 1 2 2 0 0 0
17 14 2 2 0 0 1 1 2 1 0 0 0 2 1 2 0 0 0
17 14 2 2 0 0 1 1 2 2 0 0 0 1 2 0 0 1 0
17 14 2 2 0 0 1 1 2 2 0 0 0 1 2 0 1 0 0
17 14 2 2 0 0 1 1 2 2 0 0 0 1 2 1 0 0 0
17 14 2 2 0 0 2 0 2 2 0 0 0 1 2 1 0 0 0
17 14 2 2 0 1 0 0 2 1 0 0 0 2 2 1 1 0 0
17 14 2 2 0 1 0 0 2 1 0 0 0 2 2 2 0 0 0
17 14 2 2 0 1 0 0 2 1 0 0 1 1 2 2 0 0 0
17 14 2 2 0 1 0 1 1 2 0 0 0 1 2 2 0 0 0
17 14 2 2 0 1 0 1 2 1 0 0 0 2 1 2 0 0 0
17 14 2 2 0 1 0 1 2 2 0 0 0 1 2 0 1 0 0
17 14 2 2 0 1 0 1 2 2 0 0 0 1 2 1 0 0 0
17 14 2 2 0 1 1 0 2 2 0 0 0 1 2 1 0 0 0
17 14 2 2 0 2 0 0 2 2 0 0 0 1 2 1 0 0 0
17 14 2 2 1 0 0 0 2 1 0 0 0 2 2 2 0 0 0
17 14 2 2 1 0 0 0 2 1 0 0 1 1 2 2 0 0 0
17 14 2 2 1 0 0 0 2 1 0 1 0 1 2 2 0 0 0
17 14 2 2 1 0 0 0 2 1 1 0 0 1 2 2 0 0 0
17 14 2 2 1 0 0 0 2 1 1 0 1 0 2 2 0 0 0
17 14 2 2 1 0 0 0 2 1 1 1 0 0 2 2 0 0 0
17 14 2 2 1 0 0 0 2 1 2 0 0 0 2 2 0 0 0
17 14 2 2 1 0 0 1 1 2 0 0 0 1 2 2 0 0 0
17 14 2 2 1 0 0 1 2 1 0 0 0 2 1 2 0 0 0
17 14 2 2 1 0 0 1 2 2 0 0 0 1 2 1 0 0 0
17 14 2 2 1 0 1 0 1 2 0 0 0 1 2 2 0 0 0
17 14 2 2 1 0 1 0 2 1 0 0 0 2 1 2 0 0 0
17 14 2 2 1 0 1 0 2 2 0 0 0 1 2 1 0 0 0
17 14 2 2 1 0 1 0 2 2 0 0 1 0 2 1 0 0 0
17 14 2 2 1 1 0 0 1 2 0 0 0 1 2 2 0 0 0
17 14 2 2 1 1 0 0 1 2 0 0 1 0 2 2 0 0 0
17 14 2 2 1 1 0 0 1 2 0 1 0 0 2 2 0 0 0
17 14 2 2 1 1 0 0 2 1 0 0 0 2 1 2 0 0 0
17 14 2 2 1 1 0 0 2 2 0 0 0 1 2 1 0 0 0
17 14 2 2 1 1 0 0 2 2 0 0 1 0 2 1 0 0 0
17 14 2 2 1 1 0 0 2 2 0 1 0 0 2 1 0 0 0
17 14 2 2 2 0 0 0 1 2 0 0 0 1 2 2 0 0 0
17 14 2 2 2 0 0 0 1 2 0 0 1 0 2 2 0 0 0
17 14 2 2 2 0 0 0 1 2 0 1 0 0 2 2 0 0 0
17 14 2 2 2 0 0 0 1 2 1 0 0 0 2 2 0 0 0
17 14 2 2 2 0 0 0 2 1 0 0 0 2 1 2 0 0 0
17 14 2 2 2 0 0 0 2 1 1 0 0 1 1 2 0 0 0
17 14 2 2 2 0 0 0 2 1 2 0 0 0 1 2 0 0 0
17 14 2 2 2 0 0 0 2 2 0 0 0 1 2 1 0 0 0
17 14 2 2 2 0 0 0 2 2 0 0 1 0 2 1 0 0 0
17 14 2 2 2 0 0 0 2 2 0 1 0 0 2 1 0 0 0
17 14 2 2 2 0 0 0 2 2 1 0 0 0 2 1 0 0 0
20 8 1 0 0 0 0 1 1 0 0 0 0 1 1 1 0 0 0 0 1 1
20 8 1 0 0 0 0 1 1 0 0 0 1 0 1 1 0 0 0 0 1 1
20 8 1 0 0 0 0 1 1 0 0 0 1 0 1 1 0 0 0 1 0 1
20 8 1 0 0 0 0 1 1 0 0 1 0 0 1 1 0 0 0 0 1 1
20 8 1 0 0 0 0 1 1 0 1 0 0 0 1 1 0 0 0 0 1 1
20 8 1 0 0 0 0 1 1 0 1 0 0 0 1 1 0 0 0 1 0 1
20 8 1 0 0 0 0 1 1 0 1 0 0 0 1 1 0 1 0 0 0 1
20 8 1 0 0 0 0 1 1 1 0 0 0 0 1 1 0 0 0 0 1 1
20 8 1 0 0 0 0 1 1 1 0 0 0 0 1 1 0 0 0 1 0 1
20 8 1 0 0 0 0 1 1 1 0 0 0 0 1 1 0 0 1 0 0 1
20 8 1 0 0 0 0 1 1 1 0 0 0 0 1 1 0 1 0 0 0 1
20 8 1 0 0 0 0 1 1 1 0 0 0 0 1 1 1 0 0 0 0 1
20 8 1 0 0 0 1 0 1 1 0 0 0 0 1 1 0 0 0 1 0 1
20 8 1 0 0 0 1 0 1 1 0 0 0 0 1 1 0 1 0 0 0 1
20 8 1 0 0 0 1 0 1 1 0 0 0 0 1 1 1 0 0 0 0 1
20 8 1 0 0 0 1 0 1 1 0 0 0 1 0 1 1 0 0 0 0 1
20 8 1 0 0 0 1 1 0 0 0 0 1 1 0 1 0 0 0 1 1 0
20 8 1 0 0 0 1 1 0 0 0 0 1 1 1 0 0 0 0 1 1 0
20 8 1 0 0 0 1 1 0 0 0 1 0 1 1 0 0 0 0 1 1 0
20 8 1 0 0 0 1 1 0 1 0 0 0 1 1 0 0 0 0 1 1 0
20 8 1 0 0 1 0 0 1 1 0 0 0 0 1 1 1 0 0 0 0 1
20 8 1 0 0 1 1 0 0 0 0 1 1 1 0 0 0 0 1 1 0 0
20 8 1 0 1 0 0 0 1 1 0 0 0 0 1 1 0 1 0 0 0 1
20 8 1 0 1 0 0 0 1 1 0 0 0 0 1 1 1 0 0 0 0 1
20 8 1 0 1 0 0 0 1 1 0 0 0 1 0 1 1 0 0 0 0 1
20 8 1 0 1 0 0 0 1 1 0 1 0 0 0 1 1 0 0 0 0 1
20 8 1 0 1 1 0 0 0 0 1 1 0 0 0 1 0 1 1 0 0 0
20 8 1 0 1 1 0 0 0 0 1 1 0 1 0 0 0 1 1 0 0 0
20 8 1 0 1 1 0 0 0 0 1 1 1 0 0 0 0 1 1 0 0 0
20 8 1 0 1 1 0 0 0 1 0 1 1 0 0 0 0 1 1 0 0 0
20 8 1 1 0 0 0 0 1 1 0 0 0 0 1 1 1 0 0 0 0 1
20 8 1 1 0 0 0 0 1 1 0 0 0 1 0 1 1 0 0 0 0 1
20 8 1 1 0 0 0 0 1 1 0 0 0 1 0 1 1 0 0 0 1 0
20 8 1 1 0 0 0 0 1 1 0 0 1 0 0 1 1 0 0 0 0 1
20 8 1 1 0 0 0 0 1 1 0 1 0 0 0 1 1 0 0 0 0 1
20 8 1 1 0 0 0 0 1 1 0 1 0 0 0 1 1 0 0 0 1 0
20 8 1 1 0 0 0 0 1 1 0 1 0 0 0 1 1 0 1 0 0 0
20 8 1 1 0 0 0 0 1 1 1 0 0 0 0 1 1 0 0 0 0 1
20 8 1 1 0 0 0 0 1 1 1 0 0 0 0 1 1 0 0 0 1 0
20 8 1 1 0 0 0 0 1 1 1 0 0 0 0 1 1 0 0 1 0 0
20 8 1 1 0 0 0 0 1 1 1 0 0 0 0 1 1 0 1 0 0 0
20 8 1 1 0 0 0 0 1 1 1 0 0 0 0 1 1 1 0 0 0 0
20 8 1 1 0 0 0 1 0 1 1 0 0 0 0 1 1 0 0 0 1 0
20 8 1 1 0 0 0 1 0 1 1 0 0 0 0 1 1 0 1 0 0 0
20 8 1 1 0 0 0 1 0 1 1 0 0 0 0 1 1 1 0 0 0 0
20 8 1 1 0 0 0 1 0 1 1 0 0 0 1 0 1 1 0 0 0 0
20 8 1 1 0 0 1 0 0 1 1 0 0 0 0 1 1 1 0 0 0 0
20 8 1 1 0 1 0 0 0 1 1 0 0 0 0 1 1 0 1 0 0 0
20 8 1 1 0 1 0 0 0 1 1 0 0 0 0 1 1 1 0 0 0 0
20 8 1 1 0 1 0 0 0 1 1 0 0 0 1 0 1 1 0 0 0 0
20 8 1 1 0 1 0 0 0 1 1 0 1 0 0 0 1 1 0 0 0 0
20 8 1 1 1 0 0 0 0 1 1 0 0 0 0 1 1 1 0 0 0 0
20 8 1 1 1 0 0 0 0 1 1 0 0 0 1 0 1 1 0 0 0 0
20 8 1 1 1 0 0 0 0 1 1 0 0 1 0 0 1 1 0 0 0 0
20 8 1 1 1 0 0 0 0 1 1 0 1 0 0 0 1 1 0 0 0 0
20 8 1 1 1 0 0 0 0 1 1 1 0 0 0 0 1 1 0 0 0 0
20 12 2 1 0 0 0 1 1 1 1 0 0 0 1 1 1 0 0 0 1 1
20 12 2 1 0 0 0 1 1 1 1 0 0 0 1 1 1 1 0 0 0 1
20 12 2 1 1 0 0 0 1 1 1 0 0 0 1 1 1 1 0 0 0 1
23 8 1 0 0 0 0 0 1 1 0 0 0 0 0 1 1 1 0 0 0 0 0 1 1
23 8 1 0 0 0 0 0 1 1 0 0 0 0 1 0 1 1 0 0 0 0 0 1 1
23 8 1 0 0 0 0 0 1 1 0 0 0 0 1 0 1 1 0 0 0 0 1 0 1
23 8 1 0 0 0 0 0 1 1 0 0 0 1 0 0 1 1 0 0 0 0 0 1 1
23 8 1 0 0 0 0 0 1 1 0 0 0 1 0 0 1 1 0 0 0 0 1 0 1
23 8 1 0 0 0 0 0 1 1 0 0 1 0 0 0 1 1 0 0 0 0 0 1 1
23 8 1 0 0 0 0 0 1 1 0 0 1 0 0 0 1 1 0 0 0 0 1 0 1
23 8 1 0 0 0 0 0 1 1 0 1 0 0 0 0 1 1 0 0 0 0 0 1 1
23 8 1 0 0 0 0 0 1 1 0 1 0 0 0 0 1 1 0 0 0 0 1 0 1
23 8 1 0 0 0 0 0 1 1 0 1 0 0 0 0 1 1 0 0 0 1 0 0 1
23 8 1 0 0 0 0 0 1 1 0 1 0 0 0 0 1 1 0 0 1 0 0 0 1
23 8 1 0 0 0 0 0 1 1 0 1 0 0 0 0 1 1 0 1 0 0 0 0 1
23 8 1 0 0 0 0 0 1 1 1 0 0 0 0 0 1 1 0 0 0 0 0 1 1
23 8 1 0 0 0 0 0 1 1 1 0 0 0 0 0 1 1 0 0 0 0 1 0 1
23 8 1 0 0 0 0 0 1 1 1 0 0 0 0 0 1 1 0 0 0 1 0 0 1
23 8 1 0 0 0 0 0 1 1 1 0 0 0 0 0 1 1 0 0 1 0 0 0 1
23 8 1 0 0 0 0 0 1 1 1 0 0 0 0 0 1 1 0 1 0 0 0 0 1
23 8 1 0 0 0 0 0 1 1 1 0 0 0 0 0 1 1 1 0 0 0 0 0 1
23 8 1 0 0 0 0 1 0 1 0 0 0 0 1 0 1 1 0 0 0 0 1 0 1
23 8 1 0 0 0 0 1 0 1 0 0 0 0 1 1 0 1 0 0 0 0 1 0 1
23 8 1 0 0 0 0 1 0 1 0 0 0 0 1 1 0 1 0 0 0 0 1 1 0
23 8 1 0 0 0 0 1 0 1 0 1 0 0 0 0 1 1 0 0 0 0 1 0 1
23 8 1 0 0 0 0 1 0 1 0 1 0 0 0 0 1 1 0 1 0 0 0 0 1
23 8 1 0 0 0 0 1 0 1 1 0 0 0 0 0 1 1 0 0 0 0 1 0 1
23 8 1 0 0 0 0 1 0 1 1 0 0 0 0 0 1 1 0 0 0 1 0 0 1
23 8 1 0 0 0 0 1 0 1 1 0 0 0 0 0 1 1 0 0 1 0 0 0 1
23 8 1 0 0 0 0 1 0 1 1 0 0 0 0 0 1 1 0 1 0 0 0 0 1
23 8 1 0 0 0 0 1 0 1 1 0 0 0 0 0 1 1 1 0 0 0 0 0 1
23 8 1 0 0 0 0 1 0 1 1 0 0 0 0 1 0 1 0 0 0 0 1 0 1
23 8 1 0 0 0 0 1 0 1 1 0 0 0 0 1 0 1 0 0 0 0 1 1 0
23 8 1 0 0 0 0 1 0 1 1 0 0 0 0 1 0 1 0 1 0 0 0 0 1
23 8 1 0 0 0 0 1 0 1 1 0 0 0 0 1 0 1 1 0 0 0 0 0 1
23 8 1 0 0 0 0 1 0 1 1 0 0 0 0 1 0 1 1 0 0 0 0 1 0
23 8 1 0 0 0 0 1 1 0 0 0 0 0 1 1 0 1 0 0 0 0 1 1 0
23 8 1 0 0 0 0 1 1 0 0 0 0 0 1 1 1 0 0 0 0 0 1 1 0
23 8 1 0 0 0 0 1 1 0 0 0 0 1 0 1 0 1 0 0 0 0 1 1 0
23 8 1 0 0 0 0 1 1 0 0 0 0 1 0 1 1 0 0 0 0 0 1 1 0
23 8 1 0 0 0 0 1 1 0 0 0 0 1 0 1 1 0 0 0 0 1 0 1 0
23 8 1 0 0 0 0 1 1 0 0 0 1 0 0 1 1 0 0 0 0 0 1 1 0
23 8 1 0 0 0 0 1 1 0 0 1 0 0 0 1 1 0 0 0 0 0 1 1 0
23 8 1 0 0 0 0 1 1 0 1 0 0 0 0 1 0 1 0 0 0 0 1 1 0
23 8 1 0 0 0 0 1 1 0 1 0 0 0 0 1 0 1 1 0 0 0 0 1 0
23 8 1 0 0 0 0 1 1 0 1 0 0 0 0 1 1 0 0 0 0 0 1 1 0
23 8 1 0 0 0 0 1 1 0 1 0 0 0 0 1 1 0 0 0 0 1 0 1 0
23 8 1 0 0 0 0 1 1 0 1 0 0 0 0 1 1 0 1 0 0 0 0 1 0
23 8 1 0 0 0 1 0 0 1 1 0 0 0 0 0 1 1 0 1 0 0 0 0 1
23 8 1 0 0 0 1 0 0 1 1 0 0 0 0 0 1 1 1 0 0 0 0 0 1
23 8 1 0 0 0 1 0 0 1 1 0 0 0 0 1 0 1 1 0 0 0 0 0 1
23 8 1 0 0 0 1 1 0 0 0 0 0 1 1 0 1 0 0 0 0 1 1 0 0
23 8 1 0 0 0 1 1 0 0 0 0 0 1 1 1 0 0 0 0 0 1 1 0 0
23 8 1 0 0 0 1 1 0 0 0 0 1 0 1 1 0 0 0 0 0 1 1 0 0
23 8 1 0 0 1 0 0 0 1 1 0 0 0 0 0 1 1 0 1 0 0 0 0 1
23 8 1 0 0 1 0 0 0 1 1 0 0 0 0 0 1 1 1 0 0 0 0 0 1
23 8 1 0 0 1 0 0 0 1 1 0 0 0 0 1 0 1 1 0 0 0 0 0 1
23 8 1 0 0 1 1 0 0 0 0 0 1 1 0 1 0 0 0 0 1 1 0 0 0
23 8 1 0 0 1 1 0 0 0 0 0 1 1 1 0 0 0 0 0 1 1 0 0 0
23 8 1 0 0 1 1 0 0 0 0 1 0 1 1 0 0 0 0 0 1 1 0 0 0
23 8 1 0 1 0 0 0 0 1 0 1 0 0 0 0 1 1 0 1 0 0 0 0 1
23 8 1 0 1 0 0 0 0 1 0 1 1 0 0 0 0 1 0 1 0 0 0 0 1
23 8 1 0 1 0 0 0 0 1 0 1 1 0 0 0 0 1 0 1 1 0 0 0 0
23 8 1 0 1 0 0 0 0 1 1 0 0 0 0 0 1 1 0 1 0 0 0 0 1
23 8 1 0 1 0 0 0 0 1 1 0 0 0 0 0 1 1 1 0 0 0 0 0 1
23 8 1 0 1 0 0 0 0 1 1 0 0 0 0 1 0 1 0 1 0 0 0 0 1
23 8 1 0 1 0 0 0 0 1 1 0 0 0 0 1 0 1 1 0 0 0 0 0 1
23 8 1 0 1 0 0 0 0 1 1 0 0 0 0 1 0 1 1 0 0 0 0 1 0
23 8 1 0 1 0 0 0 0 1 1 0 0 0 1 0 0 1 1 0 0 0 0 0 1
23 8 1 0 1 0 0 0 0 1 1 0 0 1 0 0 0 1 1 0 0 0 0 0 1
23 8 1 0 1 0 0 0 0 1 1 0 1 0 0 0 0 1 0 1 0 0 0 0 1
23 8 1 0 1 0 0 0 0 1 1 0 1 0 0 0 0 1 0 1 1 0 0 0 0
23 8 1 0 1 0 0 0 0 1 1 0 1 0 0 0 0 1 1 0 0 0 0 0 1
23 8 1 0 1 0 0 0 0 1 1 0 1 0 0 0 0 1 1 0 0 0 0 1 0
23 8 1 0 1 0 0 0 0 1 1 0 1 0 0 0 0 1 1 0 1 0 0 0 0
23 8 1 0 1 0 1 0 0 0 0 1 1 0 0 0 0 1 0 1 1 0 0 0 0
23 8 1 0 1 0 1 0 0 0 0 1 1 0 1 0 0 0 0 1 1 0 0 0 0
23 8 1 0 1 1 0 0 0 0 0 1 1 0 0 0 0 1 0 1 1 0 0 0 0
23 8 1 0 1 1 0 0 0 0 0 1 1 0 0 0 1 0 0 1 1 0 0 0 0
23 8 1 0 1 1 0 0 0 0 0 1 1 0 0 1 0 0 0 1 1 0 0 0 0
23 8 1 0 1 1 0 0 0 0 0 1 1 0 1 0 0 0 0 1 1 0 0 0 0
23 8 1 0 1 1 0 0 0 0 0 1 1 1 0 0 0 0 0 1 1 0 0 0 0
23 8 1 0 1 1 0 0 0 0 1 0 1 0 0 0 0 1 0 1 1 0 0 0 0
23 8 1 0 1 1 0 0 0 0 1 0 1 0 0 0 0 1 1 0 1 0 0 0 0
23 8 1 0 1 1 0 0 0 0 1 0 1 0 1 0 0 0 0 1 1 0 0 0 0
23 8 1 0 1 1 0 0 0 0 1 0 1 1 0 0 0 0 0 1 1 0 0 0 0
23 8 1 0 1 1 0 0 0 0 1 0 1 1 0 0 0 0 1 0 1 0 0 0 0
23 8 1 1 0 0 0 0 0 1 1 0 0 0 0 0 1 1 1 0 0 0 0 0 1
23 8 1 1 0 0 0 0 0 1 1 0 0 0 0 1 0 1 1 0 0 0 0 0 1
23 8 1 1 0 0 0 0 0 1 1 0 0 0 0 1 0 1 1 0 0 0 0 1 0
23 8 1 1 0 0 0 0 0 1 1 0 0 0 1 0 0 1 1 0 0 0 0 0 1
23 8 1 1 0 0 0 0 0 1 1 0 0 0 1 0 0 1 1 0 0 0 0 1 0
23 8 1 1 0 0 0 0 0 1 1 0 0 1 0 0 0 1 1 0 0 0 0 0 1
23 8 1 1 0 0 0 0 0 1 1 0 0 1 0 0 0 1 1 0 0 0 0 1 0
23 8 1 1 0 0 0 0 0 1 1 0 1 0 0 0 0 1 1 0 0 0 0 0 1
23 8 1 1 0 0 0 0 0 1 1 0 1 0 0 0 0 1 1 0 0 0 0 1 0
23 8 1 1 0 0 0 0 0 1 1 0 1 0 0 0 0 1 1 0 0 0 1 0 0
23 8 1 1 0 0 0 0 0 1 1 0 1 0 0 0 0 1 1 0 0 1 0 0 0
23 8 1 1 0 0 0 0 0 1 1 0 1 0 0 0 0 1 1 0 1 0 0 0 0
23 8 1 1 0 0 0 0 0 1 1 1 0 0 0 0 0 1 1 0 0 0 0 0 1
23 8 1 1 0 0 0 0 0 1 1 1 0 0 0 0 0 1 1 0 0 0 0 1 0
23 8 1 1 0 0 0 0 0 1 1 1 0 0 0 0 0 1 1 0 0 0 1 0 0
23 8 1 1 0 0 0 0 0 1 1 1 0 0 0 0 0 1 1 0 0 1 0 0 0
23 8 1 1 0 0 0 0 0 1 1 1 0 0 0 0 0 1 1 0 1 0 0 0 0
23 8 1 1 0 0 0 0 0 1 1 1 0 0 0 0 0 1 1 1 0 0 0 0 0
23 8 1 1 0 0 0 0 1 0 1 0 0 0 0 1 0 1 1 0 0 0 0 1 0
23 8 1 1 0 0 0 0 1 0 1 0 0 0 0 1 1 0 1 0 0 0 0 1 0
23 8 1 1 0 0 0 0 1 0 1 0 1 0 0 0 0 1 1 0 0 0 0 1 0
23 8 1 1 0 0 0 0 1 0 1 0 1 0 0 0 0 1 1 0 1 0 0 0 0
23 8 1 1 0 0 0 0 1 0 1 1 0 0 0 0 0 1 1 0 0 0 0 1 0
23 8 1 1 0 0 0 0 1 0 1 1 0 0 0 0 0 1 1 0 0 0 1 0 0
23 8 1 1 0 0 0 0 1 0 1 1 0 0 0 0 0 1 1 0 0 1 0 0 0
23 8 1 1 0 0 0 0 1 0 1 1 0 0 0 0 0 1 1 0 1 0 0 0 0
23 8 1 1 0 0 0 0 1 0 1 1 0 0 0 0 0 1 1 1 0 0 0 0 0
23 8 1 1 0 0 0 0 1 0 1 1 0 0 0 0 1 0 1 0 0 0 0 1 0
23 8 1 1 0 0 0 0 1 0 1 1 0 0 0 0 1 0 1 0 1 0 0 0 0
23 8 1 1 0 0 0 0 1 0 1 1 0 0 0 0 1 0 1 1 0 0 0 0 0
23 8 1 1 0 0 0 1 0 0 1 1 0 0 0 0 0 1 1 0 1 0 0 0 0
23 8 1 1 0 0 0 1 0 0 1 1 0 0 0 0 0 1 1 1 0 0 0 0 0
23 8 1 1 0 0 0 1 0 0 1 1 0 0 0 0 1 0 1 1 0 0 0 0 0
23 8 1 1 0 0 1 0 0 0 1 1 0 0 0 0 0 1 1 0 1 0 0 0 0
23 8 1 1 0 0 1 0 0 0 1 1 0 0 0 0 0 1 1 1 0 0 0 0 0
23 8 1 1 0 0 1 0 0 0 1 1 0 0 0 0 1 0 1 1 0 0 0 0 0
23 8 1 1 0 1 0 0 0 0 1 0 1 0 0 0 0 1 1 0 1 0 0 0 0
23 8 1 1 0 1 0 0 0 0 1 0 1 1 0 0 0 0 1 0 1 0 0 0 0
23 8 1 1 0 1 0 0 0 0 1 1 0 0 0 0 0 1 1 0 1 0 0 0 0
23 8 1 1 0 1 0 0 0 0 1 1 0 0 0 0 0 1 1 1 0 0 0 0 0
23 8 1 1 0 1 0 0 0 0 1 1 0 0 0 0 1 0 1 0 1 0 0 0 0
23 8 1 1 0 1 0 0 0 0 1 1 0 0 0 0 1 0 1 1 0 0 0 0 0
23 8 1 1 0 1 0 0 0 0 1 1 0 0 0 1 0 0 1 1 0 0 0 0 0
23 8 1 1 0 1 0 0 0 0 1 1 0 0 1 0 0 0 1 1 0 0 0 0 0
23 8 1 1 0 1 0 0 0 0 1 1 0 1 0 0 0 0 1 0 1 0 0 0 0
23 8 1 1 0 1 0 0 0 0 1 1 0 1 0 0 0 0 1 1 0 0 0 0 0
23 8 1 1 1 0 0 0 0 0 1 1 0 0 0 0 0 1 1 1 0 0 0 0 0
23 8 1 1 1 0 0 0 0 0 1 1 0 0 0 0 1 0 1 1 0 0 0 0 0
23 8 1 1 1 0 0 0 0 0 1 1 0 0 0 1 0 0 1 1 0 0 0 0 0
23 8 1 1 1 0 0 0 0 0 1 1 0 0 1 0 0 0 1 1 0 0 0 0 0
23 8 1 1 1 0 0 0 0 0 1 1 0 1 0 0 0 0 1 1 0 0 0 0 0
23 8 1 1 1 0 0 0 0 0 1 1 1 0 0 0 0 0 1 1 0 0 0 0 0
23 11 1 0 0 0 0 1 1 1 0 0 0 0 1 1 1 1 0 0 0 0 1 1 1
23 11 1 0 0 0 0 1 1 1 0 0 0 1 0 1 1 1 0 0 0 0 1 1 1
23 11 1 0 0 0 0 1 1 1 0 1 0 0 0 1 1 1 0 0 0 0 1 1 1
23 11 1 0 0 0 0 1 1 1 1 0 0 0 0 1 1 1 0 0 0 0 1 1 1
23 11 1 0 0 0 0 1 1 1 1 0 0 0 0 1 1 1 0 0 0 1 0 1 1
23 11 1 0 0 0 0 1 1 1 1 0 0 0 0 1 1 1 0 1 0 0 0 1 1
23 11 1 0 0 0 0 1 1 1 1 0 0 0 0 1 1 1 1 0 0 0 0 1 1
23 11 1 0 0 0 1 0 1 1 1 0 0 0 0 1 1 1 1 0 0 0 0 1 1
23 11 1 0 0 0 1 1 1 0 0 0 0 1 1 1 1 0 0 0 0 1 1 1 0
23 11 1 0 1 0 0 0 1 1 1 0 0 0 0 1 1 1 1 0 0 0 0 1 1
23 11 1 0 1 1 1 0 0 0 0 1 1 1 1 0 0 0 0 1 1 1 0 0 0
23 11 1 1 0 0 0 0 1 1 1 0 0 0 0 1 1 1 1 0 0 0 0 1 1
23 11 1 1 0 0 0 0 1 1 1 0 0 0 1 0 1 1 1 0 0 0 0 1 1
23 11 1 1 0 0 0 0 1 1 1 0 1 0 0 0 1 1 1 0 0 0 0 1 1
23 11 1 1 0 0 0 0 1 1 1 1 0 0 0 0 1 1 1 0 0 0 0 1 1
23 11 1 1 0 0 0 0 1 1 1 1 0 0 0 0 1 1 1 0 0 0 1 0 1
23 11 1 1 0 0 0 0 1 1 1 1 0 0 0 0 1 1 1 0 1 0 0 0 1
23 11 1 1 0 0 0 0 1 1 1 1 0 0 0 0 1 1 1 1 0 0 0 0 1
23 11 1 1 0 0 0 1 0 1 1 1 0 0 0 0 1 1 1 1 0 0 0 0 1
23 11 1 1 0 1 0 0 0 1 1 1 0 0 0 0 1 1 1 1 0 0 0 0 1
23 11 1 1 1 0 0 0 0 1 1 1 0 0 0 0 1 1 1 1 0 0 0 0 1
23 11 1 1 1 0 0 0 0 1 1 1 0 0 0 1 0 1 1 1 0 0 0 0 1
23 11 1 1 1 0 0 0 0 1 1 1 0 1 0 0 0 1 1 1 0 0 0 0 1
23 11 1 1 1 0 0 0 0 1 1 1 1 0 0 0 0 1 1 1 0 0 0 0 1
23 11 1 1 1 0 0 0 0 1 1 1 1 0 0 0 0 1 1 1 0 0 0 1 0
23 11 1 1 1 0 0 0 0 1 1 1 1 0 0 0 0 1 1 1 0 1 0 0 0
23 11 1 1 1 0 0 0 0 1 1 1 1 0 0 0 0 1 1 1 1 0 0 0 0
23 11 1 1 1 0 0 0 1 0 1 1 1 0 0 0 0 1 1 1 1 0 0 0 0
23 11 1 1 1 0 1 0 0 0 1 1 1 0 0 0 0 1 1 1 1 0 0 0 0
23 11 1 1 1 1 0 0 0 0 1 1 1 0 0 0 0 1 1 1 1 0 0 0 0
23 11 1 1 1 1 0 0 0 0 1 1 1 0 0 0 1 0 1 1 1 0 0 0 0
23 11 1 1 1 1 0 0 0 0 1 1 1 0 1 0 0 0 1 1 1 0 0 0 0
23 11 1 1 1 1 0 0 0 0 1 1 1 1 0 0 0 0 1 1 1 0 0 0 0
23 11 2 0 0 0 0 0 1 1 0 0 0 0 0 2 1 1 0 0 0 0 1 1 1
23 11 2 0 0 0 0 0 1 1 0 0 0 0 0 2 1 1 1 0 0 0 0 1 1
23 11 2 1 1 0 0 0 0 1 1 1 2 0 0 0 0 0 1 1 0 0 0 0 0
23 11 2 1 1 1 0 0 0 0 1 1 2 0 0 0 0 0 1 1 0 0 0 0 0
23 12 1 0 0 0 0 1 1 1 1 0 0 0 0 1 1 1 1 0 0 0 1 1 1
23 12 1 0 0 0 0 1 1 1 1 0 0 0 1 1 1 1 0 0 0 0 1 1 1
23 12 1 0 0 0 1 1 1 1 0 0 0 0 1 1 1 1 0 0 0 0 1 1 1
23 12 1 1 0 0 0 0 1 1 1 1 0 0 0 0 1 1 1 1 0 0 0 1 1
23 12 1 1 0 0 0 0 1 1 1 1 0 0 0 1 1 1 1 0 0 0 0 1 1
23 12 1 1 0 0 0 1 1 1 1 0 0 0 0 1 1 1 1 0 0 0 0 1 1
23 12 1 1 1 0 0 0 0 1 1 1 1 0 0 0 0 1 1 1 1 0 0 0 1
23 12 1 1 1 0 0 0 0 1 1 1 1 0 0 0 1 1 1 1 0 0 0 0 1
23 12 1 1 1 0 0 0 1 1 1 1 0 0 0 0 1 1 1 1 0 0 0 0 1
23 12 1 1 1 1 0 0 0 0 1 1 1 1 0 0 0 0 1 1 1 1 0 0 0
23 12 1 1 1 1 0 0 0 0 1 1 1 1 0 0 0 1 1 1 1 0 0 0 0
23 12 1 1 1 1 0 0 0 1 1 1 1 0 0 0 0 1 1 1 1 0 0 0 0
23 12 2 0 0 0 0 1 1 1 0 0 0 0 1 1 1 1 0 0 0 0 1 1 1
23 12 2 0 0 0 0 1 1 1 1 0 0 0 0 1 1 1 0 0 0 0 1 1 1
23 12 2 0 0 0 0 1 1 1 1 0 0 0 0 1 1 1 0 0 0 1 0 1 1
23 12 2 0 0 0 0 1 1 1 1 0 0 0 0 1 1 1 0 1 0 0 0 1 1
23 12 2 0 0 0 0 1 1 1 1 0 0 0 0 1 1 1 1 0 0 0 0 1 1
23 12 2 0 0 0 1 0 1 1 1 0 0 0 0 1 1 1 1 0 0 0 0 1 1
23 12 2 0 1 0 0 0 1 1 1 0 0 0 0 1 1 1 1 0 0 0 0 1 1
23 12 2 1 0 0 0 0 1 1 1 0 0 0 0 1 1 1 1 0 0 0 0 1 1
23 12 2 1 0 0 0 0 1 1 1 0 1 0 0 0 1 1 1 0 0 0 0 1 1
23 12 2 1 0 0 0 0 1 1 1 1 0 0 0 0 1 1 1 0 0 0 0 1 1
23 12 2 1 0 0 0 0 1 1 1 1 0 0 0 0 1 1 1 0 0 0 1 0 1
23 12 2 1 0 0 0 0 1 1 1 1 0 0 0 0 1 1 1 0 0 1 0 0 1
23 12 2 1 0 0 0 0 1 1 1 1 0 0 0 0 1 1 1 0 1 0 0 0 1
23 12 2 1 0 0 0 0 1 1 1 1 0 0 0 0 1 1 1 1 0 0 0 0 1
23 12 2 1 0 0 0 1 0 1 1 1 0 0 0 0 1 1 1 1 0 0 0 0 1
23 12 2 1 0 0 1 0 0 1 1 1 0 0 0 0 1 1 1 1 0 0 0 0 1
23 12 2 1 0 1 0 0 0 1 1 1 0 0 0 0 1 1 1 1 0 0 0 0 1
23 12 2 1 1 0 0 0 0 1 1 1 0 0 0 0 1 1 1 1 0 0 0 0 1
23 12 2 1 1 0 0 0 0 1 1 1 0 0 0 1 0 1 1 1 0 0 0 0 1
23 12 2 1 1 0 0 0 0 1 1 1 1 0 0 0 0 1 1 1 0 0 0 0 1
23 12 2 1 1 0 0 0 0 1 1 1 1 0 0 0 0 1 1 1 0 0 0 1 0
23 12 2 1 1 0 0 0 0 1 1 1 1 0 0 0 0 1 1 1 0 1 0 0 0
23 12 2 1 1 0 0 0 0 1 1 1 1 0 0 0 0 1 1 1 1 0 0 0 0
23 12 2 1 1 0 0 0 1 0 1 1 1 0 0 0 0 1 1 1 1 0 0 0 0
23 12 2 1 1 0 1 0 0 0 1 1 1 0 0 0 0 1 1 1 1 0 0 0 0
23 12 2 1 1 1 0 0 0 0 1 1 1 0 0 0 0 1 1 1 1 0 0 0 0
23 12 2 1 1 1 0 0 0 0 1 1 1 1 0 0 0 0 1 1 1 0 0 0 0
26 8 1 0 0 0 0 0 0 1 1 0 0 0 0 0 0 1 1 1 0 0 0 0 0 0 1 1
26 8 1 0 0 0 0 0 0 1 1 0 0 0 0 0 1 0 1 1 0 0 0 0 0 0 1 1
26 8 1 0 0 0 0 0 0 1 1 0 0 0 0 0 1 0 1 1 0 0 0 0 0 1 0 1
26 8 1 0 0 0 0 0 0 1 1 0 0 0 0 1 0 0 1 1 0 0 0 0 0 0 1 1
26 8 1 0 0 0 0 0 0 1 1 0 0 0 0 1 0 0 1 1 0 0 0 0 0 1 0 1
26 8 1 0 0 0 0 0 0 1 1 0 0 0 0 1 0 0 1 1 0 0 0 0 1 0 0 1
26 8 1 0 0 0 0 0 0 1 1 0 0 0 1 0 0 0 1 1 0 0 0 0 0 0 1 1
26 8 1 0 0 0 0 0 0 1 1 0 0 0 1 0 0 0 1 1 0 0 0 0 0 1 0 1
26 8 1 0 0 0 0 0 0 1 1 0 0 1 0 0 0 0 1 1 0 0 0 0 0 0 1 1
26 8 1 0 0 0 0 0 0 1 1 0 0 1 0 0 0 0 1 1 0 0 0 0 0 1 0 1
26 8 1 0 0 0 0 0 0 1 1 0 0 1 0 0 0 0 1 1 0 0 0 0 1 0 0 1
26 8 1 0 0 0 0 0 0 1 1 0 0 1 0 0 0 0 1 1 0 0 1 0 0 0 0 1
26 8 1 0 0 0 0 0 0 1 1 0 1 0 0 0 0 0 1 1 0 0 0 0 0 0 1 1
26 8 1 0 0 0 0 0 0 1 1 0 1 0 0 0 0 0 1 1 0 0 0 0 0 1 0 1
26 8 1 0 0 0 0 0 0 1 1 0 1 0 0 0 0 0 1 1 0 0 0 0 1 0 0 1
26 8 1 0 0 0 0 0 0 1 1 0 1 0 0 0 0 0 1 1 0 0 0 1 0 0 0 1
26 8 1 0 0 0 0 0 0 1 1 0 1 0 0 0 0 0 1 1 0 0 1 0 0 0 0 1
26 8 1 0 0 0 0 0 0 1 1 0 1 0 0 0 0 0 1 1 0 1 0 0 0 0 0 1
26 8 1 0 0 0 0 0 0 1 1 1 0 0 0 0 0 0 1 1 0 0 0 0 0 0 1 1
26 8 1 0 0 0 0 0 0 1 1 1 0 0 0 0 0 0 1 1 0 0 0 0 0 1 0 1
26 8 1 0 0 0 0 0 0 1 1 1 0 0 0 0 0 0 1 1 0 0 0 0 1 0 0 1
26 8 1 0 0 0 0 0 0 1 1 1 0 0 0 0 0 0 1 1 0 0 0 1 0 0 0 1
26 8 1 0 0 0 0 0 0 1 1 1 0 0 0 0 0 0 1 1 0 0 1 0 0 0 0 1
26 8 1 0 0 0 0 0 0 1 1 1 0 0 0 0 0 0 1 1 0 1 0 0 0 0 0 1
26 8 1 0 0 0 0 0 0 1 1 1 0 0 0 0 0 0 1 1 1 0 0 0 0 0 0 1
26 8 1 0 0 0 0 0 1 0 1 0 0 0 0 0 1 0 1 1 0 0 0 0 0 1 0 1
26 8 1 0 0 0 0 0 1 0 1 0 0 0 0 0 1 1 0 1 0 0 0 0 0 1 0 1
26 8 1 0 0 0 0 0 1 0 1 0 0 0 0 0 1 1 0 1 0 0 0 0 0 1 1 0
26 8 1 0 0 0 0 0 1 0 1 0 0 0 0 1 0 0 1 1 0 0 0 0 0 1 0 1
26 8 1 0 0 0 0 0 1 0 1 0 0 0 0 1 0 1 0 1 0 0 0 0 0 1 1 0
26 8 1 0 0 0 0 0 1 0 1 0 0 1 0 0 0 0 1 1 0 0 0 0 0 1 0 1
26 8 1 0 0 0 0 0 1 0 1 0 1 0 0 0 0 0 1 1 0 0 0 0 0 1 0 1
26 8 1 0 0 0 0 0 1 0 1 0 1 0 0 0 0 0 1 1 0 0 0 0 1 0 0 1
26 8 1 0 0 0 0 0 1 0 1 0 1 0 0 0 0 0 1 1 0 0 1 0 0 0 0 1
26 8 1 0 0 0 0 0 1 0 1 0 1 0 0 0 0 0 1 1 0 1 0 0 0 0 0 1
26 8 1 0 0 0 0 0 1 0 1 0 1 0 0 0 0 1 0 1 0 0 0 0 0 1 0 1
26 8 1 0 0 0 0 0 1 0 1 0 1 0 0 0 0 1 0 1 0 1 0 0 0 0 0 1
26 8 1 0 0 0 0 0 1 0 1 1 0 0 0 0 0 0 1 1 0 0 0 0 0 1 0 1
26 8 1 0 0 0 0 0 1 0 1 1 0 0 0 0 0 0 1 1 0 0 0 0 1 0 0 1
26 8 1 0 0 0 0 0 1 0 1 1 0 0 0 0 0 0 1 1 0 0 0 1 0 0 0 1
26 8 1 0 0 0 0 0 1 0 1 1 0 0 0 0 0 0 1 1 0 0 1 0 0 0 0 1
26 8 1 0 0 0 0 0 1 0 1 1 0 0 0 0 0 0 1 1 0 1 0 0 0 0 0 1
26 8 1 0 0 0 0 0 1 0 1 1 0 0 0 0 0 0 1 1 1 0 0 0 0 0 0 1
26 8 1 0 0 0 0 0 1 0 1 1 0 0 0 0 0 1 0 1 0 0 0 0 0 1 0 1
26 8 1 0 0 0 0 0 1 0 1 1 0 0 0 0 0 1 0 1 0 0 0 0 0 1 1 0
26 8 1 0 0 0 0 0 1 0 1 1 0 0 0 0 0 1 0 1 0 0 0 0 1 0 0 1
26 8 1 0 0 0 0 0 1 0 1 1 0 0 0 0 0 1 0 1 0 0 1 0 0 0 0 1
26 8 1 0 0 0 0 0 1 0 1 1 0 0 0 0 0 1 0 1 0 1 0 0 0 0 0 1
26 8 1 0 0 0 0 0 1 0 1 1 0 0 0 0 0 1 0 1 0 1 0 0 0 0 1 0
26 8 1 0 0 0 0 0 1 0 1 1 0 0 0 0 0 1 0 1 1 0 0 0 0 0 0 1
26 8 1 0 0 0 0 0 1 0 1 1 0 0 0 0 0 1 0 1 1 0 0 0 0 0 1 0
26 8 1 0 0 0 0 0 1 1 0 0 0 0 0 0 1 1 0 1 0 0 0 0 0 1 1 0
26 8 1 0 0 0 0 0 1 1 0 0 0 0 0 0 1 1 1 0 0 0 0 0 0 1 1 0
26 8 1 0 0 0 0 0 1 1 0 0 0 0 0 1 0 1 0 1 0 0 0 0 0 1 1 0
26 8 1 0 0 0 0 0 1 1 0 0 0 0 0 1 0 1 0 1 0 0 0 0 1 0 1 0
26 8 1 0 0 0 0 0 1 1 0 0 0 0 0 1 0 1 1 0 0 0 0 0 0 1 1 0
26 8 1 0 0 0 0 0 1 1 0 0 0 0 0 1 0 1 1 0 0 0 0 0 1 0 1 0
26 8 1 0 0 0 0 0 1 1 0 0 0 0 1 0 0 1 0 1 0 0 0 0 0 1 1 0
26 8 1 0 0 0 0 0 1 1 0 0 0 0 1 0 0 1 1 0 0 0 0 0 0 1 1 0
26 8 1 0 0 0 0 0 1 1 0 0 0 0 1 0 0 1 1 0 0 0 0 0 1 0 1 0
26 8 1 0 0 0 0 0 1 1 0 0 0 1 0 0 0 1 1 0 0 0 0 0 0 1 1 0
26 8 1 0 0 0 0 0 1 1 0 0 1 0 0 0 0 1 0 1 0 0 0 0 0 1 1 0
26 8 1 0 0 0 0 0 1 1 0 0 1 0 0 0 0 1 1 0 0 0 0 0 0 1 1 0
26 8 1 0 0 0 0 0 1 1 0 0 1 0 0 0 0 1 1 0 0 0 0 0 1 0 1 0
26 8 1 0 0 0 0 0 1 1 0 1 0 0 0 0 0 1 0 1 0 0 0 0 0 1 1 0
26 8 1 0 0 0 0 0 1 1 0 1 0 0 0 0 0 1 0 1 0 0 0 0 1 0 1 0
26 8 1 0 0 0 0 0 1 1 0 1 0 0 0 0 0 1 0 1 1 0 0 0 0 0 1 0
26 8 1 0 0 0 0 0 1 1 0 1 0 0 0 0 0 1 1 0 0 0 0 0 0 1 1 0
26 8 1 0 0 0 0 0 1 1 0 1 0 0 0 0 0 1 1 0 0 0 0 0 1 0 1 0
26 8 1 0 0 0 0 0 1 1 0 1 0 0 0 0 0 1 1 0 0 0 0 1 0 0 1 0
26 8 1 0 0 0 0 0 1 1 0 1 0 0 0 0 0 1 1 0 0 1 0 0 0 0 1 0
26 8 1 0 0 0 0 0 1 1 0 1 0 0 0 0 0 1 1 0 1 0 0 0 0 0 1 0
26 8 1 0 0 0 0 1 0 0 1 0 1 0 0 0 0 0 1 1 0 1 0 0 0 0 0 1
26 8 1 0 0 0 0 1 0 0 1 1 0 0 0 0 0 0 1 1 0 0 0 0 1 0 0 1
26 8 1 0 0 0 0 1 0 0 1 1 0 0 0 0 0 0 1 1 0 0 1 0 0 0 0 1
26 8 1 0 0 0 0 1 0 0 1 1 0 0 0 0 0 0 1 1 0 1 0 0 0 0 0 1
26 8 1 0 0 0 0 1 0 0 1 1 0 0 0 0 0 0 1 1 1 0 0 0 0 0 0 1
26 8 1 0 0 0 0 1 0 0 1 1 0 0 0 0 0 1 0 1 0 1 0 0 0 0 0 1
26 8 1 0 0 0 0 1 0 0 1 1 0 0 0 0 0 1 0 1 1 0 0 0 0 0 0 1
26 8 1 0 0 0 0 1 0 0 1 1 0 0 0 0 0 1 0 1 1 0 0 0 0 0 1 0
26 8 1 0 0 0 0 1 0 0 1 1 0 0 0 0 1 0 0 1 1 0 0 0 0 0 0 1
26 8 1 0 0 0 0 1 0 1 0 0 0 0 0 1 0 1 1 0 0 0 0 0 1 0 1 0
26 8 1 0 0 0 0 1 0 1 0 0 0 0 0 1 1 0 1 0 0 0 0 0 1 1 0 0
26 8 1 0 0 0 0 1 0 1 0 1 0 0 0 0 0 1 1 0 0 0 0 0 1 0 1 0
26 8 1 0 0 0 0 1 0 1 0 1 0 0 0 0 0 1 1 0 1 0 0 0 0 0 1 0
26 8 1 0 0 0 0 1 1 0 0 0 0 0 0 1 1 0 0 1 0 0 0 0 1 1 0 0
26 8 1 0 0 0 0 1 1 0 0 0 0 0 0 1 1 0 1 0 0 0 0 0 1 1 0 0
26 8 1 0 0 0 0 1 1 0 0 0 0 0 0 1 1 1 0 0 0 0 0 0 1 1 0 0
26 8 1 0 0 0 0 1 1 0 0 0 0 0 1 0 1 0 1 0 0 0 0 0 1 1 0 0
26 8 1 0 0 0 0 1 1 0 0 0 0 0 1 0 1 1 0 0 0 0 0 0 1 1 0 0
26 8 1 0 0 0 0 1 1 0 0 0 0 0 1 0 1 1 0 0 0 0 0 1 0 1 0 0
26 8 1 0 0 0 0 1 1 0 0 0 0 1 0 0 1 1 0 0 0 0 0 0 1 1 0 0
26 8 1 0 0 0 0 1 1 0 0 1 0 0 0 0 1 1 0 0 0 0 0 0 1 1 0 0
26 8 1 0 0 0 1 0 0 0 1 1 0 0 0 0 0 0 1 1 0 1 0 0 0 0 0 1
26 8 1 0 0 0 1 0 0 0 1 1 0 0 0 0 0 0 1 1 1 0 0 0 0 0 0 1
26 8 1 0 0 0 1 0 0 0 1 1 0 0 0 0 0 1 0 1 1 0 0 0 0 0 0 1
26 8 1 0 0 0 1 1 0 0 0 0 0 0 1 1 0 1 0 0 0 0 0 1 1 0 0 0
26 8 1 0 0 0 1 1 0 0 0 0 0 0 1 1 1 0 0 0 0 0 0 1 1 0 0 0
26 8 1 0 0 0 1 1 0 0 0 0 0 1 0 1 1 0 0 0 0 0 0 1 1 0 0 0
26 8 1 0 0 1 0 0 0 0 1 0 1 0 0 0 0 0 1 1 0 1 0 0 0 0 0 1
26 8 1 0 0 1 0 0 0 0 1 1 0 0 0 0 0 0 1 1 0 0 1 0 0 0 0 1
26 8 1 0 0 1 0 0 0 0 1 1 0 0 0 0 0 0 1 1 0 1 0 0 0 0 0 1
26 8 1 0 0 1 0 0 0 0 1 1 0 0 0 0 0 0 1 1 1 0 0 0 0 0 0 1
26 8 1 0 0 1 0 0 0 0 1 1 0 0 0 0 0 1 0 1 0 1 0 0 0 0 0 1
26 8 1 0 0 1 0 0 0 0 1 1 0 0 0 0 0 1 0 1 1 0 0 0 0 0 0 1
26 8 1 0 0 1 0 0 0 0 1 1 0 0 0 0 0 1 0 1 1 0 0 0 0 0 1 0
26 8 1 0 0 1 0 0 0 0 1 1 0 0 0 0 1 0 0 1 1 0 0 0 0 0 0 1
26 8 1 0 0 1 0 0 0 0 1 1 0 0 1 0 0 0 0 1 1 0 0 0 0 0 0 1
26 8 1 0 0 1 0 1 0 0 0 0 0 1 1 0 1 0 0 0 0 0 1 1 0 0 0 0
26 8 1 0 0 1 1 0 0 0 0 0 0 1 1 0 0 0 0 1 0 0 1 1 0 0 0 0
26 8 1 0 0 1 1 0 0 0 0 0 0 1 1 0 0 1 0 0 0 0 1 1 0 0 0 0
26 8 1 0 0 1 1 0 0 0 0 0 0 1 1 0 1 0 0 0 0 0 1 1 0 0 0 0
26 8 1 0 0 1 1 0 0 0 0 0 0 1 1 1 0 0 0 0 0 0 1 1 0 0 0 0
26 8 1 0 0 1 1 0 0 0 0 0 1 0 1 0 1 0 0 0 0 0 1 1 0 0 0 0
26 8 1 0 0 1 1 0 0 0 0 0 1 0 1 1 0 0 0 0 0 0 1 1 0 0 0 0
26 8 1 0 0 1 1 0 0 0 0 0 1 0 1 1 0 0 0 0 0 1 0 1 0 0 0 0
26 8 1 0 0 1 1 0 0 0 0 1 0 0 1 1 0 0 0 0 0 0 1 1 0 0 0 0
26 8 1 0 1 0 0 0 0 0 1 0 1 0 0 0 0 0 1 1 0 1 0 0 0 0 0 1
26 8 1 0 1 0 0 0 0 0 1 0 1 0 0 0 0 1 0 1 0 1 0 0 0 0 0 1
26 8 1 0 1 0 0 0 0 0 1 0 1 1 0 0 0 0 0 1 0 1 0 0 0 0 0 1
26 8 1 0 1 0 0 0 0 0 1 0 1 1 0 0 0 0 0 1 0 1 0 1 0 0 0 0
26 8 1 0 1 0 0 0 0 0 1 0 1 1 0 0 0 0 0 1 0 1 1 0 0 0 0 0
26 8 1 0 1 0 0 0 0 0 1 1 0 0 0 0 0 0 1 1 0 1 0 0 0 0 0 1
26 8 1 0 1 0 0 0 0 0 1 1 0 0 0 0 0 0 1 1 1 0 0 0 0 0 0 1
26 8 1 0 1 0 0 0 0 0 1 1 0 0 0 0 0 1 0 1 0 1 0 0 0 0 0 1
26 8 1 0 1 0 0 0 0 0 1 1 0 0 0 0 0 1 0 1 0 1 0 0 0 0 1 0
26 8 1 0 1 0 0 0 0 0 1 1 0 0 0 0 0 1 0 1 1 0 0 0 0 0 0 1
26 8 1 0 1 0 0 0 0 0 1 1 0 0 0 0 0 1 0 1 1 0 0 0 0 0 1 0
26 8 1 0 1 0 0 0 0 0 1 1 0 0 0 0 1 0 0 1 0 1 0 0 0 0 0 1
26 8 1 0 1 0 0 0 0 0 1 1 0 0 0 0 1 0 0 1 1 0 0 0 0 0 0 1
26 8 1 0 1 0 0 0 0 0 1 1 0 0 0 0 1 0 0 1 1 0 0 0 0 0 1 0
26 8 1 0 1 0 0 0 0 0 1 1 0 0 0 1 0 0 0 1 1 0 0 0 0 0 0 1
26 8 1 0 1 0 0 0 0 0 1 1 0 0 1 0 0 0 0 1 0 1 0 0 0 0 0 1
26 8 1 0 1 0 0 0 0 0 1 1 0 0 1 0 0 0 0 1 1 0 0 0 0 0 0 1
26 8 1 0 1 0 0 0 0 0 1 1 0 0 1 0 0 0 0 1 1 0 0 0 0 0 1 0
26 8 1 0 1 0 0 0 0 0 1 1 0 1 0 0 0 0 0 1 0 1 0 0 0 0 0 1
26 8 1 0 1 0 0 0 0 0 1 1 0 1 0 0 0 0 0 1 0 1 0 0 0 0 1 0
26 8 1 0 1 0 0 0 0 0 1 1 0 1 0 0 0 0 0 1 0 1 1 0 0 0 0 0
26 8 1 0 1 0 0 0 0 0 1 1 0 1 0 0 0 0 0 1 1 0 0 0 0 0 0 1
26 8 1 0 1 0 0 0 0 0 1 1 0 1 0 0 0 0 0 1 1 0 0 0 0 0 1 0
26 8 1 0 1 0 0 0 0 0 1 1 0 1 0 0 0 0 0 1 1 0 0 0 0 1 0 0
26 8 1 0 1 0 0 0 0 0 1 1 0 1 0 0 0 0 0 1 1 0 0 1 0 0 0 0
26 8 1 0 1 0 0 0 0 0 1 1 0 1 0 0 0 0 0 1 1 0 1 0 0 0 0 0
26 8 1 0 1 0 0 0 0 1 0 0 1 1 0 0 0 0 0 1 0 1 1 0 0 0 0 0
26 8 1 0 1 0 0 0 0 1 0 1 0 0 0 0 0 1 0 1 1 0 0 0 0 0 1 0
26 8 1 0 1 0 0 0 0 1 0 1 0 1 0 0 0 0 0 1 1 0 0 0 0 0 1 0
26 8 1 0 1 0 0 0 0 1 0 1 0 1 0 0 0 0 0 1 1 0 1 0 0 0 0 0
26 8 1 0 1 0 0 1 0 0 0 0 1 1 0 0 0 0 0 1 0 1 1 0 0 0 0 0
26 8 1 0 1 0 1 0 0 0 0 0 1 1 0 0 0 0 0 1 0 1 0 1 0 0 0 0
26 8 1 0 1 0 1 0 0 0 0 0 1 1 0 0 0 0 0 1 0 1 1 0 0 0 0 0
26 8 1 0 1 0 1 0 0 0 0 0 1 1 0 0 0 0 1 0 0 1 1 0 0 0 0 0
26 8 1 0 1 0 1 0 0 0 0 0 1 1 0 0 1 0 0 0 0 1 1 0 0 0 0 0
26 8 1 0 1 0 1 0 0 0 0 0 1 1 0 1 0 0 0 0 0 1 0 1 0 0 0 0
26 8 1 0 1 0 1 0 0 0 0 0 1 1 0 1 0 0 0 0 0 1 1 0 0 0 0 0
26 8 1 0 1 0 1 0 0 0 0 1 0 1 0 0 0 0 0 1 0 1 1 0 0 0 0 0
26 8 1 0 1 0 1 0 0 0 0 1 0 1 0 1 0 0 0 0 0 1 1 0 0 0 0 0
26 8 1 0 1 1 0 0 0 0 0 0 1 1 0 0 0 0 0 1 0 1 1 0 0 0 0 0
26 8 1 0 1 1 0 0 0 0 0 0 1 1 0 0 0 0 1 0 0 1 1 0 0 0 0 0
26 8 1 0 1 1 0 0 0 0 0 0 1 1 0 0 0 1 0 0 0 1 1 0 0 0 0 0
26 8 1 0 1 1 0 0 0 0 0 0 1 1 0 0 1 0 0 0 0 1 1 0 0 0 0 0
26 8 1 0 1 1 0 0 0 0 0 0 1 1 0 1 0 0 0 0 0 1 1 0 0 0 0 0
26 8 1 0 1 1 0 0 0 0 0 0 1 1 1 0 0 0 0 0 0 1 1 0 0 0 0 0
26 8 1 0 1 1 0 0 0 0 0 1 0 1 0 0 0 0 0 1 0 1 1 0 0 0 0 0
26 8 1 0 1 1 0 0 0 0 0 1 0 1 0 0 0 0 0 1 1 0 1 0 0 0 0 0
26 8 1 0 1 1 0 0 0 0 0 1 0 1 0 0 0 0 1 0 0 1 1 0 0 0 0 0
26 8 1 0 1 1 0 0 0 0 0 1 0 1 0 0 1 0 0 0 0 1 1 0 0 0 0 0
26 8 1 0 1 1 0 0 0 0 0 1 0 1 0 1 0 0 0 0 0 1 1 0 0 0 0 0
26 8 1 0 1 1 0 0 0 0 0 1 0 1 0 1 0 0 0 0 1 0 1 0 0 0 0 0
26 8 1 0 1 1 0 0 0 0 0 1 0 1 1 0 0 0 0 0 0 1 1 0 0 0 0 0
26 8 1 0 1 1 0 0 0 0 0 1 0 1 1 0 0 0 0 0 1 0 1 0 0 0 0 0
26 8 1 1 0 0 0 0 0 0 1 1 0 0 0 0 0 0 1 1 1 0 0 0 0 0 0 1
26 8 1 1 0 0 0 0 0 0 1 1 0 0 0 0 0 1 0 1 1 0 0 0 0 0 0 1
26 8 1 1 0 0 0 0 0 0 1 1 0 0 0 0 0 1 0 1 1 0 0 0 0 0 1 0
26 8 1 1 0 0 0 0 0 0 1 1 0 0 0 0 1 0 0 1 1 0 0 0 0 0 0 1
26 8 1 1 0 0 0 0 0 0 1 1 0 0 0 0 1 0 0 1 1 0 0 0 0 0 1 0
26 8 1 1 0 0 0 0 0 0 1 1 0 0 0 0 1 0 0 1 1 0 0 0 0 1 0 0
26 8 1 1 0 0 0 0 0 0 1 1 0 0 0 1 0 0 0 1 1 0 0 0 0 0 0 1
26 8 1 1 0 0 0 0 0 0 1 1 0 0 0 1 0 0 0 1 1 0 0 0 0 0 1 0
26 8 1 1 0 0 0 0 0 0 1 1 0 0 1 0 0 0 0 1 1 0 0 0 0 0 0 1
26 8 1 1 0 0 0 0 0 0 1 1 0 0 1 0 0 0 0 1 1 0 0 0 0 0 1 0
26 8 1 1 0 0 0 0 0 0 1 1 0 0 1 0 0 0 0 1 1 0 0 0 0 1 0 0
26 8 1 1 0 0 0 0 0 0 1 1 0 0 1 0 0 0 0 1 1 0 0 1 0 0 0 0
26 8 1 1 0 0 0 0 0 0 1 1 0 1 0 0 0 0 0 1 1 0 0 0 0 0 0 1
26 8 1 1 0 0 0 0 0 0 1 1 0 1 0 0 0 0 0 1 1 0 0 0 0 0 1 0
26 8 1 1 0 0 0 0 0 0 1 1 0 1 0 0 0 0 0 1 1 0 0 0 0 1 0 0
26 8 1 1 0 0 0 0 0 0 1 1 0 1 0 0 0 0 0 1 1 0 0 0 1 0 0 0
26 8 1 1 0 0 0 0 0 0 1 1 0 1 0 0 0 0 0 1 1 0 0 1 0 0 0 0
26 8 1 1 0 0 0 0 0 0 1 1 0 1 0 0 0 0 0 1 1 0 1 0 0 0 0 0
26 8 1 1 0 0 0 0 0 0 1 1 1 0 0 0 0 0 0 1 1 0 0 0 0 0 0 1
26 8 1 1 0 0 0 0 0 0 1 1 1 0 0 0 0 0 0 1 1 0 0 0 0 0 1 0
26 8 1 1 0 0 0 0 0 0 1 1 1 0 0 0 0 0 0 1 1 0 0 0 0 1 0 0
26 8 1 1 0 0 0 0 0 0 1 1 1 0 0 0 0 0 0 1 1 0 0 0 1 0 0 0
26 8 1 1 0 0 0 0 0 0 1 1 1 0 0 0 0 0 0 1 1 0 0 1 0 0 0 0
26 8 1 1 0 0 0 0 0 0 1 1 1 0 0 0 0 0 0 1 1 0 1 0 0 0 0 0
26 8 1 1 0 0 0 0 0 0 1 1 1 0 0 0 0 0 0 1 1 1 0 0 0 0 0 0
26 8 1 1 0 0 0 0 0 1 0 1 0 0 0 0 0 1 0 1 1 0 0 0 0 0 1 0
26 8 1 1 0 0 0 0 0 1 0 1 0 0 0 0 0 1 1 0 1 0 0 0 0 0 1 0
26 8 1 1 0 0 0 0 0 1 0 1 0 0 0 0 1 0 0 1 1 0 0 0 0 0 1 0
26 8 1 1 0 0 0 0 0 1 0 1 0 0 1 0 0 0 0 1 1 0 0 0 0 0 1 0
26 8 1 1 0 0 0 0 0 1 0 1 0 1 0 0 0 0 0 1 1 0 0 0 0 0 1 0
26 8 1 1 0 0 0 0 0 1 0 1 0 1 0 0 0 0 0 1 1 0 0 0 0 1 0 0
26 8 1 1 0 0 0 0 0 1 0 1 0 1 0 0 0 0 0 1 1 0 0 1 0 0 0 0
26 8 1 1 0 0 0 0 0 1 0 1 0 1 0 0 0 0 0 1 1 0 1 0 0 0 0 0
26 8 1 1 0 0 0 0 0 1 0 1 0 1 0 0 0 0 1 0 1 0 0 0 0 0 1 0
26 8 1 1 0 0 0 0 0 1 0 1 0 1 0 0 0 0 1 0 1 0 1 0 0 0 0 0
26 8 1 1 0 0 0 0 0 1 0 1 1 0 0 0 0 0 0 1 1 0 0 0 0 0 1 0
26 8 1 1 0 0 0 0 0 1 0 1 1 0 0 0 0 0 0 1 1 0 0 0 0 1 0 0
26 8 1 1 0 0 0 0 0 1 0 1 1 0 0 0 0 0 0 1 1 0 0 0 1 0 0 0
26 8 1 1 0 0 0 0 0 1 0 1 1 0 0 0 0 0 0 1 1 0 0 1 0 0 0 0
26 8 1 1 0 0 0 0 0 1 0 1 1 0 0 0 0 0 0 1 1 0 1 0 0 0 0 0
26 8 1 1 0 0 0 0 0 1 0 1 1 0 0 0 0 0 0 1 1 1 0 0 0 0 0 0
26 8 1 1 0 0 0 0 0 1 0 1 1 0 0 0 0 0 1 0 1 0 0 0 0 0 1 0
26 8 1 1 0 0 0 0 0 1 0 1 1 0 0 0 0 0 1 0 1 0 0 0 0 1 0 0
26 8 1 1 0 0 0 0 0 1 0 1 1 0 0 0 0 0 1 0 1 0 0 1 0 0 0 0
26 8 1 1 0 0 0 0 0 1 0 1 1 0 0 0 0 0 1 0 1 0 1 0 0 0 0 0
26 8 1 1 0 0 0 0 0 1 0 1 1 0 0 0 0 0 1 0 1 1 0 0 0 0 0 0
26 8 1 1 0 0 0 0 1 0 0 1 0 1 0 0 0 0 0 1 1 0 1 0 0 0 0 0
26 8 1 1 0 0 0 0 1 0 0 1 1 0 0 0 0 0 0 1 1 0 0 0 0 1 0 0
26 8 1 1 0 0 0 0 1 0 0 1 1 0 0 0 0 0 0 1 1 0 0 1 0 0 0 0
26 8 1 1 0 0 0 0 1 0 0 1 1 0 0 0 0 0 0 1 1 0 1 0 0 0 0 0
26 8 1 1 0 0 0 0 1 0 0 1 1 0 0 0 0 0 0 1 1 1 0 0 0 0 0 0
26 8 1 1 0 0 0 0 1 0 0 1 1 0 0 0 0 0 1 0 1 0 1 0 0 0 0 0
26 8 1 1 0 0 0 0 1 0 0 1 1 0 0 0 0 0 1 0 1 1 0 0 0 0 0 0
26 8 1 1 0 0 0 0 1 0 0 1 1 0 0 0 0 1 0 0 1 1 0 0 0 0 0 0
26 8 1 1 0 0 0 1 0 0 0 1 1 0 0 0 0 0 0 1 1 0 1 0 0 0 0 0
26 8 1 1 0 0 0 1 0 0 0 1 1 0 0 0 0 0 0 1 1 1 0 0 0 0 0 0
26 8 1 1 0 0 0 1 0 0 0 1 1 0 0 0 0 0 1 0 1 1 0 0 0 0 0 0
26 8 1 1 0 0 1 0 0 0 0 1 0 1 0 0 0 0 0 1 1 0 1 0 0 0 0 0
26 8 1 1 0 0 1 0 0 0 0 1 1 0 0 0 0 0 0 1 1 0 0 1 0 0 0 0
26 8 1 1 0 0 1 0 0 0 0 1 1 0 0 0 0 0 0 1 1 0 1 0 0 0 0 0
26 8 1 1 0 0 1 0 0 0 0 1 1 0 0 0 0 0 0 1 1 1 0 0 0 0 0 0
26 8 1 1 0 0 1 0 0 0 0 1 1 0 0 0 0 0 1 0 1 0 1 0 0 0 0 0
26 8 1 1 0 0 1 0 0 0 0 1 1 0 0 0 0 0 1 0 1 1 0 0 0 0 0 0
26 8 1 1 0 0 1 0 0 0 0 1 1 0 0 0 0 1 0 0 1 1 0 0 0 0 0 0
26 8 1 1 0 0 1 0 0 0 0 1 1 0 0 1 0 0 0 0 1 1 0 0 0 0 0 0
26 8 1 1 0 1 0 0 0 0 0 1 0 1 0 0 0 0 0 1 1 0 1 0 0 0 0 0
26 8 1 1 0 1 0 0 0 0 0 1 0 1 0 0 0 0 1 0 1 0 1 0 0 0 0 0
26 8 1 1 0 1 0 0 0 0 0 1 0 1 1 0 0 0 0 0 1 0 1 0 0 0 0 0
26 8 1 1 0 1 0 0 0 0 0 1 1 0 0 0 0 0 0 1 1 0 1 0 0 0 0 0
26 8 1 1 0 1 0 0 0 0 0 1 1 0 0 0 0 0 0 1 1 1 0 0 0 0 0 0
26 8 1 1 0 1 0 0 0 0 0 1 1 0 0 0 0 0 1 0 1 0 1 0 0 0 0 0
26 8 1 1 0 1 0 0 0 0 0 1 1 0 0 0 0 0 1 0 1 1 0 0 0 0 0 0
26 8 1 1 0 1 0 0 0 0 0 1 1 0 0 0 0 1 0 0 1 0 1 0 0 0 0 0
26 8 1 1 0 1 0 0 0 0 0 1 1 0 0 0 0 1 0 0 1 1 0 0 0 0 0 0
26 8 1 1 0 1 0 0 0 0 0 1 1 0 0 0 1 0 0 0 1 1 0 0 0 0 0 0
26 8 1 1 0 1 0 0 0 0 0 1 1 0 0 1 0 0 0 0 1 0 1 0 0 0 0 0
26 8 1 1 0 1 0 0 0 0 0 1 1 0 0 1 0 0 0 0 1 1 0 0 0 0 0 0
26 8 1 1 0 1 0 0 0 0 0 1 1 0 1 0 0 0 0 0 1 0 1 0 0 0 0 0
26 8 1 1 0 1 0 0 0 0 0 1 1 0 1 0 0 0 0 0 1 1 0 0 0 0 0 0
26 8 1 1 1 0 0 0 0 0 0 1 1 0 0 0 0 0 0 1 1 1 0 0 0 0 0 0
26 8 1 1 1 0 0 0 0 0 0 1 1 0 0 0 0 0 1 0 1 1 0 0 0 0 0 0
26 8 1 1 1 0 0 0 0 0 0 1 1 0 0 0 0 1 0 0 1 1 0 0 0 0 0 0
26 8 1 1 1 0 0 0 0 0 0 1 1 0 0 0 1 0 0 0 1 1 0 0 0 0 0 0
26 8 1 1 1 0 0 0 0 0 0 1 1 0 0 1 0 0 0 0 1 1 0 0 0 0 0 0
26 8 1 1 1 0 0 0 0 0 0 1 1 0 1 0 0 0 0 0 1 1 0 0 0 0 0 0
26 8 1 1 1 0 0 0 0 0 0 1 1 1 0 0 0 0 0 0 1 1 0 0 0 0 0 0
28 8 1 0 0 0 0 0 1 0 1 0 0 0 0 0 1 0 1 0 1 0 0 0 0 0 1 0 1 0
28 8 1 0 0 0 0 0 1 0 1 0 1 0 0 0 0 0 1 0 1 0 0 0 0 0 1 0 1 0
28 8 1 0 0 0 0 0 1 0 1 0 1 0 0 0 0 0 1 0 1 0 1 0 0 0 0 0 1 0
28 8 1 0 1 0 0 0 0 0 1 0 1 0 0 0 0 0 1 0 1 0 1 0 0 0 0 0 1 0
28 8 1 0 1 0 0 0 0 0 1 0 1 0 1 0 0 0 0 0 1 0 1 0 0 0 0 0 1 0
28 8 1 0 1 0 0 0 0 0 1 0 1 0 1 0 0 0 0 0 1 0 1 0 1 0 0 0 0 0
28 8 1 0 1 0 1 0 0 0 0 0 1 0 1 0 0 0 0 0 1 0 1 0 1 0 0 0 0 0
28 8 1 0 1 0 1 0 0 0 0 0 1 0 1 0 1 0 0 0 0 0 1 0 1 0 0 0 0 0
29 8 1 0 0 0 0 0 0 0 1 1 0 0 0 0 0 0 0 1 1 1 0 0 0 0 0 0 0 1 1
29 8 1 0 0 0 0 0 0 0 1 1 0 0 0 0 0 0 1 0 1 1 0 0 0 0 0 0 0 1 1
29 8 1 0 0 0 0 0 0 0 1 1 0 0 0 0 0 0 1 0 1 1 0 0 0 0 0 0 1 0 1
29 8 1 0 0 0 0 0 0 0 1 1 0 0 0 0 0 1 0 0 1 1 0 0 0 0 0 0 0 1 1
29 8 1 0 0 0 0 0 0 0 1 1 0 0 0 0 0 1 0 0 1 1 0 0 0 0 0 0 1 0 1
29 8 1 0 0 0 0 0 0 0 1 1 0 0 0 0 0 1 0 0 1 1 0 0 0 0 0 1 0 0 1
29 8 1 0 0 0 0 0 0 0 1 1 0 0 0 0 1 0 0 0 1 1 0 0 0 0 0 0 0 1 1
29 8 1 0 0 0 0 0 0 0 1 1 0 0 0 0 1 0 0 0 1 1 0 0 0 0 0 0 1 0 1
29 8 1 0 0 0 0 0 0 0 1 1 0 0 0 0 1 0 0 0 1 1 0 0 0 0 0 1 0 0 1
29 8 1 0 0 0 0 0 0 0 1 1 0 0 0 1 0 0 0 0 1 1 0 0 0 0 0 0 0 1 1
29 8 1 0 0 0 0 0 0 0 1 1 0 0 0 1 0 0 0 0 1 1 0 0 0 0 0 0 1 0 1
29 8 1 0 0 0 0 0 0 0 1 1 0 0 0 1 0 0 0 0 1 1 0 0 0 0 0 1 0 0 1
29 8 1 0 0 0 0 0 0 0 1 1 0 0 1 0 0 0 0 0 1 1 0 0 0 0 0 0 0 1 1
29 8 1 0 0 0 0 0 0 0 1 1 0 0 1 0 0 0 0 0 1 1 0 0 0 0 0 0 1 0 1
29 8 1 0 0 0 0 0 0 0 1 1 0 0 1 0 0 0 0 0 1 1 0 0 0 0 0 1 0 0 1
29 8 1 0 0 0 0 0 0 0 1 1 0 0 1 0 0 0 0 0 1 1 0 0 0 0 1 0 0 0 1
29 8 1 0 0 0 0 0 0 0 1 1 0 0 1 0 0 0 0 0 1 1 0 0 0 1 0 0 0 0 1
29 8 1 0 0 0 0 0 0 0 1 1 0 0 1 0 0 0 0 0 1 1 0 0 1 0 0 0 0 0 1
29 8 1 0 0 0 0 0 0 0 1 1 0 1 0 0 0 0 0 0 1 1 0 0 0 0 0 0 0 1 1
29 8 1 0 0 0 0 0 0 0 1 1 0 1 0 0 0 0 0 0 1 1 0 0 0 0 0 0 1 0 1
29 8 1 0 0 0 0 0 0 0 1 1 0 1 0 0 0 0 0 0 1 1 0 0 0 0 0 1 0 0 1
29 8 1 0 0 0 0 0 0 0 1 1 0 1 0 0 0 0 0 0 1 1 0 0 0 0 1 0 0 0 1
29 8 1 0 0 0 0 0 0 0 1 1 0 1 0 0 0 0 0 0 1 1 0 0 0 1 0 0 0 0 1
29 8 1 0 0 0 0 0 0 0 1 1 0 1 0 0 0 0 0 0 1 1 0 0 1 0 0 0 0 0 1
29 8 1 0 0 0 0 0 0 0 1 1 0 1 0 0 0 0 0 0 1 1 0 1 0 0 0 0 0 0 1
29 8 1 0 0 0 0 0 0 0 1 1 1 0 0 0 0 0 0 0 1 1 0 0 0 0 0 0 0 1 1
29 8 1 0 0 0 0 0 0 0 1 1 1 0 0 0 0 0 0 0 1 1 0 0 0 0 0 0 1 0 1
29 8 1 0 0 0 0 0 0 0 1 1 1 0 0 0 0 0 0 0 1 1 0 0 0 0 0 1 0 0 1
29 8 1 0 0 0 0 0 0 0 1 1 1 0 0 0 0 0 0 0 1 1 0 0 0 0 1 0 0 0 1
29 8 1 0 0 0 0 0 0 0 1 1 1 0 0 0 0 0 0 0 1 1 0 0 0 1 0 0 0 0 1
29 8 1 0 0 0 0 0 0 0 1 1 1 0 0 0 0 0 0 0 1 1 0 0 1 0 0 0 0 0 1
29 8 1 0 0 0 0 0 0 0 1 1 1 0 0 0 0 0 0 0 1 1 0 1 0 0 0 0 0 0 1
29 8 1 0 0 0 0 0 0 0 1 1 1 0 0 0 0 0 0 0 1 1 1 0 0 0 0 0 0 0 1
29 8 1 0 0 0 0 0 0 1 0 1 0 0 0 0 0 0 1 0 1 1 0 0 0 0 0 0 1 0 1
29 8 1 0 0 0 0 0 0 1 0 1 0 0 0 0 0 0 1 1 0 1 0 0 0 0 0 0 1 0 1
29 8 1 0 0 0 0 0 0 1 0 1 0 0 0 0 0 0 1 1 0 1 0 0 0 0 0 0 1 1 0
29 8 1 0 0 0 0 0 0 1 0 1 0 0 0 0 0 1 0 0 1 1 0 0 0 0 0 0 1 0 1
29 8 1 0 0 0 0 0 0 1 0 1 0 0 0 0 0 1 0 0 1 1 0 0 0 0 0 1 0 0 1
29 8 1 0 0 0 0 0 0 1 0 1 0 0 0 0 0 1 0 1 0 1 0 0 0 0 0 0 1 0 1
29 8 1 0 0 0 0 0 0 1 0 1 0 0 0 0 0 1 0 1 0 1 0 0 0 0 0 0 1 1 0
29 8 1 0 0 0 0 0 0 1 0 1 0 0 0 0 0 1 0 1 0 1 0 0 0 0 0 1 0 0 1
29 8 1 0 0 0 0 0 0 1 0 1 0 0 0 0 0 1 0 1 0 1 0 0 0 0 0 1 0 1 0
29 8 1 0 0 0 0 0 0 1 0 1 0 0 0 0 1 0 0 0 1 1 0 0 0 0 0 0 1 0 1
29 8 1 0 0 0 0 0 0 1 0 1 0 0 0 0 1 0 0 1 0 1 0 0 0 0 0 0 1 1 0
29 8 1 0 0 0 0 0 0 1 0 1 0 0 0 1 0 0 0 0 1 1 0 0 0 0 0 0 1 0 1
29 8 1 0 0 0 0 0 0 1 0 1 0 0 1 0 0 0 0 0 1 1 0 0 0 0 0 0 1 0 1
29 8 1 0 0 0 0 0 0 1 0 1 0 0 1 0 0 0 0 0 1 1 0 0 0 0 0 1 0 0 1
29 8 1 0 0 0 0 0 0 1 0 1 0 0 1 0 0 0 0 0 1 1 0 0 1 0 0 0 0 0 1
29 8 1 0 0 0 0 0 0 1 0 1 0 0 1 0 0 0 0 1 0 1 0 0 0 0 0 0 1 0 1
29 8 1 0 0 0 0 0 0 1 0 1 0 1 0 0 0 0 0 0 1 1 0 0 0 0 0 0 1 0 1
29 8 1 0 0 0 0 0 0 1 0 1 0 1 0 0 0 0 0 0 1 1 0 0 0 0 0 1 0 0 1
29 8 1 0 0 0 0 0 0 1 0 1 0 1 0 0 0 0 0 0 1 1 0 0 0 0 1 0 0 0 1
29 8 1 0 0 0 0 0 0 1 0 1 0 1 0 0 0 0 0 0 1 1 0 0 0 1 0 0 0 0 1
29 8 1 0 0 0 0 0 0 1 0 1 0 1 0 0 0 0 0 0 1 1 0 0 1 0 0 0 0 0 1
29 8 1 0 0 0 0 0 0 1 0 1 0 1 0 0 0 0 0 0 1 1 0 1 0 0 0 0 0 0 1
29 8 1 0 0 0 0 0 0 1 0 1 0 1 0 0 0 0 0 1 0 1 0 0 0 0 0 0 1 0 1
29 8 1 0 0 0 0 0 0 1 0 1 0 1 0 0 0 0 0 1 0 1 0 0 0 0 0 0 1 1 0
29 8 1 0 0 0 0 0 0 1 0 1 0 1 0 0 0 0 0 1 0 1 0 0 0 0 0 1 0 0 1
29 8 1 0 0 0 0 0 0 1 0 1 0 1 0 0 0 0 0 1 0 1 0 0 1 0 0 0 0 0 1
29 8 1 0 0 0 0 0 0 1 0 1 0 1 0 0 0 0 0 1 0 1 0 1 0 0 0 0 0 0 1
29 8 1 0 0 0 0 0 0 1 0 1 0 1 0 0 0 0 0 1 0 1 0 1 0 0 0 0 0 1 0
29 8 1 0 0 0 0 0 0 1 0 1 1 0 0 0 0 0 0 0 1 1 0 0 0 0 0 0 1 0 1
29 8 1 0 0 0 0 0 0 1 0 1 1 0 0 0 0 0 0 0 1 1 0 0 0 0 0 1 0 0 1
29 8 1 0 0 0 0 0 0 1 0 1 1 0 0 0 0 0 0 0 1 1 0 0 0 0 1 0 0 0 1
29 8 1 0 0 0 0 0 0 1 0 1 1 0 0 0 0 0 0 0 1 1 0 0 0 1 0 0 0 0 1
29 8 1 0 0 0 0 0 0 1 0 1 1 0 0 0 0 0 0 0 1 1 0 0 1 0 0 0 0 0 1
29 8 1 0 0 0 0 0 0 1 0 1 1 0 0 0 0 0 0 0 1 1 0 1 0 0 0 0 0 0 1
29 8 1 0 0 0 0 0 0 1 0 1 1 0 0 0 0 0 0 0 1 1 1 0 0 0 0 0 0 0 1
29 8 1 0 0 0 0 0 0 1 0 1 1 0 0 0 0 0 0 1 0 1 0 0 0 0 0 0 1 0 1
29 8 1 0 0 0 0 0 0 1 0 1 1 0 0 0 0 0 0 1 0 1 0 0 0 0 0 0 1 1 0
29 8 1 0 0 0 0 0 0 1 0 1 1 0 0 0 0 0 0 1 0 1 0 0 0 0 0 1 0 0 1
29 8 1 0 0 0 0 0 0 1 0 1 1 0 0 0 0 0 0 1 0 1 0 0 0 0 0 1 0 1 0
29 8 1 0 0 0 0 0 0 1 0 1 1 0 0 0 0 0 0 1 0 1 0 0 0 0 1 0 0 0 1
29 8 1 0 0 0 0 0 0 1 0 1 1 0 0 0 0 0 0 1 0 1 0 0 0 1 0 0 0 0 1
29 8 1 0 0 0 0 0 0 1 0 1 1 0 0 0 0 0 0 1 0 1 0 0 1 0 0 0 0 0 1
29 8 1 0 0 0 0 0 0 1 0 1 1 0 0 0 0 0 0 1 0 1 0 0 1 0 0 0 0 1 0
29 8 1 0 0 0 0 0 0 1 0 1 1 0 0 0 0 0 0 1 0 1 0 1 0 0 0 0 0 0 1
29 8 1 0 0 0 0 0 0 1 0 1 1 0 0 0 0 0 0 1 0 1 0 1 0 0 0 0 0 1 0
29 8 1 0 0 0 0 0 0 1 0 1 1 0 0 0 0 0 0 1 0 1 1 0 0 0 0 0 0 0 1
29 8 1 0 0 0 0 0 0 1 0 1 1 0 0 0 0 0 0 1 0 1 1 0 0 0 0 0 0 1 0
29 8 1 0 0 0 0 0 0 1 1 0 0 0 0 0 0 0 1 1 0 1 0 0 0 0 0 0 1 1 0
29 8 1 0 0 0 0 0 0 1 1 0 0 0 0 0 0 0 1 1 1 0 0 0 0 0 0 0 1 1 0
29 8 1 0 0 0 0 0 0 1 1 0 0 0 0 0 0 1 0 1 0 1 0 0 0 0 0 0 1 1 0
29 8 1 0 0 0 0 0 0 1 1 0 0 0 0 0 0 1 0 1 0 1 0 0 0 0 0 1 0 1 0
29 8 1 0 0 0 0 0 0 1 1 0 0 0 0 0 0 1 0 1 1 0 0 0 0 0 0 0 1 1 0
29 8 1 0 0 0 0 0 0 1 1 0 0 0 0 0 0 1 0 1 1 0 0 0 0 0 0 1 0 1 0
29 8 1 0 0 0 0 0 0 1 1 0 0 0 0 0 1 0 0 1 0 1 0 0 0 0 0 0 1 1 0
29 8 1 0 0 0 0 0 0 1 1 0 0 0 0 0 1 0 0 1 0 1 0 0 0 0 0 1 0 1 0
29 8 1 0 0 0 0 0 0 1 1 0 0 0 0 0 1 0 0 1 1 0 0 0 0 0 0 0 1 1 0
29 8 1 0 0 0 0 0 0 1 1 0 0 0 0 0 1 0 0 1 1 0 0 0 0 0 0 1 0 1 0
29 8 1 0 0 0 0 0 0 1 1 0 0 0 0 0 1 0 0 1 1 0 0 0 0 0 1 0 0 1 0
29 8 1 0 0 0 0 0 0 1 1 0 0 0 0 1 0 0 0 1 0 1 0 0 0 0 0 0 1 1 0
29 8 1 0 0 0 0 0 0 1 1 0 0 0 0 1 0 0 0 1 1 0 0 0 0 0 0 0 1 1 0
29 8 1 0 0 0 0 0 0 1 1 0 0 0 0 1 0 0 0 1 1 0 0 0 0 0 0 1 0 1 0
29 8 1 0 0 0 0 0 0 1 1 0 0 0 1 0 0 0 0 1 0 1 0 0 0 0 0 0 1 1 0
29 8 1 0 0 0 0 0 0 1 1 0 0 0 1 0 0 0 0 1 1 0 0 0 0 0 0 0 1 1 0
29 8 1 0 0 0 0 0 0 1 1 0 0 0 1 0 0 0 0 1 1 0 0 0 0 0 0 1 0 1 0
29 8 1 0 0 0 0 0 0 1 1 0 0 1 0 0 0 0 0 1 0 1 0 0 0 0 0 0 1 1 0
29 8 1 0 0 0 0 0 0 1 1 0 0 1 0 0 0 0 0 1 0 1 0 0 0 0 0 1 0 1 0
29 8 1 0 0 0 0 0 0 1 1 0 0 1 0 0 0 0 0 1 0 1 0 1 0 0 0 0 0 1 0
29 8 1 0 0 0 0 0 0 1 1 0 0 1 0 0 0 0 0 1 1 0 0 0 0 0 0 0 1 1 0
29 8 1 0 0 0 0 0 0 1 1 0 0 1 0 0 0 0 0 1 1 0 0 0 0 0 0 1 0 1 0
29 8 1 0 0 0 0 0 0 1 1 0 0 1 0 0 0 0 0 1 1 0 0 0 0 0 1 0 0 1 0
29 8 1 0 0 0 0 0 0 1 1 0 0 1 0 0 0 0 0 1 1 0 0 1 0 0 0 0 0 1 0
29 8 1 0 0 0 0 0 0 1 1 0 1 0 0 0 0 0 0 1 0 1 0 0 0 0 0 0 1 1 0
29 8 1 0 0 0 0 0 0 1 1 0 1 0 0 0 0 0 0 1 0 1 0 0 0 0 0 1 0 1 0
29 8 1 0 0 0 0 0 0 1 1 0 1 0 0 0 0 0 0 1 0 1 0 0 0 0 1 0 0 1 0
29 8 1 0 0 0 0 0 0 1 1 0 1 0 0 0 0 0 0 1 0 1 0 1 0 0 0 0 0 1 0
29 8 1 0 0 0 0 0 0 1 1 0 1 0 0 0 0 0 0 1 0 1 1 0 0 0 0 0 0 1 0
29 8 1 0 0 0 0 0 0 1 1 0 1 0 0 0 0 0 0 1 1 0 0 0 0 0 0 0 1 1 0
29 8 1 0 0 0 0 0 0 1 1 0 1 0 0 0 0 0 0 1 1 0 0 0 0 0 0 1 0 1 0
29 8 1 0 0 0 0 0 0 1 1 0 1 0 0 0 0 0 0 1 1 0 0 0 0 0 1 0 0 1 0
29 8 1 0 0 0 0 0 0 1 1 0 1 0 0 0 0 0 0 1 1 0 0 0 0 1 0 0 0 1 0
29 8 1 0 0 0 0 0 0 1 1 0 1 0 0 0 0 0 0 1 1 0 0 0 1 0 0 0 0 1 0
29 8 1 0 0 0 0 0 0 1 1 0 1 0 0 0 0 0 0 1 1 0 0 1 0 0 0 0 0 1 0
29 8 1 0 0 0 0 0 0 1 1 0 1 0 0 0 0 0 0 1 1 0 1 0 0 0 0 0 0 1 0
29 8 1 0 0 0 0 0 1 0 0 1 0 0 0 0 0 1 0 0 1 1 0 0 0 0 0 1 0 0 1
29 8 1 0 0 0 0 0 1 0 0 1 0 0 0 0 0 1 0 1 0 1 0 0 0 0 0 1 0 1 0
29 8 1 0 0 0 0 0 1 0 0 1 0 0 0 0 0 1 1 0 0 1 0 0 0 0 0 1 1 0 0
29 8 1 0 0 0 0 0 1 0 0 1 0 1 0 0 0 0 0 0 1 1 0 0 0 0 0 1 0 0 1
29 8 1 0 0 0 0 0 1 0 0 1 0 1 0 0 0 0 0 0 1 1 0 0 1 0 0 0 0 0 1
29 8 1 0 0 0 0 0 1 0 0 1 0 1 0 0 0 0 0 0 1 1 0 1 0 0 0 0 0 0 1
29 8 1 0 0 0 0 0 1 0 0 1 0 1 0 0 0 0 0 1 0 1 0 1 0 0 0 0 0 0 1
29 8 1 0 0 0 0 0 1 0 0 1 1 0 0 0 0 0 0 0 1 1 0 0 0 0 0 1 0 0 1
29 8 1 0 0 0 0 0 1 0 0 1 1 0 0 0 0 0 0 0 1 1 0 0 0 0 1 0 0 0 1
29 8 1 0 0 0 0 0 1 0 0 1 1 0 0 0 0 0 0 0 1 1 0 0 0 1 0 0 0 0 1
29 8 1 0 0 0 0 0 1 0 0 1 1 0 0 0 0 0 0 0 1 1 0 0 1 0 0 0 0 0 1
29 8 1 0 0 0 0 0 1 0 0 1 1 0 0 0 0 0 0 0 1 1 0 1 0 0 0 0 0 0 1
29 8 1 0 0 0 0 0 1 0 0 1 1 0 0 0 0 0 0 0 1 1 1 0 0 0 0 0 0 0 1
29 8 1 0 0 0 0 0 1 0 0 1 1 0 0 0 0 0 0 1 0 1 0 0 0 0 0 1 0 0 1
29 8 1 0 0 0 0 0 1 0 0 1 1 0 0 0 0 0 0 1 0 1 0 0 0 0 0 1 0 1 0
29 8 1 0 0 0 0 0 1 0 0 1 1 0 0 0 0 0 0 1 0 1 0 0 1 0 0 0 0 0 1
29 8 1 0 0 0 0 0 1 0 0 1 1 0 0 0 0 0 0 1 0 1 0 1 0 0 0 0 0 0 1
29 8 1 0 0 0 0 0 1 0 0 1 1 0 0 0 0 0 0 1 0 1 0 1 0 0 0 0 0 1 0
29 8 1 0 0 0 0 0 1 0 0 1 1 0 0 0 0 0 0 1 0 1 1 0 0 0 0 0 0 0 1
29 8 1 0 0 0 0 0 1 0 0 1 1 0 0 0 0 0 0 1 0 1 1 0 0 0 0 0 0 1 0
29 8 1 0 0 0 0 0 1 0 0 1 1 0 0 0 0 0 1 0 0 1 0 0 0 0 0 1 0 0 1
29 8 1 0 0 0 0 0 1 0 0 1 1 0 0 0 0 0 1 0 0 1 0 1 0 0 0 0 0 0 1
29 8 1 0 0 0 0 0 1 0 0 1 1 0 0 0 0 0 1 0 0 1 1 0 0 0 0 0 0 0 1
29 8 1 0 0 0 0 0 1 0 0 1 1 0 0 0 0 0 1 0 0 1 1 0 0 0 0 0 0 1 0
29 8 1 0 0 0 0 0 1 0 0 1 1 0 0 0 0 0 1 0 0 1 1 0 0 0 0 0 1 0 0
29 8 1 0 0 0 0 0 1 0 1 0 0 0 0 0 0 1 0 1 0 1 0 0 0 0 0 1 0 1 0
29 8 1 0 0 0 0 0 1 0 1 0 0 0 0 0 0 1 0 1 1 0 0 0 0 0 0 1 0 1 0
29 8 1 0 0 0 0 0 1 0 1 0 0 0 0 0 0 1 1 0 0 1 0 0 0 0 0 1 0 1 0
29 8 1 0 0 0 0 0 1 0 1 0 0 0 0 0 0 1 1 0 0 1 0 0 0 0 0 1 1 0 0
29 8 1 0 0 0 0 0 1 0 1 0 0 0 0 0 0 1 1 0 1 0 0 0 0 0 0 1 0 1 0
29 8 1 0 0 0 0 0 1 0 1 0 0 0 0 0 0 1 1 0 1 0 0 0 0 0 0 1 1 0 0
29 8 1 0 0 0 0 0 1 0 1 0 0 0 0 0 1 0 0 1 1 0 0 0 0 0 0 1 0 1 0
29 8 1 0 0 0 0 0 1 0 1 0 0 0 0 0 1 0 1 0 1 0 0 0 0 0 0 1 1 0 0
29 8 1 0 0 0 0 0 1 0 1 0 0 1 0 0 0 0 0 1 1 0 0 0 0 0 0 1 0 1 0
29 8 1 0 0 0 0 0 1 0 1 0 1 0 0 0 0 0 0 1 0 1 0 0 0 0 0 1 0 1 0
29 8 1 0 0 0 0 0 1 0 1 0 1 0 0 0 0 0 0 1 0 1 1 0 0 0 0 0 0 1 0
29 8 1 0 0 0 0 0 1 0 1 0 1 0 0 0 0 0 0 1 1 0 0 0 0 0 0 1 0 1 0
29 8 1 0 0 0 0 0 1 0 1 0 1 0 0 0 0 0 0 1 1 0 0 0 0 0 1 0 0 1 0
29 8 1 0 0 0 0 0 1 0 1 0 1 0 0 0 0 0 0 1 1 0 0 1 0 0 0 0 0 1 0
29 8 1 0 0 0 0 0 1 0 1 0 1 0 0 0 0 0 0 1 1 0 1 0 0 0 0 0 0 1 0
29 8 1 0 0 0 0 0 1 0 1 0 1 0 0 0 0 0 1 0 0 1 0 0 0 0 0 1 0 1 0
29 8 1 0 0 0 0 0 1 0 1 0 1 0 0 0 0 0 1 0 0 1 1 0 0 0 0 0 0 1 0
29 8 1 0 0 0 0 0 1 0 1 0 1 0 0 0 0 0 1 0 1 0 0 0 0 0 0 1 0 1 0
29 8 1 0 0 0 0 0 1 0 1 0 1 0 0 0 0 0 1 0 1 0 0 0 0 0 0 1 1 0 0
29 8 1 0 0 0 0 0 1 0 1 0 1 0 0 0 0 0 1 0 1 0 1 0 0 0 0 0 0 1 0
29 8 1 0 0 0 0 0 1 0 1 0 1 0 0 0 0 0 1 0 1 0 1 0 0 0 0 0 1 0 0
29 8 1 0 0 0 0 0 1 1 0 0 0 0 0 0 0 1 1 0 0 1 0 0 0 0 0 1 1 0 0
29 8 1 0 0 0 0 0 1 1 0 0 0 0 0 0 0 1 1 0 1 0 0 0 0 0 0 1 1 0 0
29 8 1 0 0 0 0 0 1 1 0 0 0 0 0 0 0 1 1 1 0 0 0 0 0 0 0 1 1 0 0
29 8 1 0 0 0 0 0 1 1 0 0 0 0 0 0 1 0 1 0 0 1 0 0 0 0 0 1 1 0 0
29 8 1 0 0 0 0 0 1 1 0 0 0 0 0 0 1 0 1 0 1 0 0 0 0 0 0 1 1 0 0
29 8 1 0 0 0 0 0 1 1 0 0 0 0 0 0 1 0 1 0 1 0 0 0 0 0 1 0 1 0 0
29 8 1 0 0 0 0 0 1 1 0 0 0 0 0 0 1 0 1 1 0 0 0 0 0 0 0 1 1 0 0
29 8 1 0 0 0 0 0 1 1 0 0 0 0 0 0 1 0 1 1 0 0 0 0 0 0 1 0 1 0 0
29 8 1 0 0 0 0 0 1 1 0 0 0 0 0 1 0 0 1 0 1 0 0 0 0 0 0 1 1 0 0
29 8 1 0 0 0 0 0 1 1 0 0 0 0 0 1 0 0 1 1 0 0 0 0 0 0 0 1 1 0 0
29 8 1 0 0 0 0 0 1 1 0 0 0 0 0 1 0 0 1 1 0 0 0 0 0 0 1 0 1 0 0
29 8 1 0 0 0 0 0 1 1 0 0 0 0 1 0 0 0 1 1 0 0 0 0 0 0 0 1 1 0 0
29 8 1 0 0 0 0 0 1 1 0 0 0 1 0 0 0 0 1 1 0 0 0 0 0 0 0 1 1 0 0
29 8 1 0 0 0 0 0 1 1 0 0 1 0 0 0 0 0 1 0 0 1 0 0 0 0 0 1 1 0 0
29 8 1 0 0 0 0 0 1 1 0 0 1 0 0 0 0 0 1 0 1 0 0 0 0 0 0 1 1 0 0
29 8 1 0 0 0 0 0 1 1 0 0 1 0 0 0 0 0 1 1 0 0 0 0 0 0 0 1 1 0 0
29 8 1 0 0 0 0 0 1 1 0 0 1 0 0 0 0 0 1 1 0 0 0 0 0 0 1 0 1 0 0
29 8 1 0 0 0 0 0 1 1 0 0 1 0 0 0 0 0 1 1 0 0 1 0 0 0 0 0 1 0 0
29 8 1 0 0 0 0 1 0 0 0 1 0 1 0 0 0 0 0 0 1 1 0 1 0 0 0 0 0 0 1
29 8 1 0 0 0 0 1 0 0 0 1 1 0 0 0 0 0 0 0 1 1 0 0 1 0 0 0 0 0 1
29 8 1 0 0 0 0 1 0 0 0 1 1 0 0 0 0 0 0 0 1 1 0 1 0 0 0 0 0 0 1
29 8 1 0 0 0 0 1 0 0 0 1 1 0 0 0 0 0 0 0 1 1 1 0 0 0 0 0 0 0 1
29 8 1 0 0 0 0 1 0 0 0 1 1 0 0 0 0 0 0 1 0 1 0 1 0 0 0 0 0 0 1
29 8 1 0 0 0 0 1 0 0 0 1 1 0 0 0 0 0 0 1 0 1 1 0 0 0 0 0 0 0 1
29 8 1 0 0 0 0 1 0 0 0 1 1 0 0 0 0 0 0 1 0 1 1 0 0 0 0 0 0 1 0
29 8 1 0 0 0 0 1 0 0 0 1 1 0 0 0 0 0 1 0 0 1 1 0 0 0 0 0 0 0 1
29 8 1 0 0 0 0 1 0 0 1 0 1 0 0 0 0 0 0 1 1 0 1 0 0 0 0 0 0 1 0
29 8 1 0 0 0 0 1 0 1 0 0 0 0 0 0 1 0 1 1 0 0 0 0 0 0 1 0 1 0 0
29 8 1 0 0 0 0 1 0 1 0 0 0 0 0 0 1 1 0 1 0 0 0 0 0 0 1 1 0 0 0
29 8 1 0 0 0 0 1 1 0 0 0 0 0 0 0 1 1 0 0 1 0 0 0 0 0 1 1 0 0 0
29 8 1 0 0 0 0 1 1 0 0 0 0 0 0 0 1 1 0 1 0 0 0 0 0 0 1 1 0 0 0
29 8 1 0 0 0 0 1 1 0 0 0 0 0 0 0 1 1 1 0 0 0 0 0 0 0 1 1 0 0 0
29 8 1 0 0 0 0 1 1 0 0 0 0 0 0 1 0 1 0 1 0 0 0 0 0 0 1 1 0 0 0
29 8 1 0 0 0 0 1 1 0 0 0 0 0 0 1 0 1 1 0 0 0 0 0 0 0 1 1 0 0 0
29 8 1 0 0 0 0 1 1 0 0 0 0 0 0 1 0 1 1 0 0 0 0 0 0 1 0 1 0 0 0
29 8 1 0 0 0 0 1 1 0 0 0 0 0 1 0 0 1 1 0 0 0 0 0 0 0 1 1 0 0 0
29 8 1 0 0 0 1 0 0 0 0 1 0 1 0 0 0 0 0 0 1 1 0 1 0 0 0 0 0 0 1
29 8 1 0 0 0 1 0 0 0 0 1 1 0 0 0 0 0 0 0 1 1 0 0 1 0 0 0 0 0 1
29 8 1 0 0 0 1 0 0 0 0 1 1 0 0 0 0 0 0 0 1 1 0 1 0 0 0 0 0 0 1
29 8 1 0 0 0 1 0 0 0 0 1 1 0 0 0 0 0 0 0 1 1 1 0 0 0 0 0 0 0 1
29 8 1 0 0 0 1 0 0 0 0 1 1 0 0 0 0 0 0 1 0 1 0 1 0 0 0 0 0 0 1
29 8 1 0 0 0 1 0 0 0 0 1 1 0 0 0 0 0 0 1 0 1 1 0 0 0 0 0 0 0 1
29 8 1 0 0 0 1 0 0 0 0 1 1 0 0 0 0 0 0 1 0 1 1 0 0 0 0 0 0 1 0
29 8 1 0 0 0 1 0 0 0 0 1 1 0 0 0 0 0 1 0 0 1 1 0 0 0 0 0 0 0 1
29 8 1 0 0 0 1 0 1 0 0 0 0 0 0 1 1 0 1 0 0 0 0 0 0 1 1 0 0 0 0
29 8 1 0 0 0 1 1 0 0 0 0 0 0 0 1 1 0 0 1 0 0 0 0 0 1 1 0 0 0 0
29 8 1 0 0 0 1 1 0 0 0 0 0 0 0 1 1 0 1 0 0 0 0 0 0 1 1 0 0 0 0
29 8 1 0 0 0 1 1 0 0 0 0 0 0 0 1 1 1 0 0 0 0 0 0 0 1 1 0 0 0 0
29 8 1 0 0 0 1 1 0 0 0 0 0 0 1 0 1 0 1 0 0 0 0 0 0 1 1 0 0 0 0
29 8 1 0 0 0 1 1 0 0 0 0 0 0 1 0 1 1 0 0 0 0 0 0 0 1 1 0 0 0 0
29 8 1 0 0 0 1 1 0 0 0 0 0 0 1 0 1 1 0 0 0 0 0 0 1 0 1 0 0 0 0
29 8 1 0 0 0 1 1 0 0 0 0 0 1 0 0 1 1 0 0 0 0 0 0 0 1 1 0 0 0 0
29 8 1 0 0 1 0 0 0 0 0 1 0 0 1 0 0 0 0 0 1 1 0 0 1 0 0 0 0 0 1
29 8 1 0 0 1 0 0 0 0 0 1 0 0 1 1 0 0 0 0 0 1 0 0 1 1 0 0 0 0 0
29 8 1 0 0 1 0 0 0 0 0 1 0 1 0 0 0 0 0 0 1 1 0 0 1 0 0 0 0 0 1
29 8 1 0 0 1 0 0 0 0 0 1 0 1 0 0 0 0 0 0 1 1 0 1 0 0 0 0 0 0 1
29 8 1 0 0 1 0 0 0 0 0 1 0 1 0 0 0 0 0 1 0 1 0 1 0 0 0 0 0 0 1
29 8 1 0 0 1 0 0 0 0 0 1 0 1 0 1 0 0 0 0 0 1 0 1 0 0 0 0 0 0 1
29 8 1 0 0 1 0 0 0 0 0 1 0 1 0 1 0 0 0 0 0 1 0 1 0 1 0 0 0 0 0
29 8 1 0 0 1 0 0 0 0 0 1 1 0 0 0 0 0 0 0 1 1 0 0 1 0 0 0 0 0 1
29 8 1 0 0 1 0 0 0 0 0 1 1 0 0 0 0 0 0 0 1 1 0 1 0 0 0 0 0 0 1
29 8 1 0 0 1 0 0 0 0 0 1 1 0 0 0 0 0 0 0 1 1 1 0 0 0 0 0 0 0 1
29 8 1 0 0 1 0 0 0 0 0 1 1 0 0 0 0 0 0 1 0 1 0 0 1 0 0 0 0 0 1
29 8 1 0 0 1 0 0 0 0 0 1 1 0 0 0 0 0 0 1 0 1 0 1 0 0 0 0 0 0 1
29 8 1 0 0 1 0 0 0 0 0 1 1 0 0 0 0 0 0 1 0 1 0 1 0 0 0 0 0 1 0
29 8 1 0 0 1 0 0 0 0 0 1 1 0 0 0 0 0 0 1 0 1 1 0 0 0 0 0 0 0 1
29 8 1 0 0 1 0 0 0 0 0 1 1 0 0 0 0 0 0 1 0 1 1 0 0 0 0 0 0 1 0
29 8 1 0 0 1 0 0 0 0 0 1 1 0 0 0 0 0 1 0 0 1 0 1 0 0 0 0 0 0 1
29 8 1 0 0 1 0 0 0 0 0 1 1 0 0 0 0 0 1 0 0 1 1 0 0 0 0 0 0 0 1
29 8 1 0 0 1 0 0 0 0 0 1 1 0 0 0 0 0 1 0 0 1 1 0 0 0 0 0 0 1 0
29 8 1 0 0 1 0 0 0 0 0 1 1 0 0 0 0 1 0 0 0 1 1 0 0 0 0 0 0 0 1
29 8 1 0 0 1 0 0 0 0 0 1 1 0 0 0 1 0 0 0 0 1 1 0 0 0 0 0 0 0 1
29 8 1 0 0 1 0 0 0 0 0 1 1 0 0 1 0 0 0 0 0 1 0 0 1 0 0 0 0 0 1
29 8 1 0 0 1 0 0 0 0 0 1 1 0 0 1 0 0 0 0 0 1 0 1 0 0 0 0 0 0 1
29 8 1 0 0 1 0 0 0 0 0 1 1 0 0 1 0 0 0 0 0 1 1 0 0 0 0 0 0 0 1
29 8 1 0 0 1 0 0 0 0 0 1 1 0 0 1 0 0 0 0 0 1 1 0 0 0 0 0 0 1 0
29 8 1 0 0 1 0 0 0 0 0 1 1 0 0 1 0 0 0 0 0 1 1 0 0 1 0 0 0 0 0
29 8 1 0 0 1 0 0 0 0 1 0 1 0 0 0 0 0 0 1 0 1 1 0 0 0 0 0 0 1 0
29 8 1 0 0 1 0 1 0 0 0 0 0 0 1 1 0 0 0 0 0 1 0 0 1 1 0 0 0 0 0
29 8 1 0 0 1 0 1 0 0 0 0 0 0 1 1 0 0 1 0 0 0 0 0 1 1 0 0 0 0 0
29 8 1 0 0 1 0 1 0 0 0 0 0 0 1 1 0 1 0 0 0 0 0 0 1 0 1 0 0 0 0
29 8 1 0 0 1 0 1 0 0 0 0 0 0 1 1 0 1 0 0 0 0 0 0 1 1 0 0 0 0 0
29 8 1 0 0 1 0 1 0 0 0 0 0 1 0 1 0 1 0 0 0 0 0 0 1 1 0 0 0 0 0
29 8 1 0 0 1 1 0 0 0 0 0 0 0 1 1 0 0 0 0 0 1 0 0 1 1 0 0 0 0 0
29 8 1 0 0 1 1 0 0 0 0 0 0 0 1 1 0 0 0 0 1 0 0 0 1 1 0 0 0 0 0
29 8 1 0 0 1 1 0 0 0 0 0 0 0 1 1 0 0 0 1 0 0 0 0 1 1 0 0 0 0 0
29 8 1 0 0 1 1 0 0 0 0 0 0 0 1 1 0 0 1 0 0 0 0 0 1 1 0 0 0 0 0
29 8 1 0 0 1 1 0 0 0 0 0 0 0 1 1 0 1 0 0 0 0 0 0 1 1 0 0 0 0 0
29 8 1 0 0 1 1 0 0 0 0 0 0 0 1 1 1 0 0 0 0 0 0 0 1 1 0 0 0 0 0
29 8 1 0 0 1 1 0 0 0 0 0 0 1 0 1 0 0 0 0 0 1 0 0 1 1 0 0 0 0 0
29 8 1 0 0 1 1 0 0 0 0 0 0 1 0 1 0 0 0 0 0 1 0 1 0 1 0 0 0 0 0
29 8 1 0 0 1 1 0 0 0 0 0 0 1 0 1 0 0 1 0 0 0 0 0 1 1 0 0 0 0 0
29 8 1 0 0 1 1 0 0 0 0 0 0 1 0 1 0 1 0 0 0 0 0 0 1 1 0 0 0 0 0
29 8 1 0 0 1 1 0 0 0 0 0 0 1 0 1 0 1 0 0 0 0 0 1 0 1 0 0 0 0 0
29 8 1 0 0 1 1 0 0 0 0 0 0 1 0 1 1 0 0 0 0 0 0 0 1 1 0 0 0 0 0
29 8 1 0 0 1 1 0 0 0 0 0 0 1 0 1 1 0 0 0 0 0 0 1 0 1 0 0 0 0 0
29 8 1 0 0 1 1 0 0 0 0 0 1 0 0 1 0 0 0 0 0 1 0 0 1 1 0 0 0 0 0
29 8 1 0 0 1 1 0 0 0 0 0 1 0 0 1 0 1 0 0 0 0 0 0 1 1 0 0 0 0 0
29 8 1 0 0 1 1 0 0 0 0 0 1 0 0 1 1 0 0 0 0 0 0 0 1 1 0 0 0 0 0
29 8 1 0 0 1 1 0 0 0 0 0 1 0 0 1 1 0 0 0 0 0 0 1 0 1 0 0 0 0 0
29 8 1 0 0 1 1 0 0 0 0 0 1 0 0 1 1 0 0 0 0 0 1 0 0 1 0 0 0 0 0
29 8 1 0 1 0 0 0 0 0 0 1 0 1 0 0 0 0 0 0 1 1 0 1 0 0 0 0 0 0 1
29 8 1 0 1 0 0 0 0 0 0 1 0 1 0 0 0 0 0 1 0 1 0 1 0 0 0 0 0 0 1
29 8 1 0 1 0 0 0 0 0 0 1 0 1 0 0 0 0 0 1 0 1 0 1 0 0 0 0 0 1 0
29 8 1 0 1 0 0 0 0 0 0 1 0 1 0 0 0 0 1 0 0 1 0 1 0 0 0 0 0 0 1
29 8 1 0 1 0 0 0 0 0 0 1 0 1 0 1 0 0 0 0 0 1 0 1 0 0 0 0 0 0 1
29 8 1 0 1 0 0 0 0 0 0 1 0 1 0 1 0 0 0 0 0 1 0 1 0 1 0 0 0 0 0
29 8 1 0 1 0 0 0 0 0 0 1 0 1 1 0 0 0 0 0 0 1 0 1 0 0 0 0 0 0 1
29 8 1 0 1 0 0 0 0 0 0 1 0 1 1 0 0 0 0 0 0 1 0 1 0 0 0 0 0 1 0
29 8 1 0 1 0 0 0 0 0 0 1 0 1 1 0 0 0 0 0 0 1 0 1 0 0 1 0 0 0 0
29 8 1 0 1 0 0 0 0 0 0 1 0 1 1 0 0 0 0 0 0 1 0 1 0 1 0 0 0 0 0
29 8 1 0 1 0 0 0 0 0 0 1 0 1 1 0 0 0 0 0 0 1 0 1 1 0 0 0 0 0 0
29 8 1 0 1 0 0 0 0 0 0 1 1 0 0 0 0 0 0 0 1 1 0 1 0 0 0 0 0 0 1
29 8 1 0 1 0 0 0 0 0 0 1 1 0 0 0 0 0 0 0 1 1 1 0 0 0 0 0 0 0 1
29 8 1 0 1 0 0 0 0 0 0 1 1 0 0 0 0 0 0 1 0 1 0 1 0 0 0 0 0 0 1
29 8 1 0 1 0 0 0 0 0 0 1 1 0 0 0 0 0 0 1 0 1 0 1 0 0 0 0 0 1 0
29 8 1 0 1 0 0 0 0 0 0 1 1 0 0 0 0 0 0 1 0 1 1 0 0 0 0 0 0 0 1
29 8 1 0 1 0 0 0 0 0 0 1 1 0 0 0 0 0 0 1 0 1 1 0 0 0 0 0 0 1 0
29 8 1 0 1 0 0 0 0 0 0 1 1 0 0 0 0 0 1 0 0 1 0 1 0 0 0 0 0 0 1
29 8 1 0 1 0 0 0 0 0 0 1 1 0 0 0 0 0 1 0 0 1 0 1 0 0 0 0 0 1 0
29 8 1 0 1 0 0 0 0 0 0 1 1 0 0 0 0 0 1 0 0 1 1 0 0 0 0 0 0 0 1
29 8 1 0 1 0 0 0 0 0 0 1 1 0 0 0 0 0 1 0 0 1 1 0 0 0 0 0 0 1 0
29 8 1 0 1 0 0 0 0 0 0 1 1 0 0 0 0 0 1 0 0 1 1 0 0 0 0 0 1 0 0
29 8 1 0 1 0 0 0 0 0 0 1 1 0 0 0 0 1 0 0 0 1 0 1 0 0 0 0 0 0 1
29 8 1 0 1 0 0 0 0 0 0 1 1 0 0 0 0 1 0 0 0 1 1 0 0 0 0 0 0 0 1
29 8 1 0 1 0 0 0 0 0 0 1 1 0 0 0 0 1 0 0 0 1 1 0 0 0 0 0 0 1 0
29 8 1 0 1 0 0 0 0 0 0 1 1 0 0 0 1 0 0 0 0 1 0 1 0 0 0 0 0 0 1
29 8 1 0 1 0 0 0 0 0 0 1 1 0 0 0 1 0 0 0 0 1 1 0 0 0 0 0 0 0 1
29 8 1 0 1 0 0 0 0 0 0 1 1 0 0 0 1 0 0 0 0 1 1 0 0 0 0 0 0 1 0
29 8 1 0 1 0 0 0 0 0 0 1 1 0 0 1 0 0 0 0 0 1 0 1 0 0 0 0 0 0 1
29 8 1 0 1 0 0 0 0 0 0 1 1 0 0 1 0 0 0 0 0 1 0 1 0 0 0 0 0 1 0
29 8 1 0 1 0 0 0 0 0 0 1 1 0 0 1 0 0 0 0 0 1 0 1 0 1 0 0 0 0 0
29 8 1 0 1 0 0 0 0 0 0 1 1 0 0 1 0 0 0 0 0 1 1 0 0 0 0 0 0 0 1
29 8 1 0 1 0 0 0 0 0 0 1 1 0 0 1 0 0 0 0 0 1 1 0 0 0 0 0 0 1 0
29 8 1 0 1 0 0 0 0 0 0 1 1 0 0 1 0 0 0 0 0 1 1 0 0 0 0 0 1 0 0
29 8 1 0 1 0 0 0 0 0 0 1 1 0 0 1 0 0 0 0 0 1 1 0 0 1 0 0 0 0 0
29 8 1 0 1 0 0 0 0 0 0 1 1 0 1 0 0 0 0 0 0 1 0 1 0 0 0 0 0 0 1
29 8 1 0 1 0 0 0 0 0 0 1 1 0 1 0 0 0 0 0 0 1 0 1 0 0 0 0 0 1 0
29 8 1 0 1 0 0 0 0 0 0 1 1 0 1 0 0 0 0 0 0 1 0 1 0 0 0 0 1 0 0
29 8 1 0 1 0 0 0 0 0 0 1 1 0 1 0 0 0 0 0 0 1 0 1 0 1 0 0 0 0 0
29 8 1 0 1 0 0 0 0 0 0 1 1 0 1 0 0 0 0 0 0 1 0 1 1 0 0 0 0 0 0
29 8 1 0 1 0 0 0 0 0 0 1 1 0 1 0 0 0 0 0 0 1 1 0 0 0 0 0 0 0 1
29 8 1 0 1 0 0 0 0 0 0 1 1 0 1 0 0 0 0 0 0 1 1 0 0 0 0 0 0 1 0
29 8 1 0 1 0 0 0 0 0 0 1 1 0 1 0 0 0 0 0 0 1 1 0 0 0 0 0 1 0 0
29 8 1 0 1 0 0 0 0 0 0 1 1 0 1 0 0 0 0 0 0 1 1 0 0 0 0 1 0 0 0
29 8 1 0 1 0 0 0 0 0 0 1 1 0 1 0 0 0 0 0 0 1 1 0 0 0 1 0 0 0 0
29 8 1 0 1 0 0 0 0 0 0 1 1 0 1 0 0 0 0 0 0 1 1 0 0 1 0 0 0 0 0
29 8 1 0 1 0 0 0 0 0 0 1 1 0 1 0 0 0 0 0 0 1 1 0 1 0 0 0 0 0 0
29 8 1 0 1 0 0 0 0 0 1 0 0 1 0 0 0 0 0 1 0 1 0 1 0 0 0 0 0 1 0
29 8 1 0 1 0 0 0 0 0 1 0 0 1 1 0 0 0 0 0 0 1 0 1 0 0 0 0 0 1 0
29 8 1 0 1 0 0 0 0 0 1 0 0 1 1 0 0 0 0 0 0 1 0 1 0 1 0 0 0 0 0
29 8 1 0 1 0 0 0 0 0 1 0 0 1 1 0 0 0 0 0 0 1 0 1 1 0 0 0 0 0 0
29 8 1 0 1 0 0 0 0 0 1 0 0 1 1 0 0 0 0 0 1 0 0 1 1 0 0 0 0 0 0
29 8 1 0 1 0 0 0 0 0 1 0 1 0 0 0 0 0 0 1 0 1 0 1 0 0 0 0 0 1 0
29 8 1 0 1 0 0 0 0 0 1 0 1 0 0 0 0 0 0 1 0 1 1 0 0 0 0 0 0 1 0
29 8 1 0 1 0 0 0 0 0 1 0 1 0 0 0 0 0 0 1 1 0 0 1 0 0 0 0 0 1 0
29 8 1 0 1 0 0 0 0 0 1 0 1 0 0 0 0 0 0 1 1 0 1 0 0 0 0 0 0 1 0
29 8 1 0 1 0 0 0 0 0 1 0 1 0 0 0 0 0 1 0 0 1 1 0 0 0 0 0 0 1 0
29 8 1 0 1 0 0 0 0 0 1 0 1 0 0 1 0 0 0 0 0 1 1 0 0 0 0 0 0 1 0
29 8 1 0 1 0 0 0 0 0 1 0 1 0 1 0 0 0 0 0 0 1 0 1 0 0 0 0 0 1 0
29 8 1 0 1 0 0 0 0 0 1 0 1 0 1 0 0 0 0 0 0 1 0 1 1 0 0 0 0 0 0
29 8 1 0 1 0 0 0 0 0 1 0 1 0 1 0 0 0 0 0 0 1 1 0 0 0 0 0 0 1 0
29 8 1 0 1 0 0 0 0 0 1 0 1 0 1 0 0 0 0 0 0 1 1 0 0 0 0 0 1 0 0
29 8 1 0 1 0 0 0 0 0 1 0 1 0 1 0 0 0 0 0 0 1 1 0 0 1 0 0 0 0 0
29 8 1 0 1 0 0 0 0 0 1 0 1 0 1 0 0 0 0 0 0 1 1 0 1 0 0 0 0 0 0
29 8 1 0 1 0 0 0 0 0 1 0 1 0 1 0 0 0 0 0 1 0 0 1 0 0 0 0 0 1 0
29 8 1 0 1 0 0 0 0 0 1 0 1 0 1 0 0 0 0 0 1 0 0 1 1 0 0 0 0 0 0
29 8 1 0 1 0 0 0 0 0 1 0 1 0 1 0 0 0 0 0 1 0 1 0 0 0 0 0 0 1 0
29 8 1 0 1 0 0 0 0 0 1 0 1 0 1 0 0 0 0 0 1 0 1 0 1 0 0 0 0 0 0
29 8 1 0 1 0 0 0 0 1 0 0 0 1 1 0 0 0 0 0 0 1 0 1 1 0 0 0 0 0 0
29 8 1 0 1 0 0 0 0 1 0 0 1 0 1 0 0 0 0 0 0 1 1 0 1 0 0 0 0 0 0
29 8 1 0 1 0 0 0 1 0 0 0 0 1 1 0 0 0 0 0 0 1 0 1 1 0 0 0 0 0 0
29 8 1 0 1 0 0 1 0 0 0 0 0 1 1 0 0 0 0 0 0 1 0 1 0 1 0 0 0 0 0
29 8 1 0 1 0 0 1 0 0 0 0 0 1 1 0 0 0 0 0 0 1 0 1 1 0 0 0 0 0 0
29 8 1 0 1 0 0 1 0 0 0 0 0 1 1 0 0 0 0 0 1 0 0 1 1 0 0 0 0 0 0
29 8 1 0 1 0 0 1 0 0 0 0 0 1 1 0 0 1 0 0 0 0 0 1 1 0 0 0 0 0 0
29 8 1 0 1 0 0 1 0 0 0 0 1 0 1 0 0 0 0 0 0 1 0 1 1 0 0 0 0 0 0
29 8 1 0 1 0 1 0 0 0 0 0 0 1 0 1 0 0 0 0 0 1 0 1 0 1 0 0 0 0 0
29 8 1 0 1 0 1 0 0 0 0 0 0 1 0 1 1 0 0 0 0 0 0 1 0 1 0 0 0 0 0
29 8 1 0 1 0 1 0 0 0 0 0 0 1 1 0 0 0 0 0 0 1 0 1 0 1 0 0 0 0 0
29 8 1 0 1 0 1 0 0 0 0 0 0 1 1 0 0 0 0 0 0 1 0 1 1 0 0 0 0 0 0
29 8 1 0 1 0 1 0 0 0 0 0 0 1 1 0 0 0 0 0 1 0 0 1 0 1 0 0 0 0 0
29 8 1 0 1 0 1 0 0 0 0 0 0 1 1 0 0 0 0 0 1 0 0 1 1 0 0 0 0 0 0
29 8 1 0 1 0 1 0 0 0 0 0 0 1 1 0 0 0 0 1 0 0 0 1 1 0 0 0 0 0 0
29 8 1 0 1 0 1 0 0 0 0 0 0 1 1 0 0 0 1 0 0 0 0 1 1 0 0 0 0 0 0
29 8 1 0 1 0 1 0 0 0 0 0 0 1 1 0 0 1 0 0 0 0 0 1 0 1 0 0 0 0 0
29 8 1 0 1 0 1 0 0 0 0 0 0 1 1 0 0 1 0 0 0 0 0 1 1 0 0 0 0 0 0
29 8 1 0 1 0 1 0 0 0 0 0 0 1 1 0 1 0 0 0 0 0 0 1 0 1 0 0 0 0 0
29 8 1 0 1 0 1 0 0 0 0 0 0 1 1 0 1 0 0 0 0 0 0 1 1 0 0 0 0 0 0
29 8 1 0 1 0 1 0 0 0 0 0 1 0 0 1 0 0 0 0 0 1 0 1 0 1 0 0 0 0 0
29 8 1 0 1 0 1 0 0 0 0 0 1 0 0 1 1 0 0 0 0 0 0 1 0 1 0 0 0 0 0
29 8 1 0 1 0 1 0 0 0 0 0 1 0 1 0 0 0 0 0 0 1 0 1 0 1 0 0 0 0 0
29 8 1 0 1 0 1 0 0 0 0 0 1 0 1 0 0 0 0 0 0 1 0 1 1 0 0 0 0 0 0
29 8 1 0 1 0 1 0 0 0 0 0 1 0 1 0 0 0 0 0 0 1 1 0 0 1 0 0 0 0 0
29 8 1 0 1 0 1 0 0 0 0 0 1 0 1 0 0 0 0 0 0 1 1 0 1 0 0 0 0 0 0
29 8 1 0 1 0 1 0 0 0 0 0 1 0 1 0 0 0 0 0 1 0 0 1 1 0 0 0 0 0 0
29 8 1 0 1 0 1 0 0 0 0 0 1 0 1 0 0 1 0 0 0 0 0 1 1 0 0 0 0 0 0
29 8 1 0 1 0 1 0 0 0 0 0 1 0 1 0 1 0 0 0 0 0 0 1 0 1 0 0 0 0 0
29 8 1 0 1 0 1 0 0 0 0 0 1 0 1 0 1 0 0 0 0 0 0 1 1 0 0 0 0 0 0
29 8 1 0 1 0 1 0 0 0 0 0 1 0 1 0 1 0 0 0 0 0 1 0 0 1 0 0 0 0 0
29 8 1 0 1 0 1 0 0 0 0 0 1 0 1 0 1 0 0 0 0 0 1 0 1 0 0 0 0 0 0
29 8 1 0 1 1 0 0 0 0 0 0 0 1 1 0 0 0 0 0 0 1 0 1 1 0 0 0 0 0 0
29 8 1 0 1 1 0 0 0 0 0 0 0 1 1 0 0 0 0 0 1 0 0 1 1 0 0 0 0 0 0
29 8 1 0 1 1 0 0 0 0 0 0 0 1 1 0 0 0 0 1 0 0 0 1 1 0 0 0 0 0 0
29 8 1 0 1 1 0 0 0 0 0 0 0 1 1 0 0 0 1 0 0 0 0 1 1 0 0 0 0 0 0
29 8 1 0 1 1 0 0 0 0 0 0 0 1 1 0 0 1 0 0 0 0 0 1 1 0 0 0 0 0 0
29 8 1 0 1 1 0 0 0 0 0 0 0 1 1 0 1 0 0 0 0 0 0 1 1 0 0 0 0 0 0
29 8 1 0 1 1 0 0 0 0 0 0 0 1 1 1 0 0 0 0 0 0 0 1 1 0 0 0 0 0 0
29 8 1 0 1 1 0 0 0 0 0 0 1 0 1 0 0 0 0 0 0 1 0 1 1 0 0 0 0 0 0
29 8 1 0 1 1 0 0 0 0 0 0 1 0 1 0 0 0 0 0 0 1 1 0 1 0 0 0 0 0 0
29 8 1 0 1 1 0 0 0 0 0 0 1 0 1 0 0 0 0 0 1 0 0 1 1 0 0 0 0 0 0
29 8 1 0 1 1 0 0 0 0 0 0 1 0 1 0 0 0 0 0 1 0 1 0 1 0 0 0 0 0 0
29 8 1 0 1 1 0 0 0 0 0 0 1 0 1 0 0 0 0 1 0 0 0 1 1 0 0 0 0 0 0
29 8 1 0 1 1 0 0 0 0 0 0 1 0 1 0 0 0 1 0 0 0 0 1 1 0 0 0 0 0 0
29 8 1 0 1 1 0 0 0 0 0 0 1 0 1 0 0 1 0 0 0 0 0 1 1 0 0 0 0 0 0
29 8 1 0 1 1 0 0 0 0 0 0 1 0 1 0 0 1 0 0 0 0 1 0 1 0 0 0 0 0 0
29 8 1 0 1 1 0 0 0 0 0 0 1 0 1 0 1 0 0 0 0 0 0 1 1 0 0 0 0 0 0
29 8 1 0 1 1 0 0 0 0 0 0 1 0 1 0 1 0 0 0 0 0 1 0 1 0 0 0 0 0 0
29 8 1 0 1 1 0 0 0 0 0 0 1 0 1 1 0 0 0 0 0 0 0 1 1 0 0 0 0 0 0
29 8 1 0 1 1 0 0 0 0 0 0 1 0 1 1 0 0 0 0 0 0 1 0 1 0 0 0 0 0 0
29 8 1 1 0 0 0 0 0 0 0 1 1 0 0 0 0 0 0 0 1 1 1 0 0 0 0 0 0 0 1
29 8 1 1 0 0 0 0 0 0 0 1 1 0 0 0 0 0 0 1 0 1 1 0 0 0 0 0 0 0 1
29 8 1 1 0 0 0 0 0 0 0 1 1 0 0 0 0 0 0 1 0 1 1 0 0 0 0 0 0 1 0
29 8 1 1 0 0 0 0 0 0 0 1 1 0 0 0 0 0 1 0 0 1 1 0 0 0 0 0 0 0 1
29 8 1 1 0 0 0 0 0 0 0 1 1 0 0 0 0 0 1 0 0 1 1 0 0 0 0 0 0 1 0
29 8 1 1 0 0 0 0 0 0 0 1 1 0 0 0 0 0 1 0 0 1 1 0 0 0 0 0 1 0 0
29 8 1 1 0 0 0 0 0 0 0 1 1 0 0 0 0 1 0 0 0 1 1 0 0 0 0 0 0 0 1
29 8 1 1 0 0 0 0 0 0 0 1 1 0 0 0 0 1 0 0 0 1 1 0 0 0 0 0 0 1 0
29 8 1 1 0 0 0 0 0 0 0 1 1 0 0 0 0 1 0 0 0 1 1 0 0 0 0 0 1 0 0
29 8 1 1 0 0 0 0 0 0 0 1 1 0 0 0 1 0 0 0 0 1 1 0 0 0 0 0 0 0 1
29 8 1 1 0 0 0 0 0 0 0 1 1 0 0 0 1 0 0 0 0 1 1 0 0 0 0 0 0 1 0
29 8 1 1 0 0 0 0 0 0 0 1 1 0 0 0 1 0 0 0 0 1 1 0 0 0 0 0 1 0 0
29 8 1 1 0 0 0 0 0 0 0 1 1 0 0 1 0 0 0 0 0 1 1 0 0 0 0 0 0 0 1
29 8 1 1 0 0 0 0 0 0 0 1 1 0 0 1 0 0 0 0 0 1 1 0 0 0 0 0 0 1 0
29 8 1 1 0 0 0 0 0 0 0 1 1 0 0 1 0 0 0 0 0 1 1 0 0 0 0 0 1 0 0
29 8 1 1 0 0 0 0 0 0 0 1 1 0 0 1 0 0 0 0 0 1 1 0 0 0 0 1 0 0 0
29 8 1 1 0 0 0 0 0 0 0 1 1 0 0 1 0 0 0 0 0 1 1 0 0 0 1 0 0 0 0
29 8 1 1 0 0 0 0 0 0 0 1 1 0 0 1 0 0 0 0 0 1 1 0 0 1 0 0 0 0 0
29 8 1 1 0 0 0 0 0 0 0 1 1 0 1 0 0 0 0 0 0 1 1 0 0 0 0 0 0 0 1
29 8 1 1 0 0 0 0 0 0 0 1 1 0 1 0 0 0 0 0 0 1 1 0 0 0 0 0 0 1 0
29 8 1 1 0 0 0 0 0 0 0 1 1 0 1 0 0 0 0 0 0 1 1 0 0 0 0 0 1 0 0
29 8 1 1 0 0 0 0 0 0 0 1 1 0 1 0 0 0 0 0 0 1 1 0 0 0 0 1 0 0 0
29 8 1 1 0 0 0 0 0 0 0 1 1 0 1 0 0 0 0 0 0 1 1 0 0 0 1 0 0 0 0
29 8 1 1 0 0 0 0 0 0 0 1 1 0 1 0 0 0 0 0 0 1 1 0 0 1 0 0 0 0 0
29 8 1 1 0 0 0 0 0 0 0 1 1 0 1 0 0 0 0 0 0 1 1 0 1 0 0 0 0 0 0
29 8 1 1 0 0 0 0 0 0 0 1 1 1 0 0 0 0 0 0 0 1 1 0 0 0 0 0 0 0 1
29 8 1 1 0 0 0 0 0 0 0 1 1 1 0 0 0 0 0 0 0 1 1 0 0 0 0 0 0 1 0
29 8 1 1 0 0 0 0 0 0 0 1 1 1 0 0 0 0 0 0 0 1 1 0 0 0 0 0 1 0 0
29 8 1 1 0 0 0 0 0 0 0 1 1 1 0 0 0 0 0 0 0 1 1 0 0 0 0 1 0 0 0
29 8 1 1 0 0 0 0 0 0 0 1 1 1 0 0 0 0 0 0 0 1 1 0 0 0 1 0 0 0 0
29 8 1 1 0 0 0 0 0 0 0 1 1 1 0 0 0 0 0 0 0 1 1 0 0 1 0 0 0 0 0
29 8 1 1 0 0 0 0 0 0 0 1 1 1 0 0 0 0 0 0 0 1 1 0 1 0 0 0 0 0 0
29 8 1 1 0 0 0 0 0 0 0 1 1 1 0 0 0 0 0 0 0 1 1 1 0 0 0 0 0 0 0
29 8 1 1 0 0 0 0 0 0 1 0 1 0 0 0 0 0 0 1 0 1 1 0 0 0 0 0 0 1 0
29 8 1 1 0 0 0 0 0 0 1 0 1 0 0 0 0 0 0 1 1 0 1 0 0 0 0 0 0 1 0
29 8 1 1 0 0 0 0 0 0 1 0 1 0 0 0 0 0 1 0 0 1 1 0 0 0 0 0 0 1 0
29 8 1 1 0 0 0 0 0 0 1 0 1 0 0 0 0 0 1 0 0 1 1 0 0 0 0 0 1 0 0
29 8 1 1 0 0 0 0 0 0 1 0 1 0 0 0 0 0 1 0 1 0 1 0 0 0 0 0 0 1 0
29 8 1 1 0 0 0 0 0 0 1 0 1 0 0 0 0 0 1 0 1 0 1 0 0 0 0 0 1 0 0
29 8 1 1 0 0 0 0 0 0 1 0 1 0 0 0 0 1 0 0 0 1 1 0 0 0 0 0 0 1 0
29 8 1 1 0 0 0 0 0 0 1 0 1 0 0 0 1 0 0 0 0 1 1 0 0 0 0 0 0 1 0
29 8 1 1 0 0 0 0 0 0 1 0 1 0 0 1 0 0 0 0 0 1 1 0 0 0 0 0 0 1 0
29 8 1 1 0 0 0 0 0 0 1 0 1 0 0 1 0 0 0 0 0 1 1 0 0 0 0 0 1 0 0
29 8 1 1 0 0 0 0 0 0 1 0 1 0 0 1 0 0 0 0 0 1 1 0 0 1 0 0 0 0 0
29 8 1 1 0 0 0 0 0 0 1 0 1 0 0 1 0 0 0 0 1 0 1 0 0 0 0 0 0 1 0
29 8 1 1 0 0 0 0 0 0 1 0 1 0 1 0 0 0 0 0 0 1 1 0 0 0 0 0 0 1 0
29 8 1 1 0 0 0 0 0 0 1 0 1 0 1 0 0 0 0 0 0 1 1 0 0 0 0 0 1 0 0
29 8 1 1 0 0 0 0 0 0 1 0 1 0 1 0 0 0 0 0 0 1 1 0 0 0 0 1 0 0 0
29 8 1 1 0 0 0 0 0 0 1 0 1 0 1 0 0 0 0 0 0 1 1 0 0 0 1 0 0 0 0
29 8 1 1 0 0 0 0 0 0 1 0 1 0 1 0 0 0 0 0 0 1 1 0 0 1 0 0 0 0 0
29 8 1 1 0 0 0 0 0 0 1 0 1 0 1 0 0 0 0 0 0 1 1 0 1 0 0 0 0 0 0
29 8 1 1 0 0 0 0 0 0 1 0 1 0 1 0 0 0 0 0 1 0 1 0 0 0 0 0 0 1 0
29 8 1 1 0 0 0 0 0 0 1 0 1 0 1 0 0 0 0 0 1 0 1 0 0 0 0 0 1 0 0
29 8 1 1 0 0 0 0 0 0 1 0 1 0 1 0 0 0 0 0 1 0 1 0 0 1 0 0 0 0 0
29 8 1 1 0 0 0 0 0 0 1 0 1 0 1 0 0 0 0 0 1 0 1 0 1 0 0 0 0 0 0
29 8 1 1 0 0 0 0 0 0 1 0 1 1 0 0 0 0 0 0 0 1 1 0 0 0 0 0 0 1 0
29 8 1 1 0 0 0 0 0 0 1 0 1 1 0 0 0 0 0 0 0 1 1 0 0 0 0 0 1 0 0
29 8 1 1 0 0 0 0 0 0 1 0 1 1 0 0 0 0 0 0 0 1 1 0 0 0 0 1 0 0 0
29 8 1 1 0 0 0 0 0 0 1 0 1 1 0 0 0 0 0 0 0 1 1 0 0 0 1 0 0 0 0
29 8 1 1 0 0 0 0 0 0 1 0 1 1 0 0 0 0 0 0 0 1 1 0 0 1 0 0 0 0 0
29 8 1 1 0 0 0 0 0 0 1 0 1 1 0 0 0 0 0 0 0 1 1 0 1 0 0 0 0 0 0
29 8 1 1 0 0 0 0 0 0 1 0 1 1 0 0 0 0 0 0 0 1 1 1 0 0 0 0 0 0 0
29 8 1 1 0 0 0 0 0 0 1 0 1 1 0 0 0 0 0 0 1 0 1 0 0 0 0 0 0 1 0
29 8 1 1 0 0 0 0 0 0 1 0 1 1 0 0 0 0 0 0 1 0 1 0 0 0 0 0 1 0 0
29 8 1 1 0 0 0 0 0 0 1 0 1 1 0 0 0 0 0 0 1 0 1 0 0 0 0 1 0 0 0
29 8 1 1 0 0 0 0 0 0 1 0 1 1 0 0 0 0 0 0 1 0 1 0 0 0 1 0 0 0 0
29 8 1 1 0 0 0 0 0 0 1 0 1 1 0 0 0 0 0 0 1 0 1 0 0 1 0 0 0 0 0
29 8 1 1 0 0 0 0 0 0 1 0 1 1 0 0 0 0 0 0 1 0 1 0 1 0 0 0 0 0 0
29 8 1 1 0 0 0 0 0 0 1 0 1 1 0 0 0 0 0 0 1 0 1 1 0 0 0 0 0 0 0
29 8 1 1 0 0 0 0 0 1 0 0 1 0 0 0 0 0 1 0 0 1 1 0 0 0 0 0 1 0 0
29 8 1 1 0 0 0 0 0 1 0 0 1 0 1 0 0 0 0 0 0 1 1 0 0 0 0 0 1 0 0
29 8 1 1 0 0 0 0 0 1 0 0 1 0 1 0 0 0 0 0 0 1 1 0 0 1 0 0 0 0 0
29 8 1 1 0 0 0 0 0 1 0 0 1 0 1 0 0 0 0 0 0 1 1 0 1 0 0 0 0 0 0
29 8 1 1 0 0 0 0 0 1 0 0 1 0 1 0 0 0 0 0 1 0 1 0 1 0 0 0 0 0 0
29 8 1 1 0 0 0 0 0 1 0 0 1 1 0 0 0 0 0 0 0 1 1 0 0 0 0 0 1 0 0
29 8 1 1 0 0 0 0 0 1 0 0 1 1 0 0 0 0 0 0 0 1 1 0 0 0 0 1 0 0 0
29 8 1 1 0 0 0 0 0 1 0 0 1 1 0 0 0 0 0 0 0 1 1 0 0 0 1 0 0 0 0
29 8 1 1 0 0 0 0 0 1 0 0 1 1 0 0 0 0 0 0 0 1 1 0 0 1 0 0 0 0 0
29 8 1 1 0 0 0 0 0 1 0 0 1 1 0 0 0 0 0 0 0 1 1 0 1 0 0 0 0 0 0
29 8 1 1 0 0 0 0 0 1 0 0 1 1 0 0 0 0 0 0 0 1 1 1 0 0 0 0 0 0 0
29 8 1 1 0 0 0 0 0 1 0 0 1 1 0 0 0 0 0 0 1 0 1 0 0 0 0 0 1 0 0
29 8 1 1 0 0 0 0 0 1 0 0 1 1 0 0 0 0 0 0 1 0 1 0 0 1 0 0 0 0 0
29 8 1 1 0 0 0 0 0 1 0 0 1 1 0 0 0 0 0 0 1 0 1 0 1 0 0 0 0 0 0
29 8 1 1 0 0 0 0 0 1 0 0 1 1 0 0 0 0 0 0 1 0 1 1 0 0 0 0 0 0 0
29 8 1 1 0 0 0 0 0 1 0 0 1 1 0 0 0 0 0 1 0 0 1 0 0 0 0 0 1 0 0
29 8 1 1 0 0 0 0 0 1 0 0 1 1 0 0 0 0 0 1 0 0 1 0 1 0 0 0 0 0 0
29 8 1 1 0 0 0 0 0 1 0 0 1 1 0 0 0 0 0 1 0 0 1 1 0 0 0 0 0 0 0
29 8 1 1 0 0 0 0 1 0 0 0 1 0 1 0 0 0 0 0 0 1 1 0 1 0 0 0 0 0 0
29 8 1 1 0 0 0 0 1 0 0 0 1 1 0 0 0 0 0 0 0 1 1 0 0 1 0 0 0 0 0
29 8 1 1 0 0 0 0 1 0 0 0 1 1 0 0 0 0 0 0 0 1 1 0 1 0 0 0 0 0 0
29 8 1 1 0 0 0 0 1 0 0 0 1 1 0 0 0 0 0 0 0 1 1 1 0 0 0 0 0 0 0
29 8 1 1 0 0 0 0 1 0 0 0 1 1 0 0 0 0 0 0 1 0 1 0 1 0 0 0 0 0 0
29 8 1 1 0 0 0 0 1 0 0 0 1 1 0 0 0 0 0 0 1 0 1 1 0 0 0 0 0 0 0
29 8 1 1 0 0 0 0 1 0 0 0 1 1 0 0 0 0 0 1 0 0 1 1 0 0 0 0 0 0 0
29 8 1 1 0 0 0 1 0 0 0 0 1 0 1 0 0 0 0 0 0 1 1 0 1 0 0 0 0 0 0
29 8 1 1 0 0 0 1 0 0 0 0 1 1 0 0 0 0 0 0 0 1 1 0 0 1 0 0 0 0 0
29 8 1 1 0 0 0 1 0 0 0 0 1 1 0 0 0 0 0 0 0 1 1 0 1 0 0 0 0 0 0
29 8 1 1 0 0 0 1 0 0 0 0 1 1 0 0 0 0 0 0 0 1 1 1 0 0 0 0 0 0 0
29 8 1 1 0 0 0 1 0 0 0 0 1 1 0 0 0 0 0 0 1 0 1 0 1 0 0 0 0 0 0
29 8 1 1 0 0 0 1 0 0 0 0 1 1 0 0 0 0 0 0 1 0 1 1 0 0 0 0 0 0 0
29 8 1 1 0 0 0 1 0 0 0 0 1 1 0 0 0 0 0 1 0 0 1 1 0 0 0 0 0 0 0
29 8 1 1 0 0 1 0 0 0 0 0 1 0 0 1 0 0 0 0 0 1 1 0 0 1 0 0 0 0 0
29 8 1 1 0 0 1 0 0 0 0 0 1 0 1 0 0 0 0 0 0 1 1 0 0 1 0 0 0 0 0
29 8 1 1 0 0 1 0 0 0 0 0 1 0 1 0 0 0 0 0 0 1 1 0 1 0 0 0 0 0 0
29 8 1 1 0 0 1 0 0 0 0 0 1 0 1 0 0 0 0 0 1 0 1 0 1 0 0 0 0 0 0
29 8 1 1 0 0 1 0 0 0 0 0 1 0 1 0 1 0 0 0 0 0 1 0 1 0 0 0 0 0 0
29 8 1 1 0 0 1 0 0 0 0 0 1 1 0 0 0 0 0 0 0 1 1 0 0 1 0 0 0 0 0
29 8 1 1 0 0 1 0 0 0 0 0 1 1 0 0 0 0 0 0 0 1 1 0 1 0 0 0 0 0 0
29 8 1 1 0 0 1 0 0 0 0 0 1 1 0 0 0 0 0 0 0 1 1 1 0 0 0 0 0 0 0
29 8 1 1 0 0 1 0 0 0 0 0 1 1 0 0 0 0 0 0 1 0 1 0 0 1 0 0 0 0 0
29 8 1 1 0 0 1 0 0 0 0 0 1 1 0 0 0 0 0 0 1 0 1 0 1 0 0 0 0 0 0
29 8 1 1 0 0 1 0 0 0 0 0 1 1 0 0 0 0 0 0 1 0 1 1 0 0 0 0 0 0 0
29 8 1 1 0 0 1 0 0 0 0 0 1 1 0 0 0 0 0 1 0 0 1 0 1 0 0 0 0 0 0
29 8 1 1 0 0 1 0 0 0 0 0 1 1 0 0 0 0 0 1 0 0 1 1 0 0 0 0 0 0 0
29 8 1 1 0 0 1 0 0 0 0 0 1 1 0 0 0 0 1 0 0 0 1 1 0 0 0 0 0 0 0
29 8 1 1 0 0 1 0 0 0 0 0 1 1 0 0 0 1 0 0 0 0 1 1 0 0 0 0 0 0 0
29 8 1 1 0 0 1 0 0 0 0 0 1 1 0 0 1 0 0 0 0 0 1 0 0 1 0 0 0 0 0
29 8 1 1 0 0 1 0 0 0 0 0 1 1 0 0 1 0 0 0 0 0 1 0 1 0 0 0 0 0 0
29 8 1 1 0 0 1 0 0 0 0 0 1 1 0 0 1 0 0 0 0 0 1 1 0 0 0 0 0 0 0
29 8 1 1 0 1 0 0 0 0 0 0 1 0 1 0 0 0 0 0 0 1 1 0 1 0 0 0 0 0 0
29 8 1 1 0 1 0 0 0 0 0 0 1 0 1 0 0 0 0 0 1 0 1 0 1 0 0 0 0 0 0
29 8 1 1 0 1 0 0 0 0 0 0 1 0 1 0 0 0 0 1 0 0 1 0 1 0 0 0 0 0 0
29 8 1 1 0 1 0 0 0 0 0 0 1 0 1 0 1 0 0 0 0 0 1 0 1 0 0 0 0 0 0
29 8 1 1 0 1 0 0 0 0 0 0 1 0 1 1 0 0 0 0 0 0 1 0 1 0 0 0 0 0 0
29 8 1 1 0 1 0 0 0 0 0 0 1 1 0 0 0 0 0 0 0 1 1 0 1 0 0 0 0 0 0
29 8 1 1 0 1 0 0 0 0 0 0 1 1 0 0 0 0 0 0 0 1 1 1 0 0 0 0 0 0 0
29 8 1 1 0 1 0 0 0 0 0 0 1 1 0 0 0 0 0 0 1 0 1 0 1 0 0 0 0 0 0
29 8 1 1 0 1 0 0 0 0 0 0 1 1 0 0 0 0 0 0 1 0 1 1 0 0 0 0 0 0 0
29 8 1 1 0 1 0 0 0 0 0 0 1 1 0 0 0 0 0 1 0 0 1 0 1 0 0 0 0 0 0
29 8 1 1 0 1 0 0 0 0 0 0 1 1 0 0 0 0 0 1 0 0 1 1 0 0 0 0 0 0 0
29 8 1 1 0 1 0 0 0 0 0 0 1 1 0 0 0 0 1 0 0 0 1 0 1 0 0 0 0 0 0
29 8 1 1 0 1 0 0 0 0 0 0 1 1 0 0 0 0 1 0 0 0 1 1 0 0 0 0 0 0 0
29 8 1 1 0 1 0 0 0 0 0 0 1 1 0 0 0 1 0 0 0 0 1 0 1 0 0 0 0 0 0
29 8 1 1 0 1 0 0 0 0 0 0 1 1 0 0 0 1 0 0 0 0 1 1 0 0 0 0 0 0 0
29 8 1 1 0 1 0 0 0 0 0 0 1 1 0 0 1 0 0 0 0 0 1 0 1 0 0 0 0 0 0
29 8 1 1 0 1 0 0 0 0 0 0 1 1 0 0 1 0 0 0 0 0 1 1 0 0 0 0 0 0 0
29 8 1 1 0 1 0 0 0 0 0 0 1 1 0 1 0 0 0 0 0 0 1 0 1 0 0 0 0 0 0
29 8 1 1 0 1 0 0 0 0 0 0 1 1 0 1 0 0 0 0 0 0 1 1 0 0 0 0 0 0 0
29 8 1 1 1 0 0 0 0 0 0 0 1 1 0 0 0 0 0 0 0 1 1 1 0 0 0 0 0 0 0
29 8 1 1 1 0 0 0 0 0 0 0 1 1 0 0 0 0 0 0 1 0 1 1 0 0 0 0 0 0 0
29 8 1 1 1 0 0 0 0 0 0 0 1 1 0 0 0 0 0 1 0 0 1 1 0 0 0 0 0 0 0
29 8 1 1 1 0 0 0 0 0 0 0 1 1 0 0 0 0 1 0 0 0 1 1 0 0 0 0 0 0 0
29 8 1 1 1 0 0 0 0 0 0 0 1 1 0 0 0 1 0 0 0 0 1 1 0 0 0 0 0 0 0
29 8 1 1 1 0 0 0 0 0 0 0 1 1 0 0 1 0 0 0 0 0 1 1 0 0 0 0 0 0 0
29 8 1 1 1 0 0 0 0 0 0 0 1 1 0 1 0 0 0 0 0 0 1 1 0 0 0 0 0 0 0
29 8 1 1 1 0 0 0 0 0 0 0 1 1 1 0 0 0 0 0 0 0 1 1 0 0 0 0 0 0 0
