NAME Ups_2 2 13 28
EDGES 0 2 0 3 0 7 0 10 1 3 1 4 1 7 1 10 2 4 2 8 2 11 3 8 3 11 4 9 4 12 5 6 5 7 5 8 5 9 6 10 6 11 6 12 7 11 7 12 8 10 8 12 9 10 9 11
ROLE 1 2 3 4 5 x y a b c u v w
AUT 8
0 1 2 3 4 5 6 7 8 9 10 11 12
0 1 2 3 4 6 5 10 11 12 7 8 9
3 2 1 0 4 5 6 8 7 9 11 10 12
3 2 1 0 4 6 5 11 10 12 8 7 9
5 12 9 6 4 0 3 7 10 2 8 11 1
5 12 9 6 4 3 0 8 11 1 7 10 2
6 9 12 5 4 0 3 10 7 2 11 8 1
6 9 12 5 4 3 0 11 8 1 10 7 2
WEIGHT 1 3 3 1 3 1 1 4 4 3 4 4 3
NAME Ups_2-y 2 12 24
EDGES 0 2 0 3 0 6 0 9 1 3 1 4 1 6 1 9 2 4 2 7 2 10 3 7 3 10 4 8 4 11 5 6 5 7 5 8 6 10 6 11 7 9 7 11 8 9 8 10
ROLE 1 2 3 4 5 x a b c u v w
AUT 4
0 1 2 3 4 5 6 7 8 9 10 11
0 10 9 3 8 11 6 7 4 2 1 5
3 2 1 0 4 5 7 6 8 10 9 11
3 9 10 0 8 11 7 6 4 1 2 5
WEIGHT 1 3 3 1 3 2 4 4 3 3 3 2
NAME Ups_2-2i 2 12 24
EDGES 0 2 0 6 0 9 1 3 1 6 1 9 2 3 2 7 2 10 3 8 3 11 4 5 4 6 4 7 4 8 5 9 5 10 5 11 6 10 6 11 7 9 7 11 8 9 8 10
ROLE 1 2 3 5 x y a b c u v w
AUT 4
0 1 2 3 4 5 6 7 8 9 10 11
0 1 2 3 5 4 9 10 11 6 7 8
1 0 3 2 4 5 6 8 7 9 11 10
1 0 3 2 5 4 9 11 10 6 8 7
WEIGHT 2 2 3 3 1 1 4 3 3 4 3 3
NAME Ups_2-y-2i 2 11 20
EDGES 0 2 0 5 0 8 1 3 1 5 1 8 2 3 2 6 2 9 3 7 3 10 4 5 4 6 4 7 5 9 5 10 6 8 6 10 7 8 7 9
ROLE 1 2 3 5 x a b c u v w
AUT 10
0 1 2 3 4 5 6 7 8 9 10
0 9 8 7 10 5 6 3 2 1 4
1 0 3 2 4 5 7 6 8 10 9
1 10 8 6 9 5 7 2 3 0 4
4 9 6 2 1 5 8 3 7 10 0
4 10 7 3 0 5 8 2 6 9 1
9 0 7 8 10 5 3 6 2 4 1
9 4 2 6 1 5 3 8 7 0 10
10 1 6 8 9 5 2 7 3 4 0
10 4 3 7 0 5 2 8 6 1 9
WEIGHT 2 2 3 3 2 4 3 3 3 2 2
NAME Ups_3 3 16 41
EDGES 0 3 0 4 0 5 0 10 0 13 1 4 1 5 1 6 1 10 1 13 2 5 2 6 2 7 2 10 2 13 3 6 3 7 3 11 3 14 4 7 4 11 4 14 5 11 5 14 6 12 6 15 7 12 7 15 8 9 8 10 8 11 8 12 9 13 9 14 9 15 10 14 10 15 11 13 11 15 12 13 12 14
ROLE 1 2 3 4 5 6 7 8 x y a b c u v w
AUT 4
0 1 2 3 4 5 6 7 8 9 10 11 12 13 14 15
0 1 2 3 4 5 6 7 9 8 13 14 15 10 11 12
5 4 3 2 1 0 7 6 8 9 11 10 12 14 13 15
5 4 3 2 1 0 7 6 9 8 14 13 15 11 10 12
WEIGHT 1 3 3 3 3 1 3 3 1 1 7 7 6 7 7 6
NAME Ups_3-y 3 15 37
EDGES 0 3 0 4 0 5 0 9 0 12 1 4 1 5 1 6 1 9 1 12 2 5 2 6 2 7 2 9 2 12 3 6 3 7 3 10 3 13 4 7 4 10 4 13 5 10 5 13 6 11 6 14 7 11 7 14 8 9 8 10 8 11 9 13 9 14 10 12 10 14 11 12 11 13
ROLE 1 2 3 4 5 6 7 8 x a b c u v w
AUT 2
0 1 2 3 4 5 6 7 8 9 10 11 12 13 14
5 4 3 2 1 0 7 6 8 10 9 11 13 12 14
WEIGHT 1 3 3 3 3 1 3 3 2 7 7 6 6 6 5
NAME Ups_3-2i 3 15 36
EDGES 0 3 0 4 0 9 0 12 1 4 1 5 1 9 1 12 2 5 2 6 2 9 2 12 3 5 3 6 3 10 3 13 4 6 4 10 4 13 5 11 5 14 6 11 6 14 7 8 7 9 7 10 7 11 8 12 8 13 8 14 9 13 9 14 10 12 10 14 11 12 11 13
ROLE 1 2 3 4 5 7 8 x y a b c u v w
AUT 4
0 1 2 3 4 5 6 7 8 9 10 11 12 13 14
0 1 2 3 4 5 6 8 7 12 13 14 9 10 11
2 1 0 6 5 4 3 7 8 9 11 10 12 14 13
2 1 0 6 5 4 3 8 7 12 14 13 9 11 10
WEIGHT 2 3 2 3 3 3 3 1 1 7 6 6 7 6 6
NAME Ups_3-y-2i 3 14 32
EDGES 0 3 0 4 0 8 0 11 1 4 1 5 1 8 1 11 2 5 2 6 2 8 2 11 3 5 3 6 3 9 3 12 4 6 4 9 4 12 5 10 5 13 6 10 6 13 7 8 7 9 7 10 8 12 8 13 9 11 9 13 10 11 10 12
ROLE 1 2 3 4 5 7 8 x a b c u v w
AUT 2
0 1 2 3 4 5 6 7 8 9 10 11 12 13
2 1 0 6 5 4 3 7 8 10 9 11 13 12
WEIGHT 2 3 2 3 3 3 3 2 7 6 6 6 5 5
NAME Ups_4 4 19 57
EDGES 0 4 0 5 0 6 0 7 0 13 0 16 1 5 1 6 1 7 1 8 1 13 1 16 2 6 2 7 2 8 2 9 2 13 2 16 3 7 3 8 3 9 3 10 3 13 3 16 4 8 4 9 4 10 4 14 4 17 5 9 5 10 5 14 5 17 6 10 6 14 6 17 7 14 7 17 8 15 8 18 9 15 9 18 10 15 10 18 11 12 11 13 11 14 11 15 12 16 12 17 12 18 13 17 13 18 14 16 14 18 15 16 15 17
ROLE 1 2 3 4 5 6 7 8 9 10 11 x y a b c u v w
AUT 4
0 1 2 3 4 5 6 7 8 9 10 11 12 13 14 15 16 17 18
0 1 2 3 4 5 6 7 8 9 10 12 11 16 17 18 13 14 15
7 6 5 4 3 2 1 0 10 9 8 11 12 14 13 15 17 16 18
7 6 5 4 3 2 1 0 10 9 8 12 11 17 16 18 14 13 15
WEIGHT 1 3 3 3 3 3 3 1 3 3 3 1 1 10 10 9 10 10 9
NAME Ups_4-y 4 18 53
EDGES 0 4 0 5 0 6 0 7 0 12 0 15 1 5 1 6 1 7 1 8 1 12 1 15 2 6 2 7 2 8 2 9 2 12 2 15 3 7 3 8 3 9 3 10 3 12 3 15 4 8 4 9 4 10 4 13 4 16 5 9 5 10 5 13 5 16 6 10 6 13 6 16 7 13 7 16 8 14 8 17 9 14 9 17 10 14 10 17 11 12 11 13 11 14 12 16 12 17 13 15 13 17 14 15 14 16
ROLE 1 2 3 4 5 6 7 8 9 10 11 x a b c u v w
AUT 2
0 1 2 3 4 5 6 7 8 9 10 11 12 13 14 15 16 17
7 6 5 4 3 2 1 0 10 9 8 11 13 12 14 16 15 17
WEIGHT 1 3 3 3 3 3 3 1 3 3 3 2 10 10 9 9 9 8
NAME Ups_4-2i 4 18 51
EDGES 0 4 0 5 0 6 0 12 0 15 1 5 1 6 1 7 1 12 1 15 2 6 2 7 2 8 2 12 2 15 3 7 3 8 3 9 3 12 3 15 4 7 4 8 4 9 4 13 4 16 5 8 5 9 5 13 5 16 6 9 6 13 6 16 7 14 7 17 8 14 8 17 9 14 9 17 10 11 10 12 10 13 10 14 11 15 11 16 11 17 12 16 12 17 13 15 13 17 14 15 14 16
ROLE 1 2 3 4 5 6 7 9 10 11 x y a b c u v w
AUT 4
0 1 2 3 4 5 6 7 8 9 10 11 12 13 14 15 16 17
0 1 2 3 4 5 6 7 8 9 11 10 15 16 17 12 13 14
3 2 1 0 9 8 7 6 5 4 10 11 12 14 13 15 17 16
3 2 1 0 9 8 7 6 5 4 11 10 15 17 16 12 14 13
WEIGHT 2 3 3 2 3 3 3 3 3 3 1 1 10 9 9 10 9 9
NAME Ups_4-y-2i 4 17 47
EDGES 0 4 0 5 0 6 0 11 0 14 1 5 1 6 1 7 1 11 1 14 2 6 2 7 2 8 2 11 2 14 3 7 3 8 3 9 3 11 3 14 4 7 4 8 4 9 4 12 4 15 5 8 5 9 5 12 5 15 6 9 6 12 6 15 7 13 7 16 8 13 8 16 9 13 9 16 10 11 10 12 10 13 11 15 11 16 12 14 12 16 13 14 13 15
ROLE 1 2 3 4 5 6 7 9 10 11 x a b c u v w
AUT 2
0 1 2 3 4 5 6 7 8 9 10 11 12 13 14 15 16
3 2 1 0 9 8 7 6 5 4 10 11 13 12 14 16 15
WEIGHT 2 3 3 2 3 3 3 3 3 3 2 10 9 9 9 8 8
NAME Ups_5 5 22 76
EDGES 0 5 0 6 0 7 0 8 0 9 0 16 0 19 1 6 1 7 1 8 1 9 1 10 1 16 1 19 2 7 2 8 2 9 2 10 2 11 2 16 2 19 3 8 3 9 3 10 3 11 3 12 3 16 3 19 4 9 4 10 4 11 4 12 4 13 4 16 4 19 5 10 5 11 5 12 5 13 5 17 5 20 6 11 6 12 6 13 6 17 6 20 7 12 7 13 7 17 7 20 8 13 8 17 8 20 9 17 9 20 10 18 10 21 11 18 11 21 12 18 12 21 13 18 13 21 14 15 14 16 14 17 14 18 15 19 15 20 15 21 16 20 16 21 17 19 17 21 18 19 18 20
ROLE 1 2 3 4 5 6 7 8 9 10 11 12 13 14 x y a b c u v w
AUT 4
0 1 2 3 4 5 6 7 8 9 10 11 12 13 14 15 16 17 18 19 20 21
0 1 2 3 4 5 6 7 8 9 10 11 12 13 15 14 19 20 21 16 17 18
9 8 7 6 5 4 3 2 1 0 13 12 11 10 14 15 17 16 18 20 19 21
9 8 7 6 5 4 3 2 1 0 13 12 11 10 15 14 20 19 21 17 16 18
WEIGHT 1 3 3 3 3 3 3 3 3 1 3 3 3 3 1 1 13 13 12 13 13 12
NAME Ups_5-y 5 21 72
EDGES 0 5 0 6 0 7 0 8 0 9 0 15 0 18 1 6 1 7 1 8 1 9 1 10 1 15 1 18 2 7 2 8 2 9 2 10 2 11 2 15 2 18 3 8 3 9 3 10 3 11 3 12 3 15 3 18 4 9 4 10 4 11 4 12 4 13 4 15 4 18 5 10 5 11 5 12 5 13 5 16 5 19 6 11 6 12 6 13 6 16 6 19 7 12 7 13 7 16 7 19 8 13 8 16 8 19 9 16 9 19 10 17 10 20 11 17 11 20 12 17 12 20 13 17 13 20 14 15 14 16 14 17 15 19 15 20 16 18 16 20 17 18 17 19
ROLE 1 2 3 4 5 6 7 8 9 10 11 12 13 14 x a b c u v w
AUT 2
0 1 2 3 4 5 6 7 8 9 10 11 12 13 14 15 16 17 18 19 20
9 8 7 6 5 4 3 2 1 0 13 12 11 10 14 16 15 17 19 18 20
WEIGHT 1 3 3 3 3 3 3 3 3 1 3 3 3 3 2 13 13 12 12 12 11
NAME Ups_5-2i 5 21 69
EDGES 0 5 0 6 0 7 0 8 0 15 0 18 1 6 1 7 1 8 1 9 1 15 1 18 2 7 2 8 2 9 2 10 2 15 2 18 3 8 3 9 3 10 3 11 3 15 3 18 4 9 4 10 4 11 4 12 4 15 4 18 5 9 5 10 5 11 5 12 5 16 5 19 6 10 6 11 6 12 6 16 6 19 7 11 7 12 7 16 7 19 8 12 8 16 8 19 9 17 9 20 10 17 10 20 11 17 11 20 12 17 12 20 13 14 13 15 13 16 13 17 14 18 14 19 14 20 15 19 15 20 16 18 16 20 17 18 17 19
ROLE 1 2 3 4 5 6 7 8 9 11 12 13 14 x y a b c u v w
AUT 4
0 1 2 3 4 5 6 7 8 9 10 11 12 13 14 15 16 17 18 19 20
0 1 2 3 4 5 6 7 8 9 10 11 12 14 13 18 19 20 15 16 17
4 3 2 1 0 12 11 10 9 8 7 6 5 13 14 15 17 16 18 20 19
4 3 2 1 0 12 11 10 9 8 7 6 5 14 13 18 20 19 15 17 16
WEIGHT 2 3 3 3 2 3 3 3 3 3 3 3 3 1 1 13 12 12 13 12 12
NAME Ups_5-y-2i 5 20 65
EDGES 0 5 0 6 0 7 0 8 0 14 0 17 1 6 1 7 1 8 1 9 1 14 1 17 2 7 2 8 2 9 2 10 2 14 2 17 3 8 3 9 3 10 3 11 3 14 3 17 4 9 4 10 4 11 4 12 4 14 4 17 5 9 5 10 5 11 5 12 5 15 5 18 6 10 6 11 6 12 6 15 6 18 7 11 7 12 7 15 7 18 8 12 8 15 8 18 9 16 9 19 10 16 10 19 11 16 11 19 12 16 12 19 13 14 13 15 13 16 14 18 14 19 15 17 15 19 16 17 16 18
ROLE 1 2 3 4 5 6 7 8 9 11 12 13 14 x a b c u v w
AUT 2
0 1 2 3 4 5 6 7 8 9 10 11 12 13 14 15 16 17 18 19
4 3 2 1 0 12 11 10 9 8 7 6 5 13 14 16 15 17 19 18
WEIGHT 2 3 3 3 2 3 3 3 3 3 3 3 3 2 13 12 12 12 11 11
NAME Ups_6 6 25 98
EDGES 0 6 0 7 0 8 0 9 0 10 0 11 0 19 0 22 1 7 1 8 1 9 1 10 1 11 1 12 1 19 1 22 2 8 2 9 2 10 2 11 2 12 2 13 2 19 2 22 3 9 3 10 3 11 3 12 3 13 3 14 3 19 3 22 4 10 4 11 4 12 4 13 4 14 4 15 4 19 4 22 5 11 5 12 5 13 5 14 5 15 5 16 5 19 5 22 6 12 6 13 6 14 6 15 6 16 6 20 6 23 7 13 7 14 7 15 7 16 7 20 7 23 8 14 8 15 8 16 8 20 8 23 9 15 9 16 9 20 9 23 10 16 10 20 10 23 11 20 11 23 12 21 12 24 13 21 13 24 14 21 14 24 15 21 15 24 16 21 16 24 17 18 17 19 17 20 17 21 18 22 18 23 18 24 19 23 19 24 20 22 20 24 21 22 21 23
ROLE 1 2 3 4 5 6 7 8 9 10 11 12 13 14 15 16 17 x y a b c u v w
AUT 4
0 1 2 3 4 5 6 7 8 9 10 11 12 13 14 15 16 17 18 19 20 21 22 23 24
0 1 2 3 4 5 6 7 8 9 10 11 12 13 14 15 16 18 17 22 23 24 19 20 21
11 10 9 8 7 6 5 4 3 2 1 0 16 15 14 13 12 17 18 20 19 21 23 22 24
11 10 9 8 7 6 5 4 3 2 1 0 16 15 14 13 12 18 17 23 22 24 20 19 21
WEIGHT 1 3 3 3 3 3 3 3 3 3 3 1 3 3 3 3 3 1 1 16 16 15 16 16 15
NAME Ups_6-y 6 24 94
EDGES 0 6 0 7 0 8 0 9 0 10 0 11 0 18 0 21 1 7 1 8 1 9 1 10 1 11 1 12 1 18 1 21 2 8 2 9 2 10 2 11 2 12 2 13 2 18 2 21 3 9 3 10 3 11 3 12 3 13 3 14 3 18 3 21 4 10 4 11 4 12 4 13 4 14 4 15 4 18 4 21 5 11 5 12 5 13 5 14 5 15 5 16 5 18 5 21 6 12 6 13 6 14 6 15 6 16 6 19 6 22 7 13 7 14 7 15 7 16 7 19 7 22 8 14 8 15 8 16 8 19 8 22 9 15 9 16 9 19 9 22 10 16 10 19 10 22 11 19 11 22 12 20 12 23 13 20 13 23 14 20 14 23 15 20 15 23 16 20 16 23 17 18 17 19 17 20 18 22 18 23 19 21 19 23 20 21 20 22
ROLE 1 2 3 4 5 6 7 8 9 10 11 12 13 14 15 16 17 x a b c u v w
AUT 2
0 1 2 3 4 5 6 7 8 9 10 11 12 13 14 15 16 17 18 19 20 21 22 23
11 10 9 8 7 6 5 4 3 2 1 0 16 15 14 13 12 17 19 18 20 22 21 23
WEIGHT 1 3 3 3 3 3 3 3 3 3 3 1 3 3 3 3 3 2 16 16 15 15 15 14
NAME Ups_6-2i 6 24 90
EDGES 0 6 0 7 0 8 0 9 0 10 0 18 0 21 1 7 1 8 1 9 1 10 1 11 1 18 1 21 2 8 2 9 2 10 2 11 2 12 2 18 2 21 3 9 3 10 3 11 3 12 3 13 3 18 3 21 4 10 4 11 4 12 4 13 4 14 4 18 4 21 5 11 5 12 5 13 5 14 5 15 5 18 5 21 6 11 6 12 6 13 6 14 6 15 6 19 6 22 7 12 7 13 7 14 7 15 7 19 7 22 8 13 8 14 8 15 8 19 8 22 9 14 9 15 9 19 9 22 10 15 10 19 10 22 11 20 11 23 12 20 12 23 13 20 13 23 14 20 14 23 15 20 15 23 16 17 16 18 16 19 16 20 17 21 17 22 17 23 18 22 18 23 19 21 19 23 20 21 20 22
ROLE 1 2 3 4 5 6 7 8 9 10 11 13 14 15 16 17 x y a b c u v w
AUT 4
0 1 2 3 4 5 6 7 8 9 10 11 12 13 14 15 16 17 18 19 20 21 22 23
0 1 2 3 4 5 6 7 8 9 10 11 12 13 14 15 17 16 21 22 23 18 19 20
5 4 3 2 1 0 15 14 13 12 11 10 9 8 7 6 16 17 18 20 19 21 23 22
5 4 3 2 1 0 15 14 13 12 11 10 9 8 7 6 17 16 21 23 22 18 20 19
WEIGHT 2 3 3 3 3 2 3 3 3 3 3 3 3 3 3 3 1 1 16 15 15 16 15 15
NAME Ups_6-y-2i 6 23 86
EDGES 0 6 0 7 0 8 0 9 0 10 0 17 0 20 1 7 1 8 1 9 1 10 1 11 1 17 1 20 2 8 2 9 2 10 2 11 2 12 2 17 2 20 3 9 3 10 3 11 3 12 3 13 3 17 3 20 4 10 4 11 4 12 4 13 4 14 4 17 4 20 5 11 5 12 5 13 5 14 5 15 5 17 5 20 6 11 6 12 6 13 6 14 6 15 6 18 6 21 7 12 7 13 7 14 7 15 7 18 7 21 8 13 8 14 8 15 8 18 8 21 9 14 9 15 9 18 9 21 10 15 10 18 10 21 11 19 11 22 12 19 12 22 13 19 13 22 14 19 14 22 15 19 15 22 16 17 16 18 16 19 17 21 17 22 18 20 18 22 19 20 19 21
ROLE 1 2 3 4 5 6 7 8 9 10 11 13 14 15 16 17 x a b c u v w
AUT 2
0 1 2 3 4 5 6 7 8 9 10 11 12 13 14 15 16 17 18 19 20 21 22
5 4 3 2 1 0 15 14 13 12 11 10 9 8 7 6 16 17 19 18 20 22 21
WEIGHT 2 3 3 3 3 2 3 3 3 3 3 3 3 3 3 3 2 16 15 15 15 14 14
NAME Ups_7 7 28 123
EDGES 0 7 0 8 0 9 0 10 0 11 0 12 0 13 0 22 0 25 1 8 1 9 1 10 1 11 1 12 1 13 1 14 1 22 1 25 2 9 2 10 2 11 2 12 2 13 2 14 2 15 2 22 2 25 3 10 3 11 3 12 3 13 3 14 3 15 3 16 3 22 3 25 4 11 4 12 4 13 4 14 4 15 4 16 4 17 4 22 4 25 5 12 5 13 5 14 5 15 5 16 5 17 5 18 5 22 5 25 6 13 6 14 6 15 6 16 6 17 6 18 6 19 6 22 6 25 7 14 7 15 7 16 7 17 7 18 7 19 7 23 7 26 8 15 8 16 8 17 8 18 8 19 8 23 8 26 9 16 9 17 9 18 9 19 9 23 9 26 10 17 10 18 10 19 10 23 10 26 11 18 11 19 11 23 11 26 12 19 12 23 12 26 13 23 13 26 14 24 14 27 15 24 15 27 16 24 16 27 17 24 17 27 18 24 18 27 19 24 19 27 20 21 20 22 20 23 20 24 21 25 21 26 21 27 22 26 22 27 23 25 23 27 24 25 24 26
ROLE 1 2 3 4 5 6 7 8 9 10 11 12 13 14 15 16 17 18 19 20 x y a b c u v w
AUT 4
0 1 2 3 4 5 6 7 8 9 10 11 12 13 14 15 16 17 18 19 20 21 22 23 24 25 26 27
0 1 2 3 4 5 6 7 8 9 10 11 12 13 14 15 16 17 18 19 21 20 25 26 27 22 23 24
13 12 11 10 9 8 7 6 5 4 3 2 1 0 19 18 17 16 15 14 20 21 23 22 24 26 25 27
13 12 11 10 9 8 7 6 5 4 3 2 1 0 19 18 17 16 15 14 21 20 26 25 27 23 22 24
WEIGHT 1 3 3 3 3 3 3 3 3 3 3 3 3 1 3 3 3 3 3 3 1 1 19 19 18 19 19 18
NAME Ups_7-y 7 27 119
EDGES 0 7 0 8 0 9 0 10 0 11 0 12 0 13 0 21 0 24 1 8 1 9 1 10 1 11 1 12 1 13 1 14 1 21 1 24 2 9 2 10 2 11 2 12 2 13 2 14 2 15 2 21 2 24 3 10 3 11 3 12 3 13 3 14 3 15 3 16 3 21 3 24 4 11 4 12 4 13 4 14 4 15 4 16 4 17 4 21 4 24 5 12 5 13 5 14 5 15 5 16 5 17 5 18 5 21 5 24 6 13 6 14 6 15 6 16 6 17 6 18 6 19 6 21 6 24 7 14 7 15 7 16 7 17 7 18 7 19 7 22 7 25 8 15 8 16 8 17 8 18 8 19 8 22 8 25 9 16 9 17 9 18 9 19 9 22 9 25 10 17 10 18 10 19 10 22 10 25 11 18 11 19 11 22 11 25 12 19 12 22 12 25 13 22 13 25 14 23 14 26 15 23 15 26 16 23 16 26 17 23 17 26 18 23 18 26 19 23 19 26 20 21 20 22 20 23 21 25 21 26 22 24 22 26 23 24 23 25
ROLE 1 2 3 4 5 6 7 8 9 10 11 12 13 14 15 16 17 18 19 20 x a b c u v w
AUT 2
0 1 2 3 4 5 6 7 8 9 10 11 12 13 14 15 16 17 18 19 20 21 22 23 24 25 26
13 12 11 10 9 8 7 6 5 4 3 2 1 0 19 18 17 16 15 14 20 22 21 23 25 24 26
WEIGHT 1 3 3 3 3 3 3 3 3 3 3 3 3 1 3 3 3 3 3 3 2 19 19 18 18 18 17
NAME Ups_7-2i 7 27 114
EDGES 0 7 0 8 0 9 0 10 0 11 0 12 0 21 0 24 1 8 1 9 1 10 1 11 1 12 1 13 1 21 1 24 2 9 2 10 2 11 2 12 2 13 2 14 2 21 2 24 3 10 3 11 3 12 3 13 3 14 3 15 3 21 3 24 4 11 4 12 4 13 4 14 4 15 4 16 4 21 4 24 5 12 5 13 5 14 5 15 5 16 5 17 5 21 5 24 6 13 6 14 6 15 6 16 6 17 6 18 6 21 6 24 7 13 7 14 7 15 7 16 7 17 7 18 7 22 7 25 8 14 8 15 8 16 8 17 8 18 8 22 8 25 9 15 9 16 9 17 9 18 9 22 9 25 10 16 10 17 10 18 10 22 10 25 11 17 11 18 11 22 11 25 12 18 12 22 12 25 13 23 13 26 14 23 14 26 15 23 15 26 16 23 16 26 17 23 17 26 18 23 18 26 19 20 19 21 19 22 19 23 20 24 20 25 20 26 21 25 21 26 22 24 22 26 23 24 23 25
ROLE 1 2 3 4 5 6 7 8 9 10 11 12 13 15 16 17 18 19 20 x y a b c u v w
AUT 4
0 1 2 3 4 5 6 7 8 9 10 11 12 13 14 15 16 17 18 19 20 21 22 23 24 25 26
0 1 2 3 4 5 6 7 8 9 10 11 12 13 14 15 16 17 18 20 19 24 25 26 21 22 23
6 5 4 3 2 1 0 18 17 16 15 14 13 12 11 10 9 8 7 19 20 21 23 22 24 26 25
6 5 4 3 2 1 0 18 17 16 15 14 13 12 11 10 9 8 7 20 19 24 26 25 21 23 22
WEIGHT 2 3 3 3 3 3 2 3 3 3 3 3 3 3 3 3 3 3 3 1 1 19 18 18 19 18 18
NAME Ups_7-y-2i 7 26 110
EDGES 0 7 0 8 0 9 0 10 0 11 0 12 0 20 0 23 1 8 1 9 1 10 1 11 1 12 1 13 1 20 1 23 2 9 2 10 2 11 2 12 2 13 2 14 2 20 2 23 3 10 3 11 3 12 3 13 3 14 3 15 3 20 3 23 4 11 4 12 4 13 4 14 4 15 4 16 4 20 4 23 5 12 5 13 5 14 5 15 5 16 5 17 5 20 5 23 6 13 6 14 6 15 6 16 6 17 6 18 6 20 6 23 7 13 7 14 7 15 7 16 7 17 7 18 7 21 7 24 8 14 8 15 8 16 8 17 8 18 8 21 8 24 9 15 9 16 9 17 9 18 9 21 9 24 10 16 10 17 10 18 10 21 10 24 11 17 11 18 11 21 11 24 12 18 12 21 12 24 13 22 13 25 14 22 14 25 15 22 15 25 16 22 16 25 17 22 17 25 18 22 18 25 19 20 19 21 19 22 20 24 20 25 21 23 21 25 22 23 22 24
ROLE 1 2 3 4 5 6 7 8 9 10 11 12 13 15 16 17 18 19 20 x a b c u v w
AUT 2
0 1 2 3 4 5 6 7 8 9 10 11 12 13 14 15 16 17 18 19 20 21 22 23 24 25
6 5 4 3 2 1 0 18 17 16 15 14 13 12 11 10 9 8 7 19 20 22 21 23 25 24
WEIGHT 2 3 3 3 3 3 2 3 3 3 3 3 3 3 3 3 3 3 3 2 19 18 18 18 17 17
NAME Ups_8 8 31 151
EDGES 0 8 0 9 0 10 0 11 0 12 0 13 0 14 0 15 0 25 0 28 1 9 1 10 1 11 1 12 1 13 1 14 1 15 1 16 1 25 1 28 2 10 2 11 2 12 2 13 2 14 2 15 2 16 2 17 2 25 2 28 3 11 3 12 3 13 3 14 3 15 3 16 3 17 3 18 3 25 3 28 4 12 4 13 4 14 4 15 4 16 4 17 4 18 4 19 4 25 4 28 5 13 5 14 5 15 5 16 5 17 5 18 5 19 5 20 5 25 5 28 6 14 6 15 6 16 6 17 6 18 6 19 6 20 6 21 6 25 6 28 7 15 7 16 7 17 7 18 7 19 7 20 7 21 7 22 7 25 7 28 8 16 8 17 8 18 8 19 8 20 8 21 8 22 8 26 8 29 9 17 9 18 9 19 9 20 9 21 9 22 9 26 9 29 10 18 10 19 10 20 10 21 10 22 10 26 10 29 11 19 11 20 11 21 11 22 11 26 11 29 12 20 12 21 12 22 12 26 12 29 13 21 13 22 13 26 13 29 14 22 14 26 14 29 15 26 15 29 16 27 16 30 17 27 17 30 18 27 18 30 19 27 19 30 20 27 20 30 21 27 21 30 22 27 22 30 23 24 23 25 23 26 23 27 24 28 24 29 24 30 25 29 25 30 26 28 26 30 27 28 27 29
ROLE 1 2 3 4 5 6 7 8 9 10 11 12 13 14 15 16 17 18 19 20 21 22 23 x y a b c u v w
AUT 4
0 1 2 3 4 5 6 7 8 9 10 11 12 13 14 15 16 17 18 19 20 21 22 23 24 25 26 27 28 29 30
0 1 2 3 4 5 6 7 8 9 10 11 12 13 14 15 16 17 18 19 20 21 22 24 23 28 29 30 25 26 27
15 14 13 12 11 10 9 8 7 6 5 4 3 2 1 0 22 21 20 19 18 17 16 23 24 26 25 27 29 28 30
15 14 13 12 11 10 9 8 7 6 5 4 3 2 1 0 22 21 20 19 18 17 16 24 23 29 28 30 26 25 27
WEIGHT 1 3 3 3 3 3 3 3 3 3 3 3 3 3 3 1 3 3 3 3 3 3 3 1 1 22 22 21 22 22 21
NAME Ups_8-y 8 30 147
EDGES 0 8 0 9 0 10 0 11 0 12 0 13 0 14 0 15 0 24 0 27 1 9 1 10 1 11 1 12 1 13 1 14 1 15 1 16 1 24 1 27 2 10 2 11 2 12 2 13 2 14 2 15 2 16 2 17 2 24 2 27 3 11 3 12 3 13 3 14 3 15 3 16 3 17 3 18 3 24 3 27 4 12 4 13 4 14 4 15 4 16 4 17 4 18 4 19 4 24 4 27 5 13 5 14 5 15 5 16 5 17 5 18 5 19 5 20 5 24 5 27 6 14 6 15 6 16 6 17 6 18 6 19 6 20 6 21 6 24 6 27 7 15 7 16 7 17 7 18 7 19 7 20 7 21 7 22 7 24 7 27 8 16 8 17 8 18 8 19 8 20 8 21 8 22 8 25 8 28 9 17 9 18 9 19 9 20 9 21 9 22 9 25 9 28 10 18 10 19 10 20 10 21 10 22 10 25 10 28 11 19 11 20 11 21 11 22 11 25 11 28 12 20 12 21 12 22 12 25 12 28 13 21 13 22 13 25 13 28 14 22 14 25 14 28 15 25 15 28 16 26 16 29 17 26 17 29 18 26 18 29 19 26 19 29 20 26 20 29 21 26 21 29 22 26 22 29 23 24 23 25 23 26 24 28 24 29 25 27 25 29 26 27 26 28
ROLE 1 2 3 4 5 6 7 8 9 10 11 12 13 14 15 16 17 18 19 20 21 22 23 x a b c u v w
AUT 2
0 1 2 3 4 5 6 7 8 9 10 11 12 13 14 15 16 17 18 19 20 21 22 23 24 25 26 27 28 29
15 14 13 12 11 10 9 8 7 6 5 4 3 2 1 0 22 21 20 19 18 17 16 23 25 24 26 28 27 29
WEIGHT 1 3 3 3 3 3 3 3 3 3 3 3 3 3 3 1 3 3 3 3 3 3 3 2 22 22 21 21 21 20
NAME Ups_8-2i 8 30 141
EDGES 0 8 0 9 0 10 0 11 0 12 0 13 0 14 0 24 0 27 1 9 1 10 1 11 1 12 1 13 1 14 1 15 1 24 1 27 2 10 2 11 2 12 2 13 2 14 2 15 2 16 2 24 2 27 3 11 3 12 3 13 3 14 3 15 3 16 3 17 3 24 3 27 4 12 4 13 4 14 4 15 4 16 4 17 4 18 4 24 4 27 5 13 5 14 5 15 5 16 5 17 5 18 5 19 5 24 5 27 6 14 6 15 6 16 6 17 6 18 6 19 6 20 6 24 6 27 7 15 7 16 7 17 7 18 7 19 7 20 7 21 7 24 7 27 8 15 8 16 8 17 8 18 8 19 8 20 8 21 8 25 8 28 9 16 9 17 9 18 9 19 9 20 9 21 9 25 9 28 10 17 10 18 10 19 10 20 10 21 10 25 10 28 11 18 11 19 11 20 11 21 11 25 11 28 12 19 12 20 12 21 12 25 12 28 13 20 13 21 13 25 13 28 14 21 14 25 14 28 15 26 15 29 16 26 16 29 17 26 17 29 18 26 18 29 19 26 19 29 20 26 20 29 21 26 21 29 22 23 22 24 22 25 22 26 23 27 23 28 23 29 24 28 24 29 25 27 25 29 26 27 26 28
ROLE 1 2 3 4 5 6 7 8 9 10 11 12 13 14 15 17 18 19 20 21 22 23 x y a b c u v w
AUT 4
0 1 2 3 4 5 6 7 8 9 10 11 12 13 14 15 16 17 18 19 20 21 22 23 24 25 26 27 28 29
0 1 2 3 4 5 6 7 8 9 10 11 12 13 14 15 16 17 18 19 20 21 23 22 27 28 29 24 25 26
7 6 5 4 3 2 1 0 21 20 19 18 17 16 15 14 13 12 11 10 9 8 22 23 24 26 25 27 29 28
7 6 5 4 3 2 1 0 21 20 19 18 17 16 15 14 13 12 11 10 9 8 23 22 27 29 28 24 26 25
WEIGHT 2 3 3 3 3 3 3 2 3 3 3 3 3 3 3 3 3 3 3 3 3 3 1 1 22 21 21 22 21 21
NAME Ups_8-y-2i 8 29 137
EDGES 0 8 0 9 0 10 0 11 0 12 0 13 0 14 0 23 0 26 1 9 1 10 1 11 1 12 1 13 1 14 1 15 1 23 1 26 2 10 2 11 2 12 2 13 2 14 2 15 2 16 2 23 2 26 3 11 3 12 3 13 3 14 3 15 3 16 3 17 3 23 3 26 4 12 4 13 4 14 4 15 4 16 4 17 4 18 4 23 4 26 5 13 5 14 5 15 5 16 5 17 5 18 5 19 5 23 5 26 6 14 6 15 6 16 6 17 6 18 6 19 6 20 6 23 6 26 7 15 7 16 7 17 7 18 7 19 7 20 7 21 7 23 7 26 8 15 8 16 8 17 8 18 8 19 8 20 8 21 8 24 8 27 9 16 9 17 9 18 9 19 9 20 9 21 9 24 9 27 10 17 10 18 10 19 10 20 10 21 10 24 10 27 11 18 11 19 11 20 11 21 11 24 11 27 12 19 12 20 12 21 12 24 12 27 13 20 13 21 13 24 13 27 14 21 14 24 14 27 15 25 15 28 16 25 16 28 17 25 17 28 18 25 18 28 19 25 19 28 20 25 20 28 21 25 21 28 22 23 22 24 22 25 23 27 23 28 24 26 24 28 25 26 25 27
ROLE 1 2 3 4 5 6 7 8 9 10 11 12 13 14 15 17 18 19 20 21 22 23 x a b c u v w
AUT 2
0 1 2 3 4 5 6 7 8 9 10 11 12 13 14 15 16 17 18 19 20 21 22 23 24 25 26 27 28
7 6 5 4 3 2 1 0 21 20 19 18 17 16 15 14 13 12 11 10 9 8 22 23 25 24 26 28 27
WEIGHT 2 3 3 3 3 3 3 2 3 3 3 3 3 3 3 3 3 3 3 3 3 3 2 22 21 21 21 20 20
