EQ 0 0 0 2 0 0 0 2 0 0 2 0 0 0 2 0 0 2
EQ 0 0 0 2 0 0 1 1 0 0 2 0 0 0 2 0 0 2
EQ 0 0 0 2 0 0 2 0 0 0 2 0 0 0 2 0 0 2
EQ 0 0 0 2 0 0 2 0 0 0 2 0 0 1 1 0 0 2
EQ 0 0 0 2 0 0 2 0 0 0 2 0 0 2 0 0 0 2
EQ 0 0 1 1 0 0 2 0 0 0 2 0 0 2 0 0 0 2
EQ 0 0 2 0 0 0 2 0 0 0 2 0 0 2 0 0 0 2
EQ 0 0 2 0 0 0 2 0 0 1 1 0 0 2 0 0 0 2
EQ 0 0 2 0 0 0 2 0 0 2 0 0 0 2 0 0 0 2
EQ 0 0 2 0 0 0 2 0 0 2 0 0 0 2 0 0 1 1
EQ 0 0 2 0 0 0 2 0 0 2 0 0 0 2 0 0 2 0
EQ 0 0 2 0 0 1 1 0 0 2 0 0 0 2 0 0 2 0
EQ 0 0 2 0 0 2 0 0 0 2 0 0 0 2 0 0 2 0
EQ 0 0 2 0 0 2 0 0 0 2 0 0 1 1 0 0 2 0
EQ 0 0 2 0 0 2 0 0 0 2 0 0 2 0 0 0 2 0
EQ 0 1 1 0 0 2 0 0 0 2 0 0 2 0 0 0 2 0
EQ 0 2 0 0 0 2 0 0 0 2 0 0 2 0 0 0 2 0
EQ 0 2 0 0 0 2 0 0 1 1 0 0 2 0 0 0 2 0
EQ 0 2 0 0 0 2 0 0 2 0 0 0 2 0 0 0 2 0
EQ 0 2 0 0 0 2 0 0 2 0 0 0 2 0 0 1 1 0
EQ 0 2 0 0 0 2 0 0 2 0 0 0 2 0 0 2 0 0
EQ 0 2 0 0 1 1 0 0 2 0 0 0 2 0 0 2 0 0
EQ 0 2 0 0 2 0 0 0 2 0 0 0 2 0 0 2 0 0
EQ 0 2 0 0 2 0 0 0 2 0 0 1 1 0 0 2 0 0
EQ 0 2 0 0 2 0 0 0 2 0 0 2 0 0 0 2 0 0
EQ 1 0 0 2 0 0 0 2 0 0 2 0 0 0 2 0 0 1
EQ 1 1 0 0 2 0 0 0 2 0 0 2 0 0 0 2 0 0
EQ 2 0 0 0 2 0 0 0 2 0 0 2 0 0 0 2 0 0
EQ 2 0 0 0 2 0 0 1 1 0 0 2 0 0 0 2 0 0
EQ 2 0 0 0 2 0 0 2 0 0 0 2 0 0 0 2 0 0
EQ 2 0 0 0 2 0 0 2 0 0 0 2 0 0 1 1 0 0
EQ 2 0 0 0 2 0 0 2 0 0 0 2 0 0 2 0 0 0
EQ 2 0 0 1 1 0 0 2 0 0 0 2 0 0 2 0 0 0
EQ 2 0 0 2 0 0 0 2 0 0 0 2 0 0 2 0 0 0
EQ 2 0 0 2 0 0 0 2 0 0 1 1 0 0 2 0 0 0
EQ 2 0 0 2 0 0 0 2 0 0 2 0 0 0 2 0 0 0
