EQ 0 0 3 0 0 3 3 0 0 3 3
EQ 0 0 3 0 1 2 3 0 0 3 3
EQ 0 0 3 0 2 1 3 0 0 3 3
EQ 0 0 3 0 3 0 3 0 0 3 3
EQ 0 0 3 0 3 0 3 0 1 2 3
EQ 0 0 3 0 3 0 3 0 2 1 3
EQ 0 0 3 0 3 0 3 0 3 0 3
EQ 0 0 3 1 0 2 3 0 0 3 3
EQ 0 0 3 1 1 1 3 0 0 3 3
EQ 0 0 3 1 2 0 3 0 0 3 3
EQ 0 0 3 1 2 0 3 0 1 2 3
EQ 0 0 3 1 2 0 3 0 2 1 3
EQ 0 0 3 1 2 0 3 0 3 0 3
EQ 0 0 3 2 0 1 3 0 0 3 3
EQ 0 0 3 2 1 0 3 0 0 3 3
EQ 0 0 3 2 1 0 3 0 1 2 3
EQ 0 0 3 2 1 0 3 0 2 1 3
EQ 0 0 3 2 1 0 3 0 3 0 3
EQ 0 0 3 3 0 0 3 0 0 3 3
EQ 0 0 3 3 0 0 3 0 1 2 3
EQ 0 0 3 3 0 0 3 0 2 1 3
EQ 0 0 3 3 0 0 3 0 3 0 3
EQ 0 0 3 3 0 0 3 1 0 2 3
EQ 0 0 3 3 0 0 3 1 1 1 3
EQ 0 0 3 3 0 0 3 1 2 0 3
EQ 0 0 3 3 0 0 3 2 0 1 3
EQ 0 0 3 3 0 0 3 2 1 0 3
EQ 0 0 3 3 0 0 3 3 0 0 3
EQ 0 1 2 0 3 0 3 0 3 0 3
EQ 0 1 2 1 2 0 3 0 3 0 3
EQ 0 1 2 2 1 0 3 0 3 0 3
EQ 0 1 2 3 0 0 3 0 3 0 3
EQ 0 1 2 3 0 0 3 1 2 0 3
EQ 0 1 2 3 0 0 3 2 1 0 3
EQ 0 1 2 3 0 0 3 3 0 0 3
EQ 0 1 3 0 0 3 3 0 0 3 2
EQ 0 2 1 0 3 0 3 0 3 0 3
EQ 0 2 1 1 2 0 3 0 3 0 3
EQ 0 2 1 2 1 0 3 0 3 0 3
EQ 0 2 1 3 0 0 3 0 3 0 3
EQ 0 2 1 3 0 0 3 1 2 0 3
EQ 0 2 1 3 0 0 3 2 1 0 3
EQ 0 2 1 3 0 0 3 3 0 0 3
EQ 0 2 3 0 0 3 3 0 0 3 1
EQ 0 3 0 0 3 0 3 0 3 0 3
EQ 0 3 0 0 3 1 2 0 3 0 3
EQ 0 3 0 0 3 2 1 0 3 0 3
EQ 0 3 0 0 3 3 0 0 3 0 3
EQ 0 3 0 0 3 3 0 0 3 1 2
EQ 0 3 0 0 3 3 0 0 3 2 1
EQ 0 3 0 0 3 3 0 0 3 3 0
EQ 0 3 0 1 2 0 3 0 3 0 3
EQ 0 3 0 1 2 1 2 0 3 0 3
EQ 0 3 0 1 2 2 1 0 3 0 3
EQ 0 3 0 1 2 3 0 0 3 0 3
EQ 0 3 0 1 2 3 0 0 3 1 2
EQ 0 3 0 1 2 3 0 0 3 2 1
EQ 0 3 0 1 2 3 0 0 3 3 0
EQ 0 3 0 2 1 0 3 0 3 0 3
EQ 0 3 0 2 1 1 2 0 3 0 3
EQ 0 3 0 2 1 2 1 0 3 0 3
EQ 0 3 0 2 1 3 0 0 3 0 3
EQ 0 3 0 2 1 3 0 0 3 1 2
EQ 0 3 0 2 1 3 0 0 3 2 1
EQ 0 3 0 2 1 3 0 0 3 3 0
EQ 0 3 0 3 0 0 3 0 3 0 3
EQ 0 3 0 3 0 0 3 1 2 0 3
EQ 0 3 0 3 0 0 3 2 1 0 3
EQ 0 3 0 3 0 0 3 3 0 0 3
EQ 0 3 0 3 0 1 2 0 3 0 3
EQ 0 3 0 3 0 1 2 1 2 0 3
EQ 0 3 0 3 0 1 2 2 1 0 3
EQ 0 3 0 3 0 1 2 3 0 0 3
EQ 0 3 0 3 0 2 1 0 3 0 3
EQ 0 3 0 3 0 2 1 1 2 0 3
EQ 0 3 0 3 0 2 1 2 1 0 3
EQ 0 3 0 3 0 2 1 3 0 0 3
EQ 0 3 0 3 0 3 0 0 3 0 3
EQ 0 3 0 3 0 3 0 0 3 1 2
EQ 0 3 0 3 0 3 0 0 3 2 1
EQ 0 3 0 3 0 3 0 0 3 3 0
EQ 0 3 0 3 0 3 0 1 2 0 3
EQ 0 3 0 3 0 3 0 1 2 1 2
EQ 0 3 0 3 0 3 0 1 2 2 1
EQ 0 3 0 3 0 3 0 1 2 3 0
EQ 0 3 0 3 0 3 0 2 1 0 3
EQ 0 3 0 3 0 3 0 2 1 1 2
EQ 0 3 0 3 0 3 0 2 1 2 1
EQ 0 3 0 3 0 3 0 2 1 3 0
EQ 0 3 0 3 0 3 0 3 0 0 3
EQ 0 3 0 3 0 3 0 3 0 1 2
EQ 0 3 0 3 0 3 0 3 0 2 1
EQ 0 3 0 3 0 3 0 3 0 3 0
EQ 0 3 1 0 2 3 0 0 3 3 0
EQ 0 3 1 1 1 3 0 0 3 3 0
EQ 0 3 1 2 0 3 0 0 3 3 0
EQ 0 3 1 2 0 3 0 1 2 3 0
EQ 0 3 1 2 0 3 0 2 1 3 0
EQ 0 3 1 2 0 3 0 3 0 3 0
EQ 0 3 2 0 1 3 0 0 3 3 0
EQ 0 3 2 1 0 3 0 0 3 3 0
EQ 0 3 2 1 0 3 0 1 2 3 0
EQ 0 3 2 1 0 3 0 2 1 3 0
EQ 0 3 2 1 0 3 0 3 0 3 0
EQ 0 3 3 0 0 3 0 0 3 3 0
EQ 0 3 3 0 0 3 0 1 2 3 0
EQ 0 3 3 0 0 3 0 2 1 3 0
EQ 0 3 3 0 0 3 0 3 0 3 0
EQ 0 3 3 0 0 3 1 0 2 3 0
EQ 0 3 3 0 0 3 1 1 1 3 0
EQ 0 3 3 0 0 3 1 2 0 3 0
EQ 0 3 3 0 0 3 2 0 1 3 0
EQ 0 3 3 0 0 3 2 1 0 3 0
EQ 0 3 3 0 0 3 3 0 0 3 0
EQ 1 0 2 3 0 0 3 3 0 0 3
EQ 1 0 3 0 0 3 3 0 0 3 2
EQ 1 0 3 0 1 2 3 0 0 3 2
EQ 1 0 3 0 2 1 3 0 0 3 2
EQ 1 0 3 0 3 0 3 0 0 3 2
EQ 1 0 3 0 3 0 3 0 1 2 2
EQ 1 0 3 0 3 0 3 0 2 1 2
EQ 1 0 3 0 3 0 3 0 3 0 2
EQ 1 1 1 3 0 0 3 3 0 0 3
EQ 1 1 2 0 3 0 3 0 3 0 2
EQ 1 1 3 0 0 3 3 0 0 3 1
EQ 1 2 0 3 0 0 3 3 0 0 3
EQ 1 2 0 3 0 1 2 3 0 0 3
EQ 1 2 0 3 0 2 1 3 0 0 3
EQ 1 2 0 3 0 3 0 3 0 0 3
EQ 1 2 0 3 0 3 0 3 0 1 2
EQ 1 2 0 3 0 3 0 3 0 2 1
EQ 1 2 0 3 0 3 0 3 0 3 0
EQ 1 2 1 0 3 0 3 0 3 0 2
EQ 1 2 1 2 0 3 0 3 0 3 0
EQ 1 2 2 1 0 3 0 3 0 3 0
EQ 1 2 3 0 0 3 0 3 0 3 0
EQ 1 2 3 0 0 3 1 2 0 3 0
EQ 1 2 3 0 0 3 2 1 0 3 0
EQ 1 2 3 0 0 3 3 0 0 3 0
EQ 1 3 0 0 3 0 3 0 3 0 2
EQ 1 3 0 0 3 1 2 0 3 0 2
EQ 1 3 0 0 3 2 1 0 3 0 2
EQ 1 3 0 0 3 3 0 0 3 0 2
EQ 1 3 0 0 3 3 0 0 3 1 1
EQ 1 3 0 0 3 3 0 0 3 2 0
EQ 2 0 1 3 0 0 3 3 0 0 3
EQ 2 0 3 0 0 3 3 0 0 3 1
EQ 2 0 3 0 1 2 3 0 0 3 1
EQ 2 0 3 0 2 1 3 0 0 3 1
EQ 2 0 3 0 3 0 3 0 0 3 1
EQ 2 0 3 0 3 0 3 0 1 2 1
EQ 2 0 3 0 3 0 3 0 2 1 1
EQ 2 0 3 0 3 0 3 0 3 0 1
EQ 2 1 0 3 0 0 3 3 0 0 3
EQ 2 1 0 3 0 1 2 3 0 0 3
EQ 2 1 0 3 0 2 1 3 0 0 3
EQ 2 1 0 3 0 3 0 3 0 0 3
EQ 2 1 0 3 0 3 0 3 0 1 2
EQ 2 1 0 3 0 3 0 3 0 2 1
EQ 2 1 0 3 0 3 0 3 0 3 0
EQ 2 1 1 2 0 3 0 3 0 3 0
EQ 2 1 2 0 3 0 3 0 3 0 1
EQ 2 1 2 1 0 3 0 3 0 3 0
EQ 2 1 3 0 0 3 0 3 0 3 0
EQ 2 1 3 0 0 3 1 2 0 3 0
EQ 2 1 3 0 0 3 2 1 0 3 0
EQ 2 1 3 0 0 3 3 0 0 3 0
EQ 2 2 1 0 3 0 3 0 3 0 1
EQ 2 3 0 0 3 0 3 0 3 0 1
EQ 2 3 0 0 3 1 2 0 3 0 1
EQ 2 3 0 0 3 2 1 0 3 0 1
EQ 2 3 0 0 3 3 0 0 3 0 1
EQ 2 3 0 0 3 3 0 0 3 1 0
EQ 3 0 0 3 0 0 3 3 0 0 3
EQ 3 0 0 3 0 1 2 3 0 0 3
EQ 3 0 0 3 0 2 1 3 0 0 3
EQ 3 0 0 3 0 3 0 3 0 0 3
EQ 3 0 0 3 0 3 0 3 0 1 2
EQ 3 0 0 3 0 3 0 3 0 2 1
EQ 3 0 0 3 0 3 0 3 0 3 0
EQ 3 0 0 3 1 0 2 3 0 0 3
EQ 3 0 0 3 1 1 1 3 0 0 3
EQ 3 0 0 3 1 2 0 3 0 0 3
EQ 3 0 0 3 1 2 0 3 0 1 2
EQ 3 0 0 3 1 2 0 3 0 2 1
EQ 3 0 0 3 1 2 0 3 0 3 0
EQ 3 0 0 3 2 0 1 3 0 0 3
EQ 3 0 0 3 2 1 0 3 0 0 3
EQ 3 0 0 3 2 1 0 3 0 1 2
EQ 3 0 0 3 2 1 0 3 0 2 1
EQ 3 0 0 3 2 1 0 3 0 3 0
EQ 3 0 0 3 3 0 0 3 0 0 3
EQ 3 0 0 3 3 0 0 3 0 1 2
EQ 3 0 0 3 3 0 0 3 0 2 1
EQ 3 0 0 3 3 0 0 3 0 3 0
EQ 3 0 0 3 3 0 0 3 1 0 2
EQ 3 0 0 3 3 0 0 3 1 1 1
EQ 3 0 0 3 3 0 0 3 1 2 0
EQ 3 0 0 3 3 0 0 3 2 0 1
EQ 3 0 0 3 3 0 0 3 2 1 0
EQ 3 0 0 3 3 0 0 3 3 0 0
EQ 3 0 1 2 0 3 0 3 0 3 0
EQ 3 0 1 2 1 2 0 3 0 3 0
EQ 3 0 1 2 2 1 0 3 0 3 0
EQ 3 0 1 2 3 0 0 3 0 3 0
EQ 3 0 1 2 3 0 0 3 1 2 0
EQ 3 0 1 2 3 0 0 3 2 1 0
EQ 3 0 1 2 3 0 0 3 3 0 0
EQ 3 0 2 1 0 3 0 3 0 3 0
EQ 3 0 2 1 1 2 0 3 0 3 0
EQ 3 0 2 1 2 1 0 3 0 3 0
EQ 3 0 2 1 3 0 0 3 0 3 0
EQ 3 0 2 1 3 0 0 3 1 2 0
EQ 3 0 2 1 3 0 0 3 2 1 0
EQ 3 0 2 1 3 0 0 3 3 0 0
EQ 3 0 3 0 0 3 0 3 0 3 0
EQ 3 0 3 0 0 3 1 2 0 3 0
EQ 3 0 3 0 0 3 2 1 0 3 0
EQ 3 0 3 0 0 3 3 0 0 3 0
EQ 3 0 3 0 1 2 0 3 0 3 0
EQ 3 0 3 0 1 2 1 2 0 3 0
EQ 3 0 3 0 1 2 2 1 0 3 0
EQ 3 0 3 0 1 2 3 0 0 3 0
EQ 3 0 3 0 2 1 0 3 0 3 0
EQ 3 0 3 0 2 1 1 2 0 3 0
EQ 3 0 3 0 2 1 2 1 0 3 0
EQ 3 0 3 0 2 1 3 0 0 3 0
EQ 3 0 3 0 3 0 0 3 0 3 0
EQ 3 0 3 0 3 0 0 3 1 2 0
EQ 3 0 3 0 3 0 0 3 2 1 0
EQ 3 0 3 0 3 0 0 3 3 0 0
EQ 3 0 3 0 3 0 1 2 0 3 0
EQ 3 0 3 0 3 0 1 2 1 2 0
EQ 3 0 3 0 3 0 1 2 2 1 0
EQ 3 0 3 0 3 0 1 2 3 0 0
EQ 3 0 3 0 3 0 2 1 0 3 0
EQ 3 0 3 0 3 0 2 1 1 2 0
EQ 3 0 3 0 3 0 2 1 2 1 0
EQ 3 0 3 0 3 0 2 1 3 0 0
EQ 3 0 3 0 3 0 3 0 0 3 0
EQ 3 0 3 0 3 0 3 0 1 2 0
EQ 3 0 3 0 3 0 3 0 2 1 0
EQ 3 0 3 0 3 0 3 0 3 0 0
EQ 3 1 0 2 3 0 0 3 3 0 0
EQ 3 1 1 1 3 0 0 3 3 0 0
EQ 3 1 2 0 3 0 0 3 3 0 0
EQ 3 1 2 0 3 0 1 2 3 0 0
EQ 3 1 2 0 3 0 2 1 3 0 0
EQ 3 1 2 0 3 0 3 0 3 0 0
EQ 3 2 0 1 3 0 0 3 3 0 0
EQ 3 2 1 0 3 0 0 3 3 0 0
EQ 3 2 1 0 3 0 1 2 3 0 0
EQ 3 2 1 0 3 0 2 1 3 0 0
EQ 3 2 1 0 3 0 3 0 3 0 0
EQ 3 3 0 0 3 0 0 3 3 0 0
EQ 3 3 0 0 3 0 1 2 3 0 0
EQ 3 3 0 0 3 0 2 1 3 0 0
EQ 3 3 0 0 3 0 3 0 3 0 0
EQ 3 3 0 0 3 1 0 2 3 0 0
EQ 3 3 0 0 3 1 1 1 3 0 0
EQ 3 3 0 0 3 1 2 0 3 0 0
EQ 3 3 0 0 3 2 0 1 3 0 0
EQ 3 3 0 0 3 2 1 0 3 0 0
EQ 3 3 0 0 3 3 0 0 3 0 0
