6 E?Bw
000001
000001
000001
000001
000001
111110
6 E?bo
000011
000001
000001
000001
100000
111100
6 E?qo
000011
000010
000001
000001
110000
101100
6 E?ro
000011
000011
000001
000001
110000
111100
6 E?ow
000010
000010
000001
000001
110001
001110
6 E?zO
000011
000011
000010
000001
111000
110100
6 E?zo
000011
000011
000011
000001
111000
111100
6 E?~o
000011
000011
000011
000011
111100
111100
6 ECR_
000101
000011
000001
100000
010000
111000
6 ECr_
000111
000011
000001
100000
110000
111000
6 ECpo
000110
000011
000001
100001
110000
011100
6 ECZ?
000101
000011
000010
100000
011000
110000
6 ECZ_
000101
000011
000011
100000
011000
111000
6 ECxo
000110
000011
000011
100001
111000
011100
6 EEr_
000111
000111
000001
110000
110000
111000
6 EEh_
000110
000101
000011
110000
101000
011000
6 EEj_
000111
000101
000011
110000
101000
111000
6 EEz_
000111
000111
000011
110000
111000
111000
6 EFz_
000111
000111
000111
111000
111000
111000
